# preliminary list of WIEN2K refference values
H       7.6832975       26.551  2.92
He	10.197465	4.76	6.051
Li	18.95684	15.016	3.356
Be	7.54461		131.843	3.324
B	6.987475	252.895	3.446
C	8.6040625	292.901	3.548
O	11.992605	95.487	4.238
N       17.79408625	93.137	3.767
F	11.4046	76.422	4.405
Ne	14.37264	8.971	7.115
Na	33.3506833333	9.11	3.728
Mg	21.62703	39.656	4.068
Al	15.80216	84.023	4.572
Si	19.694165	96.149	4.295
P       17.413915       93.185  4.188
S	16.14253	100.756	4.22
Cl      22.487295       48.151  4.634
Ar	30.12052	7.059	5.731
K	64.10736	4.49	3.803
Ca	37.9677		18.376	2.5
Sc	22.512135	61.808	3.327
Ti	16.10422	127.018	3.44
V	12.52283	212.539	4.161
Cr	10.844745	302.871	4.197
Mn	10.08019	331.797	4.304
Fe	10.40188	252.057	5.182
Co	10.019075	275.378	4.83
Ni	10.03019	255.467	5.101
Cu	10.88646	188.956	5.239
Zn	13.585225	105.257	5.305
Ga	18.3982225	66.887	5.098
Ge	22.249005	72.089	4.889
As	20.4035383333	85.01	4.129
Se      22.95205        75.443  4.398
Br      27.4312075      44.343  4.891
Kr	37.81368	6.895	7.003
Rb	77.44214	3.57	3.731
Sr	48.41982	14.459	3.557
Y	29.90262	44.004	2.952
Zr	21.797175	104.456	3.102
Nb	17.12656	189.259	3.49
Mo	15.06606	293.078	4.116
Tc	13.771495	342.375	4.366
Ru	13.091595	367.627	4.771
Rh	13.22394	318.147	4.998
Pd	14.14483	227.97	5.41
Ag	16.01608	139.062	5.408
Cd	20.09864	73.887	5.566
In	24.59726	49.729	4.834
Sn	33.905935	45.066	4.839
Sb	29.0528916667	62.519	4.561
Te	31.2521033333	58.938	4.394
I       36.857  	34.852  5.000
Xe	50.01611	6.29	6.595
Cs      95.54880        2.454   3.579
Ba	53.83326	10.049	2.148
Lu	26.01773	54.883	1.657
Hf	20.816555	121.277	4.136
Ta	17.18375	214.536	4.867
W	15.41295	333.969	4.128
Re	14.338265	403.115	4.342
Os	13.70305	447.652	4.737
Ir	13.84441	404.414	5.014
Pt	14.76542	307.463	5.339
Au	16.59561	193.493	5.327
Hg	22.24735	61.069	7.676
Tl	27.34356	41.332	1.21
Pb	29.04856	51.985	5.314
Bi	33.508835	54.101	4.992
Po	35.148		55.636	4.831
Rn      54.89737        6.613   3.613

