# 
# Energy units: hartree
# Length units: bohr
#
# -----------------------------------
# |       r       |       w(r)      |
# -----------------------------------
   3.74165729E-05    7.65726477E-13
   3.83598792E-05    8.25112824E-13
   3.93269671E-05    8.89104911E-13
   4.03184362E-05    9.58059941E-13
   4.13349012E-05    1.03236282E-12
   4.23769921E-05    1.11242829E-12
   4.34453551E-05    1.19870329E-12
   4.45406526E-05    1.29166940E-12
   4.56635635E-05    1.39184555E-12
   4.68147840E-05    1.49979091E-12
   4.79950279E-05    1.61610803E-12
   4.92050268E-05    1.74144620E-12
   5.04455309E-05    1.87650503E-12
   5.17173092E-05    2.02203843E-12
   5.30211502E-05    2.17885876E-12
   5.43578623E-05    2.34784137E-12
   5.57282741E-05    2.52992952E-12
   5.71332353E-05    2.72613963E-12
   5.85736168E-05    2.93756691E-12
   6.00503117E-05    3.16539156E-12
   6.15642354E-05    3.41088528E-12
   6.31163265E-05    3.67541840E-12
   6.47075473E-05    3.96046754E-12
   6.63388842E-05    4.26762382E-12
   6.80113486E-05    4.59860177E-12
   6.97259774E-05    4.95524891E-12
   7.14838335E-05    5.33955602E-12
   7.32860069E-05    5.75366828E-12
   7.51336146E-05    6.19989725E-12
   7.70278023E-05    6.68073376E-12
   7.89697442E-05    7.19886181E-12
   8.09606443E-05    7.75717357E-12
   8.30017367E-05    8.35878552E-12
   8.50942870E-05    9.00705582E-12
   8.72395924E-05    9.70560308E-12
   8.94389830E-05    1.04583266E-11
   9.16938222E-05    1.12694279E-11
   9.40055079E-05    1.21434347E-11
   9.63754734E-05    1.30852256E-11
   9.88051880E-05    1.41000576E-11
   1.01296158E-04    1.51935955E-11
   1.03849927E-04    1.63719433E-11
   1.06468080E-04    1.76416786E-11
   1.09152238E-04    1.90098889E-11
   1.11904067E-04    2.04842114E-11
   1.14725271E-04    2.20728759E-11
   1.17617601E-04    2.37847502E-11
   1.20582849E-04    2.56293898E-11
   1.23622854E-04    2.76170915E-11
   1.26739500E-04    2.97589505E-11
   1.29934720E-04    3.20669226E-11
   1.33210494E-04    3.45538908E-11
   1.36568853E-04    3.72337371E-11
   1.40011880E-04    4.01214205E-11
   1.43541708E-04    4.32330597E-11
   1.47160527E-04    4.65860239E-11
   1.50870580E-04    5.01990291E-11
   1.54674166E-04    5.40922429E-11
   1.58573644E-04    5.82873971E-11
   1.62571432E-04    6.28079088E-11
   1.66670008E-04    6.76790114E-11
   1.70871912E-04    7.29278950E-11
   1.75179751E-04    7.85838587E-11
   1.79596194E-04    8.46784739E-11
   1.84123979E-04    9.12457604E-11
   1.88765915E-04    9.83223764E-11
   1.93524877E-04    1.05947823E-10
   1.98403818E-04    1.14164666E-10
   2.03405761E-04    1.23018771E-10
   2.08533808E-04    1.32559560E-10
   2.13791137E-04    1.42840291E-10
   2.19181009E-04    1.53918350E-10
   2.24706764E-04    1.65855574E-10
   2.30371829E-04    1.78718596E-10
   2.36179715E-04    1.92579216E-10
   2.42134023E-04    2.07514805E-10
   2.48238445E-04    2.23608732E-10
   2.54496765E-04    2.40950832E-10
   2.60912863E-04    2.59637909E-10
   2.67490717E-04    2.79774272E-10
   2.74234404E-04    3.01472322E-10
   2.81148107E-04    3.24853176E-10
   2.88236109E-04    3.50047346E-10
   2.95502807E-04    3.77195463E-10
   3.02952706E-04    4.06449068E-10
   3.10590423E-04    4.37971453E-10
   3.18420693E-04    4.71938573E-10
   3.26448373E-04    5.08540033E-10
   3.34678437E-04    5.47980139E-10
   3.43115989E-04    5.90479044E-10
   3.51766259E-04    6.36273976E-10
   3.60634611E-04    6.85620559E-10
   3.69726542E-04    7.38794243E-10
   3.79047689E-04    7.96091843E-10
   3.88603830E-04    8.57833189E-10
   3.98400891E-04    9.24362920E-10
   4.08444945E-04    9.96052401E-10
   4.18742218E-04    1.07330180E-09
   4.29299096E-04    1.15654232E-09
   4.40122121E-04    1.24623860E-09
   4.51218006E-04    1.34289133E-09
   4.62593628E-04    1.44704001E-09
   4.74256039E-04    1.55926600E-09
   4.86212471E-04    1.68019574E-09
   4.98470336E-04    1.81050426E-09
   5.11037233E-04    1.95091892E-09
   5.23920952E-04    2.10222352E-09
   5.37129482E-04    2.26526262E-09
   5.50671012E-04    2.44094632E-09
   5.64553935E-04    2.63025526E-09
   5.78786861E-04    2.83424616E-09
   5.93378611E-04    3.05405769E-09
   6.08338233E-04    3.29091682E-09
   6.23675000E-04    3.54614569E-09
   6.39398422E-04    3.82116897E-09
   6.55518245E-04    4.11752184E-09
   6.72044464E-04    4.43685851E-09
   6.88987325E-04    4.78096151E-09
   7.06357330E-04    5.15175160E-09
   7.24165250E-04    5.55129852E-09
   7.42422123E-04    5.98183252E-09
   7.61139269E-04    6.44575681E-09
   7.80328292E-04    6.94566100E-09
   8.00001087E-04    7.48433553E-09
   8.20169852E-04    8.06478725E-09
   8.40847090E-04    8.69025621E-09
   8.62045620E-04    9.36423375E-09
   8.83778585E-04    1.00904820E-08
   9.06059458E-04    1.08730548E-08
   9.28902052E-04    1.17163204E-08
   9.52320529E-04    1.26249859E-08
   9.76329407E-04    1.36041235E-08
   1.00094357E-03    1.46591986E-08
   1.02617828E-03    1.57961006E-08
   1.05204918E-03    1.70211756E-08
   1.07857231E-03    1.83412620E-08
   1.10576411E-03    1.97637283E-08
   1.13364145E-03    2.12965147E-08
   1.16222159E-03    2.29481772E-08
   1.19152227E-03    2.47279352E-08
   1.22156164E-03    2.66457232E-08
   1.25235834E-03    2.87122462E-08
   1.28393145E-03    3.09390394E-08
   1.31630054E-03    3.33385327E-08
   1.34948569E-03    3.59241198E-08
   1.38350747E-03    3.87102334E-08
   1.41838697E-03    4.17124254E-08
   1.45414581E-03    4.49474539E-08
   1.49080617E-03    4.84333765E-08
   1.52839077E-03    5.21896514E-08
   1.56692291E-03    5.62372461E-08
   1.60642648E-03    6.05987537E-08
   1.64692597E-03    6.52985201E-08
   1.68844649E-03    7.03627790E-08
   1.73101378E-03    7.58197988E-08
   1.77465424E-03    8.17000401E-08
   1.81939491E-03    8.80363261E-08
   1.86526353E-03    9.48640254E-08
   1.91228854E-03    1.02221250E-07
   1.96049910E-03    1.10149067E-07
   2.00992509E-03    1.18691729E-07
   2.06059715E-03    1.27896920E-07
   2.11254670E-03    1.37816024E-07
   2.16580595E-03    1.48504408E-07
   2.22040792E-03    1.60021733E-07
   2.27638645E-03    1.72432288E-07
   2.33377625E-03    1.85805348E-07
   2.39261290E-03    2.00215561E-07
   2.45293288E-03    2.15743362E-07
   2.51477357E-03    2.32475427E-07
   2.57817333E-03    2.50505152E-07
   2.64317146E-03    2.69933178E-07
   2.70980825E-03    2.90867950E-07
   2.77812501E-03    3.13426323E-07
   2.84816411E-03    3.37734216E-07
   2.91996895E-03    3.63927314E-07
   2.99358406E-03    3.92151823E-07
   3.06905507E-03    4.22565289E-07
   3.14642878E-03    4.55337477E-07
   3.22575315E-03    4.90651317E-07
   3.30707736E-03    5.28703927E-07
   3.39045183E-03    5.69707711E-07
   3.47592824E-03    6.13891548E-07
   3.56355960E-03    6.61502065E-07
   3.65340022E-03    7.12805017E-07
   3.74550581E-03    7.68086771E-07
   3.83993346E-03    8.27655901E-07
   3.93674172E-03    8.91844911E-07
   4.03599061E-03    9.61012096E-07
   4.13774165E-03    1.03554353E-06
   4.24205793E-03    1.11585525E-06
   4.34900412E-03    1.20239552E-06
   4.45864653E-03    1.29564741E-06
   4.57105312E-03    1.39613143E-06
   4.68629358E-03    1.50440845E-06
   4.80443936E-03    1.62108286E-06
   4.92556370E-03    1.74680591E-06
   5.04974170E-03    1.88227936E-06
   5.17705035E-03    2.02825938E-06
   5.30756856E-03    2.18556081E-06
   5.44137725E-03    2.35506165E-06
   5.57855939E-03    2.53770803E-06
   5.71920001E-03    2.73451941E-06
   5.86338632E-03    2.94659435E-06
   6.01120769E-03    3.17511658E-06
   6.16275578E-03    3.42136164E-06
   6.31812453E-03    3.68670400E-06
   6.47741028E-03    3.97262469E-06
   6.64071176E-03    4.28071964E-06
   6.80813022E-03    4.61270850E-06
   6.97976946E-03    4.97044432E-06
   7.15573588E-03    5.35592383E-06
   7.33613858E-03    5.77129861E-06
   7.52108940E-03    6.21888710E-06
   7.71070299E-03    6.70118753E-06
   7.90509692E-03    7.22089187E-06
   8.10439170E-03    7.78090084E-06
   8.30871089E-03    8.38434011E-06
   8.51818115E-03    9.03457775E-06
   8.73293235E-03    9.73524300E-06
   8.95309762E-03    1.04902466E-05
   9.17881346E-03    1.13038024E-05
   9.41021981E-03    1.21804511E-05
   9.64746013E-03    1.31250857E-05
   9.89068149E-03    1.41429783E-05
   1.01400347E-02    1.52398101E-05
   1.03956743E-02    1.64217027E-05
   1.06577588E-02    1.76952524E-05
   1.09264508E-02    1.90675670E-05
   1.12019167E-02    2.05463056E-05
   1.14843273E-02    2.21397209E-05
   1.17738578E-02    2.38567059E-05
   1.20706876E-02    2.57068428E-05
   1.23750007E-02    2.77004571E-05
   1.26869859E-02    2.98486747E-05
   1.30068365E-02    3.21634844E-05
   1.33347509E-02    3.46578043E-05
   1.36709322E-02    3.73455545E-05
   1.40155890E-02    4.02417340E-05
   1.43689349E-02    4.33625049E-05
   1.47311890E-02    4.67252826E-05
   1.51025759E-02    5.03488324E-05
   1.54833258E-02    5.42533746E-05
   1.58736747E-02    5.84606974E-05
   1.62738646E-02    6.29942779E-05
   1.66841438E-02    6.78794134E-05
   1.71047664E-02    7.31433624E-05
   1.75359933E-02    7.88154965E-05
   1.79780919E-02    8.49274644E-05
   1.84313362E-02    9.15133680E-05
   1.88960071E-02    9.86099529E-05
   1.93723929E-02    1.06256813E-04
   1.98607888E-02    1.14496611E-04
   2.03614976E-02    1.23375318E-04
   2.08748297E-02    1.32942466E-04
   2.14011034E-02    1.43251427E-04
   2.19406449E-02    1.54359710E-04
   2.24937888E-02    1.66329282E-04
   2.30608780E-02    1.79226910E-04
   2.36422640E-02    1.93124536E-04
   2.42383072E-02    2.08099680E-04
   2.48493773E-02    2.24235865E-04
   2.54758530E-02    2.41623087E-04
   2.61181227E-02    2.60358317E-04
   2.67765847E-02    2.80546038E-04
   2.74516471E-02    3.02298827E-04
   2.81437284E-02    3.25737984E-04
   2.88532577E-02    3.50994205E-04
   2.95806749E-02    3.78208311E-04
   3.03264310E-02    4.07532029E-04
   3.10909883E-02    4.39128838E-04
   3.18748208E-02    4.73174879E-04
   3.26784144E-02    5.09859933E-04
   3.35022673E-02    5.49388475E-04
   3.43468904E-02    5.91980814E-04
   3.52128071E-02    6.37874316E-04
   3.61005545E-02    6.87324720E-04
   3.70106827E-02    7.40607564E-04
   3.79437561E-02    7.98019710E-04
   3.89003532E-02    8.59880995E-04
   3.98810670E-02    9.26536005E-04
   4.08865054E-02    9.98355986E-04
   4.19172919E-02    1.07574091E-03
   4.29740655E-02    1.15912167E-03
   4.40574813E-02    1.24896251E-03
   4.51682110E-02    1.34576356E-03
   4.63069432E-02    1.45006361E-03
   4.74743840E-02    1.56244310E-03
   4.86712569E-02    1.68352735E-03
   4.98983042E-02    1.81398998E-03
   5.11562864E-02    1.95455666E-03
   5.24459836E-02    2.10600911E-03
   5.37681951E-02    2.26918941E-03
   5.51237409E-02    2.44500467E-03
   5.65134612E-02    2.63443198E-03
   5.79382177E-02    2.83852385E-03
   5.93988935E-02    3.05841398E-03
   6.08963944E-02    3.29532347E-03
   6.24316486E-02    3.55056759E-03
   6.40056080E-02    3.82556293E-03
   6.56192484E-02    4.12183521E-03
   6.72735702E-02    4.44102766E-03
   6.89695989E-02    4.78490996E-03
   7.07083860E-02    5.15538794E-03
   7.24910096E-02    5.55451398E-03
   7.43185748E-02    5.98449820E-03
   7.61922146E-02    6.44772049E-03
   7.81130905E-02    6.94674342E-03
   8.00823935E-02    7.48432617E-03
   8.21013445E-02    8.06343943E-03
   8.41711951E-02    8.68728151E-03
   8.62932285E-02    9.35929553E-03
   8.84687603E-02    1.00831880E-02
   9.06991393E-02    1.08629485E-02
   9.29857482E-02    1.17028714E-02
   9.53300046E-02    1.26075786E-02
   9.77333619E-02    1.35820438E-02
   1.00197310E-01    1.46316195E-02
   1.02723377E-01    1.57620647E-02
   1.05313128E-01    1.69795755E-02
   1.07968169E-01    1.82908175E-02
   1.10690146E-01    1.97029605E-02
   1.13480746E-01    2.12237159E-02
   1.16341700E-01    2.28613762E-02
   1.19274782E-01    2.46248579E-02
   1.22281809E-01    2.65237465E-02
   1.25364646E-01    2.85683454E-02
   1.28525205E-01    3.07697278E-02
   1.31765443E-01    3.31397912E-02
   1.35087372E-01    3.56913171E-02
   1.38493049E-01    3.84380324E-02
   1.41984586E-01    4.13946769E-02
   1.45564149E-01    4.45770730E-02
   1.49233955E-01    4.80022006E-02
   1.52996281E-01    5.16882760E-02
   1.56853458E-01    5.56548354E-02
   1.60807878E-01    5.99228226E-02
   1.64861993E-01    6.45146815E-02
   1.69018316E-01    6.94544529E-02
   1.73279423E-01    7.47678761E-02
   1.77647957E-01    8.04824939E-02
   1.82126626E-01    8.66277630E-02
   1.86718206E-01    9.32351667E-02
   1.91425544E-01    1.00338332E-01
   1.96251559E-01    1.07973149E-01
   2.01199241E-01    1.16177889E-01
   2.06271660E-01    1.24993334E-01
   2.11471958E-01    1.34462887E-01
   2.16803361E-01    1.44632701E-01
   2.22269174E-01    1.55551790E-01
   2.27872785E-01    1.67272136E-01
   2.33617667E-01    1.79848793E-01
   2.39507384E-01    1.93339973E-01
   2.45545586E-01    2.07807115E-01
   2.51736017E-01    2.23314939E-01
   2.58082514E-01    2.39931465E-01
   2.64589012E-01    2.57728004E-01
   2.71259545E-01    2.76779112E-01
   2.78098248E-01    2.97162486E-01
   2.85109361E-01    3.18958807E-01
   2.92297231E-01    3.42251514E-01
   2.99666313E-01    3.67126488E-01
   3.07221177E-01    3.93671641E-01
   3.14966506E-01    4.21976398E-01
   3.22907102E-01    4.52131029E-01
   3.31047888E-01    4.84225842E-01
   3.39393910E-01    5.18350193E-01
   3.47950344E-01    5.54591290E-01
   3.56722493E-01    5.93032778E-01
   3.65715795E-01    6.33753051E-01
   3.74935828E-01    6.76823288E-01
   3.84388306E-01    7.22305158E-01
   3.94079089E-01    7.70248172E-01
   4.04014186E-01    8.20686649E-01
   4.14199756E-01    8.73636259E-01
   4.24642114E-01    9.29090118E-01
   4.35347733E-01    9.87014410E-01
   4.46323251E-01    1.04734352E+00
   4.57575471E-01    1.10997465E+00
   4.69111370E-01    1.17476199E+00
   4.80938100E-01    1.24151034E+00
   4.93062993E-01    1.30996842E+00
   5.05493566E-01    1.37982167E+00
   5.18237525E-01    1.45068499E+00
   5.31302770E-01    1.52209524E+00
   5.44697403E-01    1.59350391E+00
   5.58429726E-01    1.66427012E+00
   5.72508255E-01    1.73365433E+00
   5.86941715E-01    1.80081304E+00
   6.01739057E-01    1.86479504E+00
   6.16909453E-01    1.92453981E+00
   6.32462309E-01    1.97887842E+00
   6.48407267E-01    2.02653804E+00
   6.64754212E-01    2.06615045E+00
   6.81513278E-01    2.09626563E+00
   6.98694856E-01    2.11537122E+00
   7.16309598E-01    2.12191872E+00
   7.34368423E-01    2.11435719E+00
   7.52882528E-01    2.09117534E+00
   7.71863390E-01    2.05095249E+00
   7.91322778E-01    1.99241871E+00
   8.11272754E-01    1.91452421E+00
   8.31725688E-01    1.81651755E+00
   8.52694259E-01    1.69803161E+00
   8.74191468E-01    1.55917573E+00
   8.96230640E-01    1.40063133E+00
   9.18825441E-01    1.22374758E+00
   9.41989877E-01    1.03063203E+00
   9.65738310E-01    8.24230096E-01
   9.90085463E-01    6.08384745E-01
   1.01504643E+00    3.87866161E-01
   1.04063669E+00    1.68357863E-01
   1.06687210E+00   -4.36170485E-02
   1.09376893E+00   -2.40849470E-01
   1.12134385E+00   -4.15700860E-01
   1.14961396E+00   -5.60488232E-01
   1.17859679E+00   -6.68022448E-01
   1.20831030E+00   -7.32318345E-01
   1.23877292E+00   -7.49478446E-01
   1.27000352E+00   -7.18717369E-01
   1.30202148E+00   -6.43431039E-01
   1.33484664E+00   -5.32108359E-01
   1.36849936E+00   -3.98712257E-01
   1.40300049E+00   -2.61893140E-01
   1.43837142E+00   -1.41999730E-01
   1.47463409E+00   -5.42591595E-02
   1.51181098E+00    4.06985384E-03
   1.54992513E+00    4.85052549E-02
   1.58900017E+00    7.81506049E-02
   1.62906033E+00    9.11423565E-02
   1.67013044E+00    8.77117114E-02
   1.71223597E+00    7.07293602E-02
   1.75540301E+00    4.59025626E-02
   1.79965834E+00    2.11891115E-02
   1.84502939E+00    4.71011045E-03
   1.89154428E+00    2.21771126E-05
   1.93923185E+00    0.00000000E+00
   1.98812168E+00    0.00000000E+00
   2.03824406E+00    0.00000000E+00
   2.08963007E+00    0.00000000E+00
   2.14231157E+00    0.00000000E+00
   2.19632122E+00    0.00000000E+00
   2.25169250E+00    0.00000000E+00
   2.30845974E+00    0.00000000E+00
   2.36665814E+00    0.00000000E+00
   2.42632377E+00    0.00000000E+00
   2.48749363E+00    0.00000000E+00
   2.55020564E+00    0.00000000E+00
   2.61449867E+00    0.00000000E+00
   2.68041260E+00    0.00000000E+00
   2.74798827E+00    0.00000000E+00
   2.81726759E+00    0.00000000E+00
   2.88829350E+00    0.00000000E+00
   2.96111004E+00    0.00000000E+00
   3.03576235E+00    0.00000000E+00
   3.11229672E+00    0.00000000E+00
   3.19076059E+00    0.00000000E+00
   3.27120260E+00    0.00000000E+00
   3.35367264E+00    0.00000000E+00
   3.43822182E+00    0.00000000E+00
   3.52490256E+00    0.00000000E+00
   3.61376860E+00    0.00000000E+00
   3.70487504E+00    0.00000000E+00
   3.79827835E+00    0.00000000E+00
   3.89403645E+00    0.00000000E+00
   3.99220870E+00    0.00000000E+00
   4.09285596E+00    0.00000000E+00
   4.19604063E+00    0.00000000E+00
   4.30182668E+00    0.00000000E+00
   4.41027970E+00    0.00000000E+00
   4.52146691E+00    0.00000000E+00
   4.63545726E+00    0.00000000E+00
   4.75232141E+00    0.00000000E+00
   4.87213182E+00    0.00000000E+00
   4.99496275E+00    0.00000000E+00
   5.12089037E+00    0.00000000E+00
   5.24999273E+00    0.00000000E+00
   5.38234989E+00    0.00000000E+00
   5.51804389E+00    0.00000000E+00
   5.65715886E+00    0.00000000E+00
   5.79978105E+00    0.00000000E+00
   5.94599888E+00    0.00000000E+00
   6.09590299E+00    0.00000000E+00
   6.24958632E+00    0.00000000E+00
   6.40714416E+00    0.00000000E+00
   6.56867416E+00    0.00000000E+00
   6.73427650E+00    0.00000000E+00
   6.90405381E+00    0.00000000E+00
   7.07811137E+00    0.00000000E+00
   7.25655709E+00    0.00000000E+00
   7.43950158E+00    0.00000000E+00
   7.62705827E+00    0.00000000E+00
   7.81934344E+00    0.00000000E+00
   8.01647630E+00    0.00000000E+00
   8.21857905E+00    0.00000000E+00
   8.42577700E+00    0.00000000E+00
   8.63819861E+00    0.00000000E+00
   8.85597556E+00    0.00000000E+00
   9.07924287E+00    0.00000000E+00
   9.30813895E+00    0.00000000E+00
   9.54280571E+00    0.00000000E+00
   9.78338864E+00    0.00000000E+00
   1.00300369E+01    0.00000000E+00
   1.02829034E+01    0.00000000E+00
   1.05421448E+01    0.00000000E+00
   1.08079220E+01    0.00000000E+00
   1.10803997E+01    0.00000000E+00
   1.13597468E+01    0.00000000E+00
   1.16461365E+01    0.00000000E+00
   1.19397463E+01    0.00000000E+00
   1.22407583E+01    0.00000000E+00
   1.25493591E+01    0.00000000E+00
   1.28657400E+01    0.00000000E+00
   1.31900972E+01    0.00000000E+00
   1.35226317E+01    0.00000000E+00
   1.38635497E+01    0.00000000E+00
   1.42130626E+01    0.00000000E+00
   1.45713870E+01    0.00000000E+00
   1.49387451E+01    0.00000000E+00
   1.53153646E+01    0.00000000E+00
   1.57014791E+01    0.00000000E+00
   1.60973278E+01    0.00000000E+00
   1.65031563E+01    0.00000000E+00
   1.69192161E+01    0.00000000E+00
   1.73457651E+01    0.00000000E+00
   1.77830678E+01    0.00000000E+00
   1.82313954E+01    0.00000000E+00
   1.86910257E+01    0.00000000E+00
   1.91622436E+01    0.00000000E+00
   1.96453415E+01    0.00000000E+00
   2.01406186E+01    0.00000000E+00
   2.06483822E+01    0.00000000E+00
   2.11689469E+01    0.00000000E+00
   2.17026356E+01    0.00000000E+00
   2.22497791E+01    0.00000000E+00
   2.28107165E+01    0.00000000E+00
   2.33857957E+01    0.00000000E+00
   2.39753732E+01    0.00000000E+00
   2.45798144E+01    0.00000000E+00
   2.51994942E+01    0.00000000E+00
   2.58347967E+01    0.00000000E+00
   2.64861157E+01    0.00000000E+00
   2.71538551E+01    0.00000000E+00
   2.78384288E+01    0.00000000E+00
   2.85402613E+01    0.00000000E+00
   2.92597876E+01    0.00000000E+00
   2.99974538E+01    0.00000000E+00
   3.07537172E+01    0.00000000E+00
   3.15290468E+01    0.00000000E+00
   3.23239231E+01    0.00000000E+00
   3.31388390E+01    0.00000000E+00
   3.39742997E+01    0.00000000E+00
   3.48308231E+01    0.00000000E+00
   3.57089403E+01    0.00000000E+00
   3.66091956E+01    0.00000000E+00
   3.75321471E+01    0.00000000E+00
   3.84783671E+01    0.00000000E+00
   3.94484422E+01    0.00000000E+00
   4.04429738E+01    0.00000000E+00
   4.14625785E+01    0.00000000E+00
   4.25078883E+01    0.00000000E+00
   4.35795513E+01    0.00000000E+00
   4.46782320E+01    0.00000000E+00
   4.58046114E+01    0.00000000E+00
   4.69593879E+01    0.00000000E+00
   4.81432773E+01    0.00000000E+00
   4.93570137E+01    0.00000000E+00
   5.06013496E+01    0.00000000E+00
   5.18770562E+01    0.00000000E+00
   5.31849246E+01    0.00000000E+00
   5.45257656E+01    0.00000000E+00
   5.59004104E+01    0.00000000E+00
   5.73097113E+01    0.00000000E+00
   5.87545419E+01    0.00000000E+00
   6.02357981E+01    0.00000000E+00
   6.17543981E+01    0.00000000E+00
   6.33112834E+01    0.00000000E+00
   6.49074192E+01    0.00000000E+00
   6.65437950E+01    0.00000000E+00
   6.82214255E+01    0.00000000E+00
   6.99413505E+01    0.00000000E+00
   7.17046364E+01    0.00000000E+00
   7.35123764E+01    0.00000000E+00
   7.53656911E+01    0.00000000E+00
   7.72657297E+01    0.00000000E+00
   7.92136699E+01    0.00000000E+00
   8.12107196E+01    0.00000000E+00
   8.32581167E+01    0.00000000E+00
   8.53571305E+01    0.00000000E+00
   8.75090625E+01    0.00000000E+00
   8.97152466E+01    0.00000000E+00
   9.19770507E+01    0.00000000E+00
   9.42958769E+01    0.00000000E+00
   9.66731629E+01    0.00000000E+00
   9.91103824E+01    0.00000000E+00
   1.01609046E+02    0.00000000E+00
   1.04170704E+02    0.00000000E+00
   1.06796944E+02    0.00000000E+00
   1.09489393E+02    0.00000000E+00
   1.12249722E+02    0.00000000E+00
