# 
# Energy units: hartree
# Length units: bohr
#
# -----------------------------------
# |       r       |       w(r)      |
# -----------------------------------
   3.74165729E-05   -6.52274668E-04
   3.83598792E-05   -6.68719113E-04
   3.93269671E-05   -6.85578138E-04
   4.03184362E-05   -7.02862195E-04
   4.13349012E-05   -7.20581998E-04
   4.23769921E-05   -7.38748535E-04
   4.34453551E-05   -7.57373066E-04
   4.45406526E-05   -7.76467139E-04
   4.56635635E-05   -7.96042591E-04
   4.68147840E-05   -8.16111558E-04
   4.79950279E-05   -8.36686482E-04
   4.92050268E-05   -8.57780119E-04
   5.04455309E-05   -8.79405546E-04
   5.17173092E-05   -9.01576170E-04
   5.30211502E-05   -9.24305736E-04
   5.43578623E-05   -9.47608335E-04
   5.57282741E-05   -9.71498414E-04
   5.71332353E-05   -9.95990784E-04
   5.85736168E-05   -1.02110063E-03
   6.00503117E-05   -1.04684352E-03
   6.15642354E-05   -1.07323541E-03
   6.31163265E-05   -1.10029266E-03
   6.47075473E-05   -1.12803205E-03
   6.63388842E-05   -1.15647078E-03
   6.80113486E-05   -1.18562647E-03
   6.97259774E-05   -1.21551721E-03
   7.14838335E-05   -1.24616151E-03
   7.32860069E-05   -1.27757839E-03
   7.51336146E-05   -1.30978732E-03
   7.70278023E-05   -1.34280826E-03
   7.89697442E-05   -1.37666170E-03
   8.09606443E-05   -1.41136861E-03
   8.30017367E-05   -1.44695051E-03
   8.50942870E-05   -1.48342946E-03
   8.72395924E-05   -1.52082808E-03
   8.94389830E-05   -1.55916956E-03
   9.16938222E-05   -1.59847766E-03
   9.40055079E-05   -1.63877675E-03
   9.63754734E-05   -1.68009182E-03
   9.88051880E-05   -1.72244848E-03
   1.01296158E-04   -1.76587299E-03
   1.03849927E-04   -1.81039228E-03
   1.06468080E-04   -1.85603393E-03
   1.09152238E-04   -1.90282625E-03
   1.11904067E-04   -1.95079825E-03
   1.14725271E-04   -1.99997967E-03
   1.17617601E-04   -2.05040100E-03
   1.20582849E-04   -2.10209349E-03
   1.23622854E-04   -2.15508920E-03
   1.26739500E-04   -2.20942098E-03
   1.29934720E-04   -2.26512251E-03
   1.33210494E-04   -2.32222833E-03
   1.36568853E-04   -2.38077384E-03
   1.40011880E-04   -2.44079533E-03
   1.43541708E-04   -2.50233003E-03
   1.47160527E-04   -2.56541606E-03
   1.50870580E-04   -2.63009256E-03
   1.54674166E-04   -2.69639960E-03
   1.58573644E-04   -2.76437831E-03
   1.62571432E-04   -2.83407082E-03
   1.66670008E-04   -2.90552035E-03
   1.70871912E-04   -2.97877118E-03
   1.75179751E-04   -3.05386873E-03
   1.79596194E-04   -3.13085956E-03
   1.84123979E-04   -3.20979139E-03
   1.88765915E-04   -3.29071317E-03
   1.93524877E-04   -3.37367506E-03
   1.98403818E-04   -3.45872850E-03
   2.03405761E-04   -3.54592621E-03
   2.08533808E-04   -3.63532225E-03
   2.13791137E-04   -3.72697204E-03
   2.19181009E-04   -3.82093241E-03
   2.24706764E-04   -3.91726161E-03
   2.30371829E-04   -4.01601935E-03
   2.36179715E-04   -4.11726686E-03
   2.42134023E-04   -4.22106691E-03
   2.48238445E-04   -4.32748385E-03
   2.54496765E-04   -4.43658366E-03
   2.60912863E-04   -4.54843397E-03
   2.67490717E-04   -4.66310412E-03
   2.74234404E-04   -4.78066521E-03
   2.81148107E-04   -4.90119012E-03
   2.88236109E-04   -5.02475357E-03
   2.95502807E-04   -5.15143217E-03
   3.02952706E-04   -5.28130444E-03
   3.10590423E-04   -5.41445090E-03
   3.18420693E-04   -5.55095410E-03
   3.26448373E-04   -5.69089867E-03
   3.34678437E-04   -5.83437136E-03
   3.43115989E-04   -5.98146112E-03
   3.51766259E-04   -6.13225913E-03
   3.60634611E-04   -6.28685890E-03
   3.69726542E-04   -6.44535626E-03
   3.79047689E-04   -6.60784947E-03
   3.88603830E-04   -6.77443927E-03
   3.98400891E-04   -6.94522894E-03
   4.08444945E-04   -7.12032436E-03
   4.18742218E-04   -7.29983408E-03
   4.29299096E-04   -7.48386939E-03
   4.40122121E-04   -7.67254438E-03
   4.51218006E-04   -7.86597602E-03
   4.62593628E-04   -8.06428423E-03
   4.74256039E-04   -8.26759195E-03
   4.86212471E-04   -8.47602523E-03
   4.98470336E-04   -8.68971327E-03
   5.11037233E-04   -8.90878855E-03
   5.23920952E-04   -9.13338689E-03
   5.37129482E-04   -9.36364753E-03
   5.50671012E-04   -9.59971322E-03
   5.64553935E-04   -9.84173030E-03
   5.78786861E-04   -1.00898488E-02
   5.93378611E-04   -1.03442226E-02
   6.08338233E-04   -1.06050093E-02
   6.23675000E-04   -1.08723706E-02
   6.39398422E-04   -1.11464723E-02
   6.55518245E-04   -1.14274843E-02
   6.72044464E-04   -1.17155809E-02
   6.88987325E-04   -1.20109405E-02
   7.06357330E-04   -1.23137463E-02
   7.24165250E-04   -1.26241861E-02
   7.42422123E-04   -1.29424522E-02
   7.61139269E-04   -1.32687420E-02
   7.80328292E-04   -1.36032578E-02
   8.00001087E-04   -1.39462070E-02
   8.20169852E-04   -1.42978021E-02
   8.40847090E-04   -1.46582611E-02
   8.62045620E-04   -1.50278074E-02
   8.83778585E-04   -1.54066703E-02
   9.06059458E-04   -1.57950844E-02
   9.28902052E-04   -1.61932907E-02
   9.52320529E-04   -1.66015359E-02
   9.76329407E-04   -1.70200731E-02
   1.00094357E-03   -1.74491619E-02
   1.02617828E-03   -1.78890681E-02
   1.05204918E-03   -1.83400645E-02
   1.07857231E-03   -1.88024307E-02
   1.10576411E-03   -1.92764533E-02
   1.13364145E-03   -1.97624261E-02
   1.16222159E-03   -2.02606504E-02
   1.19152227E-03   -2.07714350E-02
   1.22156164E-03   -2.12950966E-02
   1.25235834E-03   -2.18319598E-02
   1.28393145E-03   -2.23823573E-02
   1.31630054E-03   -2.29466304E-02
   1.34948569E-03   -2.35251288E-02
   1.38350747E-03   -2.41182110E-02
   1.41838697E-03   -2.47262449E-02
   1.45414581E-03   -2.53496071E-02
   1.49080617E-03   -2.59886842E-02
   1.52839077E-03   -2.66438723E-02
   1.56692291E-03   -2.73155774E-02
   1.60642648E-03   -2.80042159E-02
   1.64692597E-03   -2.87102147E-02
   1.68844649E-03   -2.94340113E-02
   1.73101378E-03   -3.01760544E-02
   1.77465424E-03   -3.09368039E-02
   1.81939491E-03   -3.17167313E-02
   1.86526353E-03   -3.25163200E-02
   1.91228854E-03   -3.33360656E-02
   1.96049910E-03   -3.41764761E-02
   2.00992509E-03   -3.50380723E-02
   2.06059715E-03   -3.59213884E-02
   2.11254670E-03   -3.68269716E-02
   2.16580595E-03   -3.77553832E-02
   2.22040792E-03   -3.87071986E-02
   2.27638645E-03   -3.96830076E-02
   2.33377625E-03   -4.06834149E-02
   2.39261290E-03   -4.17090405E-02
   2.45293288E-03   -4.27605199E-02
   2.51477357E-03   -4.38385046E-02
   2.57817333E-03   -4.49436626E-02
   2.64317146E-03   -4.60766788E-02
   2.70980825E-03   -4.72382550E-02
   2.77812501E-03   -4.84291111E-02
   2.84816411E-03   -4.96499847E-02
   2.91996895E-03   -5.09016324E-02
   2.99358406E-03   -5.21848296E-02
   3.06905507E-03   -5.35003711E-02
   3.14642878E-03   -5.48490719E-02
   3.22575315E-03   -5.62317675E-02
   3.30707736E-03   -5.76493144E-02
   3.39045183E-03   -5.91025906E-02
   3.47592824E-03   -6.05924963E-02
   3.56355960E-03   -6.21199541E-02
   3.65340022E-03   -6.36859101E-02
   3.74550581E-03   -6.52913340E-02
   3.83993346E-03   -6.69372199E-02
   3.93674172E-03   -6.86245871E-02
   4.03599061E-03   -7.03544803E-02
   4.13774165E-03   -7.21279704E-02
   4.24205793E-03   -7.39461556E-02
   4.34900412E-03   -7.58101611E-02
   4.45864653E-03   -7.77211410E-02
   4.57105312E-03   -7.96802779E-02
   4.68629358E-03   -8.16887844E-02
   4.80443936E-03   -8.37479034E-02
   4.92556370E-03   -8.58589091E-02
   5.04974170E-03   -8.80231075E-02
   5.17705035E-03   -9.02418376E-02
   5.30756856E-03   -9.25164718E-02
   5.44137725E-03   -9.48484171E-02
   5.57855939E-03   -9.72391156E-02
   5.71920001E-03   -9.96900457E-02
   5.86338632E-03   -1.02202723E-01
   6.01120769E-03   -1.04778700E-01
   6.16275578E-03   -1.07419570E-01
   6.31812453E-03   -1.10126964E-01
   6.47741028E-03   -1.12902556E-01
   6.64071176E-03   -1.15748061E-01
   6.80813022E-03   -1.18665235E-01
   6.97976946E-03   -1.21655881E-01
   7.15573588E-03   -1.24721846E-01
   7.33613858E-03   -1.27865021E-01
   7.52108940E-03   -1.31087348E-01
   7.71070299E-03   -1.34390813E-01
   7.90509692E-03   -1.37777457E-01
   8.10439170E-03   -1.41249366E-01
   8.30871089E-03   -1.44808682E-01
   8.51818115E-03   -1.48457599E-01
   8.73293235E-03   -1.52198365E-01
   8.95309762E-03   -1.56033286E-01
   9.17881346E-03   -1.59964722E-01
   9.41021981E-03   -1.63995094E-01
   9.64746013E-03   -1.68126883E-01
   9.89068149E-03   -1.72362630E-01
   1.01400347E-02   -1.76704940E-01
   1.03956743E-02   -1.81156482E-01
   1.06577588E-02   -1.85719992E-01
   1.09264508E-02   -1.90398271E-01
   1.12019167E-02   -1.95194191E-01
   1.14843273E-02   -2.00110696E-01
   1.17738578E-02   -2.05150799E-01
   1.20706876E-02   -2.10317590E-01
   1.23750007E-02   -2.15614232E-01
   1.26869859E-02   -2.21043968E-01
   1.30068365E-02   -2.26610119E-01
   1.33347509E-02   -2.32316088E-01
   1.36709322E-02   -2.38165359E-01
   1.40155890E-02   -2.44161503E-01
   1.43689349E-02   -2.50308176E-01
   1.47311890E-02   -2.56609124E-01
   1.51025759E-02   -2.63068182E-01
   1.54833258E-02   -2.69689279E-01
   1.58736747E-02   -2.76476437E-01
   1.62738646E-02   -2.83433777E-01
   1.66841438E-02   -2.90565516E-01
   1.71047664E-02   -2.97875973E-01
   1.75359933E-02   -3.05369569E-01
   1.79780919E-02   -3.13050831E-01
   1.84313362E-02   -3.20924392E-01
   1.88960071E-02   -3.28994996E-01
   1.93723929E-02   -3.37267495E-01
   1.98607888E-02   -3.45746858E-01
   2.03614976E-02   -3.54438167E-01
   2.08748297E-02   -3.63346624E-01
   2.14011034E-02   -3.72477549E-01
   2.19406449E-02   -3.81836385E-01
   2.24937888E-02   -3.91428699E-01
   2.30608780E-02   -4.01260186E-01
   2.36422640E-02   -4.11336666E-01
   2.42383072E-02   -4.21664092E-01
   2.48493773E-02   -4.32248549E-01
   2.54758530E-02   -4.43096256E-01
   2.61181227E-02   -4.54213569E-01
   2.67765847E-02   -4.65606981E-01
   2.74516471E-02   -4.77283126E-01
   2.81437284E-02   -4.89248777E-01
   2.88532577E-02   -5.01510853E-01
   2.95806749E-02   -5.14076416E-01
   3.03264310E-02   -5.26952673E-01
   3.10909883E-02   -5.40146978E-01
   3.18748208E-02   -5.53666833E-01
   3.26784144E-02   -5.67519886E-01
   3.35022673E-02   -5.81713937E-01
   3.43468904E-02   -5.96256931E-01
   3.52128071E-02   -6.11156965E-01
   3.61005545E-02   -6.26422282E-01
   3.70106827E-02   -6.42061273E-01
   3.79437561E-02   -6.58082476E-01
   3.89003532E-02   -6.74494571E-01
   3.98810670E-02   -6.91306384E-01
   4.08865054E-02   -7.08526878E-01
   4.19172919E-02   -7.26165154E-01
   4.29740655E-02   -7.44230445E-01
   4.40574813E-02   -7.62732113E-01
   4.51682110E-02   -7.81679642E-01
   4.63069432E-02   -8.01082632E-01
   4.74743840E-02   -8.20950794E-01
   4.86712569E-02   -8.41293937E-01
   4.98983042E-02   -8.62121964E-01
   5.11562864E-02   -8.83444858E-01
   5.24459836E-02   -9.05272672E-01
   5.37681951E-02   -9.27615511E-01
   5.51237409E-02   -9.50483524E-01
   5.65134612E-02   -9.73886880E-01
   5.79382177E-02   -9.97835752E-01
   5.93988935E-02   -1.02234030E+00
   6.08963944E-02   -1.04741063E+00
   6.24316486E-02   -1.07305680E+00
   6.40056080E-02   -1.09928875E+00
   6.56192484E-02   -1.12611631E+00
   6.72735702E-02   -1.15354913E+00
   6.89695989E-02   -1.18159666E+00
   7.07083860E-02   -1.21026811E+00
   7.24910096E-02   -1.23957237E+00
   7.43185748E-02   -1.26951801E+00
   7.61922146E-02   -1.30011317E+00
   7.81130905E-02   -1.33136551E+00
   8.00823935E-02   -1.36328217E+00
   8.21013445E-02   -1.39586965E+00
   8.41711951E-02   -1.42913373E+00
   8.62932285E-02   -1.46307940E+00
   8.84687603E-02   -1.49771074E+00
   9.06991393E-02   -1.53303081E+00
   9.29857482E-02   -1.56904152E+00
   9.53300046E-02   -1.60574347E+00
   9.77333619E-02   -1.64313588E+00
   1.00197310E-01   -1.68121633E+00
   1.02723377E-01   -1.71998063E+00
   1.05313128E-01   -1.75942263E+00
   1.07968169E-01   -1.79953398E+00
   1.10690146E-01   -1.84030392E+00
   1.13480746E-01   -1.88171902E+00
   1.16341700E-01   -1.92376289E+00
   1.19274782E-01   -1.96641589E+00
   1.22281809E-01   -2.00965480E+00
   1.25364646E-01   -2.05345250E+00
   1.28525205E-01   -2.09777751E+00
   1.31765443E-01   -2.14259365E+00
   1.35087372E-01   -2.18785955E+00
   1.38493049E-01   -2.23352819E+00
   1.41984586E-01   -2.27954637E+00
   1.45564149E-01   -2.32585413E+00
   1.49233955E-01   -2.37238421E+00
   1.52996281E-01   -2.41906137E+00
   1.56853458E-01   -2.46580171E+00
   1.60807878E-01   -2.51251200E+00
   1.64861993E-01   -2.55908888E+00
   1.69018316E-01   -2.60541806E+00
   1.73279423E-01   -2.65137355E+00
   1.77647957E-01   -2.69681674E+00
   1.82126626E-01   -2.74159554E+00
   1.86718206E-01   -2.78554348E+00
   1.91425544E-01   -2.82847880E+00
   1.96251559E-01   -2.87020352E+00
   2.01199241E-01   -2.91050258E+00
   2.06271660E-01   -2.94914295E+00
   2.11471958E-01   -2.98587288E+00
   2.16803361E-01   -3.02042114E+00
   2.22269174E-01   -3.05249643E+00
   2.27872785E-01   -3.08178695E+00
   2.33617667E-01   -3.10796013E+00
   2.39507384E-01   -3.13066258E+00
   2.45545586E-01   -3.14952039E+00
   2.51736017E-01   -3.16413972E+00
   2.58082514E-01   -3.17410782E+00
   2.64589012E-01   -3.17899454E+00
   2.71259545E-01   -3.17835441E+00
   2.78098248E-01   -3.17172928E+00
   2.85109361E-01   -3.15865177E+00
   2.92297231E-01   -3.13864946E+00
   2.99666313E-01   -3.11124992E+00
   3.07221177E-01   -3.07598675E+00
   3.14966506E-01   -3.03240655E+00
   3.22907102E-01   -2.98007691E+00
   3.31047888E-01   -2.91859550E+00
   3.39393910E-01   -2.84760014E+00
   3.47950344E-01   -2.76677979E+00
   3.56722493E-01   -2.67588649E+00
   3.65715795E-01   -2.57474789E+00
   3.74935828E-01   -2.46328031E+00
   3.84388306E-01   -2.34150190E+00
   3.94079089E-01   -2.20954558E+00
   4.04014186E-01   -2.06767131E+00
   4.14199756E-01   -1.91627712E+00
   4.24642114E-01   -1.75590831E+00
   4.35347733E-01   -1.58726409E+00
   4.46323251E-01   -1.41120119E+00
   4.57575471E-01   -1.22873341E+00
   4.69111370E-01   -1.04102674E+00
   4.80938100E-01   -8.49389382E-01
   4.93062993E-01   -6.55256149E-01
   5.05493566E-01   -4.60167203E-01
   5.18237525E-01   -2.65740979E-01
   5.31302770E-01   -7.36417270E-02
   5.44697403E-01    1.14457677E-01
   5.58429726E-01    2.96916584E-01
   5.72508255E-01    4.72169636E-01
   5.86941715E-01    6.38770241E-01
   6.01739057E-01    7.95432334E-01
   6.16909453E-01    9.41068088E-01
   6.32462309E-01    1.07481913E+00
   6.48407267E-01    1.19607878E+00
   6.64754212E-01    1.30450305E+00
   6.81513278E-01    1.40000835E+00
   6.98694856E-01    1.48275423E+00
   7.16309598E-01    1.55310997E+00
   7.34368423E-01    1.61160436E+00
   7.52882528E-01    1.65885839E+00
   7.71863390E-01    1.69550141E+00
   7.91322778E-01    1.72207194E+00
   8.11272754E-01    1.73890525E+00
   8.31725688E-01    1.74601196E+00
   8.52694259E-01    1.74295439E+00
   8.74191468E-01    1.72873257E+00
   8.96230640E-01    1.70169869E+00
   9.18825441E-01    1.65952933E+00
   9.41989877E-01    1.59929746E+00
   9.65738310E-01    1.51770011E+00
   9.90085463E-01    1.41150610E+00
   1.01504643E+00    1.27828321E+00
   1.04063669E+00    1.11742796E+00
   1.06687210E+00    9.31436725E-01
   1.09376893E+00    7.27207112E-01
   1.12134385E+00    5.16946989E-01
   1.14961396E+00    3.18034737E-01
   1.17859679E+00    1.51003014E-01
   1.20831030E+00    3.48117969E-02
   1.23877292E+00   -2.12385689E-02
   1.27000352E+00   -2.94098896E-02
   1.30202148E+00   -2.50388548E-02
   1.33484664E+00   -1.89234706E-02
   1.36849936E+00   -1.21991470E-02
   1.40300049E+00   -6.15686523E-03
   1.43837142E+00   -1.96051707E-03
   1.47463409E+00   -1.67866216E-04
   1.51181098E+00    0.00000000E+00
   1.54992513E+00    0.00000000E+00
   1.58900017E+00    0.00000000E+00
   1.62906033E+00    0.00000000E+00
   1.67013044E+00    0.00000000E+00
   1.71223597E+00    0.00000000E+00
   1.75540301E+00    0.00000000E+00
   1.79965834E+00    0.00000000E+00
   1.84502939E+00    0.00000000E+00
   1.89154428E+00    0.00000000E+00
   1.93923185E+00    0.00000000E+00
   1.98812168E+00    0.00000000E+00
   2.03824406E+00    0.00000000E+00
   2.08963007E+00    0.00000000E+00
   2.14231157E+00    0.00000000E+00
   2.19632122E+00    0.00000000E+00
   2.25169250E+00    0.00000000E+00
   2.30845974E+00    0.00000000E+00
   2.36665814E+00    0.00000000E+00
   2.42632377E+00    0.00000000E+00
   2.48749363E+00    0.00000000E+00
   2.55020564E+00    0.00000000E+00
   2.61449867E+00    0.00000000E+00
   2.68041260E+00    0.00000000E+00
   2.74798827E+00    0.00000000E+00
   2.81726759E+00    0.00000000E+00
   2.88829350E+00    0.00000000E+00
   2.96111004E+00    0.00000000E+00
   3.03576235E+00    0.00000000E+00
   3.11229672E+00    0.00000000E+00
   3.19076059E+00    0.00000000E+00
   3.27120260E+00    0.00000000E+00
   3.35367264E+00    0.00000000E+00
   3.43822182E+00    0.00000000E+00
   3.52490256E+00    0.00000000E+00
   3.61376860E+00    0.00000000E+00
   3.70487504E+00    0.00000000E+00
   3.79827835E+00    0.00000000E+00
   3.89403645E+00    0.00000000E+00
   3.99220870E+00    0.00000000E+00
   4.09285596E+00    0.00000000E+00
   4.19604063E+00    0.00000000E+00
   4.30182668E+00    0.00000000E+00
   4.41027970E+00    0.00000000E+00
   4.52146691E+00    0.00000000E+00
   4.63545726E+00    0.00000000E+00
   4.75232141E+00    0.00000000E+00
   4.87213182E+00    0.00000000E+00
   4.99496275E+00    0.00000000E+00
   5.12089037E+00    0.00000000E+00
   5.24999273E+00    0.00000000E+00
   5.38234989E+00    0.00000000E+00
   5.51804389E+00    0.00000000E+00
   5.65715886E+00    0.00000000E+00
   5.79978105E+00    0.00000000E+00
   5.94599888E+00    0.00000000E+00
   6.09590299E+00    0.00000000E+00
   6.24958632E+00    0.00000000E+00
   6.40714416E+00    0.00000000E+00
   6.56867416E+00    0.00000000E+00
   6.73427650E+00    0.00000000E+00
   6.90405381E+00    0.00000000E+00
   7.07811137E+00    0.00000000E+00
   7.25655709E+00    0.00000000E+00
   7.43950158E+00    0.00000000E+00
   7.62705827E+00    0.00000000E+00
   7.81934344E+00    0.00000000E+00
   8.01647630E+00    0.00000000E+00
   8.21857905E+00    0.00000000E+00
   8.42577700E+00    0.00000000E+00
   8.63819861E+00    0.00000000E+00
   8.85597556E+00    0.00000000E+00
   9.07924287E+00    0.00000000E+00
   9.30813895E+00    0.00000000E+00
   9.54280571E+00    0.00000000E+00
   9.78338864E+00    0.00000000E+00
   1.00300369E+01    0.00000000E+00
   1.02829034E+01    0.00000000E+00
   1.05421448E+01    0.00000000E+00
   1.08079220E+01    0.00000000E+00
   1.10803997E+01    0.00000000E+00
   1.13597468E+01    0.00000000E+00
   1.16461365E+01    0.00000000E+00
   1.19397463E+01    0.00000000E+00
   1.22407583E+01    0.00000000E+00
   1.25493591E+01    0.00000000E+00
   1.28657400E+01    0.00000000E+00
   1.31900972E+01    0.00000000E+00
   1.35226317E+01    0.00000000E+00
   1.38635497E+01    0.00000000E+00
   1.42130626E+01    0.00000000E+00
   1.45713870E+01    0.00000000E+00
   1.49387451E+01    0.00000000E+00
   1.53153646E+01    0.00000000E+00
   1.57014791E+01    0.00000000E+00
   1.60973278E+01    0.00000000E+00
   1.65031563E+01    0.00000000E+00
   1.69192161E+01    0.00000000E+00
   1.73457651E+01    0.00000000E+00
   1.77830678E+01    0.00000000E+00
   1.82313954E+01    0.00000000E+00
   1.86910257E+01    0.00000000E+00
   1.91622436E+01    0.00000000E+00
   1.96453415E+01    0.00000000E+00
   2.01406186E+01    0.00000000E+00
   2.06483822E+01    0.00000000E+00
   2.11689469E+01    0.00000000E+00
   2.17026356E+01    0.00000000E+00
   2.22497791E+01    0.00000000E+00
   2.28107165E+01    0.00000000E+00
   2.33857957E+01    0.00000000E+00
   2.39753732E+01    0.00000000E+00
   2.45798144E+01    0.00000000E+00
   2.51994942E+01    0.00000000E+00
   2.58347967E+01    0.00000000E+00
   2.64861157E+01    0.00000000E+00
   2.71538551E+01    0.00000000E+00
   2.78384288E+01    0.00000000E+00
   2.85402613E+01    0.00000000E+00
   2.92597876E+01    0.00000000E+00
   2.99974538E+01    0.00000000E+00
   3.07537172E+01    0.00000000E+00
   3.15290468E+01    0.00000000E+00
   3.23239231E+01    0.00000000E+00
   3.31388390E+01    0.00000000E+00
   3.39742997E+01    0.00000000E+00
   3.48308231E+01    0.00000000E+00
   3.57089403E+01    0.00000000E+00
   3.66091956E+01    0.00000000E+00
   3.75321471E+01    0.00000000E+00
   3.84783671E+01    0.00000000E+00
   3.94484422E+01    0.00000000E+00
   4.04429738E+01    0.00000000E+00
   4.14625785E+01    0.00000000E+00
   4.25078883E+01    0.00000000E+00
   4.35795513E+01    0.00000000E+00
   4.46782320E+01    0.00000000E+00
   4.58046114E+01    0.00000000E+00
   4.69593879E+01    0.00000000E+00
   4.81432773E+01    0.00000000E+00
   4.93570137E+01    0.00000000E+00
   5.06013496E+01    0.00000000E+00
   5.18770562E+01    0.00000000E+00
   5.31849246E+01    0.00000000E+00
   5.45257656E+01    0.00000000E+00
   5.59004104E+01    0.00000000E+00
   5.73097113E+01    0.00000000E+00
   5.87545419E+01    0.00000000E+00
   6.02357981E+01    0.00000000E+00
   6.17543981E+01    0.00000000E+00
   6.33112834E+01    0.00000000E+00
   6.49074192E+01    0.00000000E+00
   6.65437950E+01    0.00000000E+00
   6.82214255E+01    0.00000000E+00
   6.99413505E+01    0.00000000E+00
   7.17046364E+01    0.00000000E+00
   7.35123764E+01    0.00000000E+00
   7.53656911E+01    0.00000000E+00
   7.72657297E+01    0.00000000E+00
   7.92136699E+01    0.00000000E+00
   8.12107196E+01    0.00000000E+00
   8.32581167E+01    0.00000000E+00
   8.53571305E+01    0.00000000E+00
   8.75090625E+01    0.00000000E+00
   8.97152466E+01    0.00000000E+00
   9.19770507E+01    0.00000000E+00
   9.42958769E+01    0.00000000E+00
   9.66731629E+01    0.00000000E+00
   9.91103824E+01    0.00000000E+00
   1.01609046E+02    0.00000000E+00
   1.04170704E+02    0.00000000E+00
   1.06796944E+02    0.00000000E+00
   1.09489393E+02    0.00000000E+00
   1.12249722E+02    0.00000000E+00
