# 
# Energy units: hartree
# Length units: bohr
#
# -----------------------------------
# |       r       |       w(r)      |
# -----------------------------------
   3.74165729E-05   -7.74335927E-02
   3.83598792E-05   -7.74335927E-02
   3.93269671E-05   -7.74335926E-02
   4.03184362E-05   -7.74335926E-02
   4.13349012E-05   -7.74335926E-02
   4.23769921E-05   -7.74335926E-02
   4.34453551E-05   -7.74335926E-02
   4.45406526E-05   -7.74335926E-02
   4.56635635E-05   -7.74335925E-02
   4.68147840E-05   -7.74335925E-02
   4.79950279E-05   -7.74335925E-02
   4.92050268E-05   -7.74335925E-02
   5.04455309E-05   -7.74335924E-02
   5.17173092E-05   -7.74335924E-02
   5.30211502E-05   -7.74335924E-02
   5.43578623E-05   -7.74335924E-02
   5.57282741E-05   -7.74335923E-02
   5.71332353E-05   -7.74335923E-02
   5.85736168E-05   -7.74335923E-02
   6.00503117E-05   -7.74335922E-02
   6.15642354E-05   -7.74335922E-02
   6.31163265E-05   -7.74335921E-02
   6.47075473E-05   -7.74335921E-02
   6.63388842E-05   -7.74335920E-02
   6.80113486E-05   -7.74335920E-02
   6.97259774E-05   -7.74335920E-02
   7.14838335E-05   -7.74335919E-02
   7.32860069E-05   -7.74335918E-02
   7.51336146E-05   -7.74335918E-02
   7.70278023E-05   -7.74335917E-02
   7.89697442E-05   -7.74335917E-02
   8.09606443E-05   -7.74335916E-02
   8.30017367E-05   -7.74335915E-02
   8.50942870E-05   -7.74335915E-02
   8.72395924E-05   -7.74335914E-02
   8.94389830E-05   -7.74335913E-02
   9.16938222E-05   -7.74335912E-02
   9.40055079E-05   -7.74335911E-02
   9.63754734E-05   -7.74335910E-02
   9.88051880E-05   -7.74335909E-02
   1.01296158E-04   -7.74335908E-02
   1.03849927E-04   -7.74335907E-02
   1.06468080E-04   -7.74335906E-02
   1.09152238E-04   -7.74335905E-02
   1.11904067E-04   -7.74335903E-02
   1.14725271E-04   -7.74335902E-02
   1.17617601E-04   -7.74335901E-02
   1.20582849E-04   -7.74335899E-02
   1.23622854E-04   -7.74335898E-02
   1.26739500E-04   -7.74335896E-02
   1.29934720E-04   -7.74335894E-02
   1.33210494E-04   -7.74335893E-02
   1.36568853E-04   -7.74335891E-02
   1.40011880E-04   -7.74335889E-02
   1.43541708E-04   -7.74335887E-02
   1.47160527E-04   -7.74335884E-02
   1.50870580E-04   -7.74335882E-02
   1.54674166E-04   -7.74335880E-02
   1.58573644E-04   -7.74335877E-02
   1.62571432E-04   -7.74335874E-02
   1.66670008E-04   -7.74335872E-02
   1.70871912E-04   -7.74335869E-02
   1.75179751E-04   -7.74335865E-02
   1.79596194E-04   -7.74335862E-02
   1.84123979E-04   -7.74335859E-02
   1.88765915E-04   -7.74335855E-02
   1.93524877E-04   -7.74335851E-02
   1.98403818E-04   -7.74335847E-02
   2.03405761E-04   -7.74335843E-02
   2.08533808E-04   -7.74335839E-02
   2.13791137E-04   -7.74335834E-02
   2.19181009E-04   -7.74335829E-02
   2.24706764E-04   -7.74335824E-02
   2.30371829E-04   -7.74335819E-02
   2.36179715E-04   -7.74335813E-02
   2.42134023E-04   -7.74335807E-02
   2.48238445E-04   -7.74335801E-02
   2.54496765E-04   -7.74335794E-02
   2.60912863E-04   -7.74335787E-02
   2.67490717E-04   -7.74335780E-02
   2.74234404E-04   -7.74335772E-02
   2.81148107E-04   -7.74335764E-02
   2.88236109E-04   -7.74335756E-02
   2.95502807E-04   -7.74335747E-02
   3.02952706E-04   -7.74335738E-02
   3.10590423E-04   -7.74335728E-02
   3.18420693E-04   -7.74335718E-02
   3.26448373E-04   -7.74335707E-02
   3.34678437E-04   -7.74335695E-02
   3.43115989E-04   -7.74335683E-02
   3.51766259E-04   -7.74335671E-02
   3.60634611E-04   -7.74335658E-02
   3.69726542E-04   -7.74335644E-02
   3.79047689E-04   -7.74335629E-02
   3.88603830E-04   -7.74335614E-02
   3.98400891E-04   -7.74335598E-02
   4.08444945E-04   -7.74335581E-02
   4.18742218E-04   -7.74335563E-02
   4.29299096E-04   -7.74335544E-02
   4.40122121E-04   -7.74335524E-02
   4.51218006E-04   -7.74335504E-02
   4.62593628E-04   -7.74335482E-02
   4.74256039E-04   -7.74335459E-02
   4.86212471E-04   -7.74335435E-02
   4.98470336E-04   -7.74335410E-02
   5.11037233E-04   -7.74335383E-02
   5.23920952E-04   -7.74335355E-02
   5.37129482E-04   -7.74335326E-02
   5.50671012E-04   -7.74335295E-02
   5.64553935E-04   -7.74335263E-02
   5.78786861E-04   -7.74335229E-02
   5.93378611E-04   -7.74335193E-02
   6.08338233E-04   -7.74335155E-02
   6.23675000E-04   -7.74335116E-02
   6.39398422E-04   -7.74335074E-02
   6.55518245E-04   -7.74335031E-02
   6.72044464E-04   -7.74334985E-02
   6.88987325E-04   -7.74334936E-02
   7.06357330E-04   -7.74334886E-02
   7.24165250E-04   -7.74334832E-02
   7.42422123E-04   -7.74334776E-02
   7.61139269E-04   -7.74334717E-02
   7.80328292E-04   -7.74334656E-02
   8.00001087E-04   -7.74334590E-02
   8.20169852E-04   -7.74334522E-02
   8.40847090E-04   -7.74334450E-02
   8.62045620E-04   -7.74334375E-02
   8.83778585E-04   -7.74334295E-02
   9.06059458E-04   -7.74334212E-02
   9.28902052E-04   -7.74334124E-02
   9.52320529E-04   -7.74334032E-02
   9.76329407E-04   -7.74333935E-02
   1.00094357E-03   -7.74333833E-02
   1.02617828E-03   -7.74333726E-02
   1.05204918E-03   -7.74333613E-02
   1.07857231E-03   -7.74333495E-02
   1.10576411E-03   -7.74333370E-02
   1.13364145E-03   -7.74333239E-02
   1.16222159E-03   -7.74333102E-02
   1.19152227E-03   -7.74332957E-02
   1.22156164E-03   -7.74332806E-02
   1.25235834E-03   -7.74332646E-02
   1.28393145E-03   -7.74332478E-02
   1.31630054E-03   -7.74332302E-02
   1.34948569E-03   -7.74332116E-02
   1.38350747E-03   -7.74331921E-02
   1.41838697E-03   -7.74331716E-02
   1.45414581E-03   -7.74331501E-02
   1.49080617E-03   -7.74331275E-02
   1.52839077E-03   -7.74331037E-02
   1.56692291E-03   -7.74330786E-02
   1.60642648E-03   -7.74330523E-02
   1.64692597E-03   -7.74330247E-02
   1.68844649E-03   -7.74329956E-02
   1.73101378E-03   -7.74329651E-02
   1.77465424E-03   -7.74329330E-02
   1.81939491E-03   -7.74328992E-02
   1.86526353E-03   -7.74328637E-02
   1.91228854E-03   -7.74328264E-02
   1.96049910E-03   -7.74327872E-02
   2.00992509E-03   -7.74327459E-02
   2.06059715E-03   -7.74327026E-02
   2.11254670E-03   -7.74326570E-02
   2.16580595E-03   -7.74326091E-02
   2.22040792E-03   -7.74325587E-02
   2.27638645E-03   -7.74325057E-02
   2.33377625E-03   -7.74324500E-02
   2.39261290E-03   -7.74323915E-02
   2.45293288E-03   -7.74323299E-02
   2.51477357E-03   -7.74322652E-02
   2.57817333E-03   -7.74321972E-02
   2.64317146E-03   -7.74321256E-02
   2.70980825E-03   -7.74320504E-02
   2.77812501E-03   -7.74319712E-02
   2.84816411E-03   -7.74318881E-02
   2.91996895E-03   -7.74318006E-02
   2.99358406E-03   -7.74317086E-02
   3.06905507E-03   -7.74316118E-02
   3.14642878E-03   -7.74315101E-02
   3.22575315E-03   -7.74314031E-02
   3.30707736E-03   -7.74312906E-02
   3.39045183E-03   -7.74311723E-02
   3.47592824E-03   -7.74310478E-02
   3.56355960E-03   -7.74309169E-02
   3.65340022E-03   -7.74307792E-02
   3.74550581E-03   -7.74306344E-02
   3.83993346E-03   -7.74304820E-02
   3.93674172E-03   -7.74303218E-02
   4.03599061E-03   -7.74301532E-02
   4.13774165E-03   -7.74299758E-02
   4.24205793E-03   -7.74297892E-02
   4.34900412E-03   -7.74295929E-02
   4.45864653E-03   -7.74293863E-02
   4.57105312E-03   -7.74291689E-02
   4.68629358E-03   -7.74289402E-02
   4.80443936E-03   -7.74286995E-02
   4.92556370E-03   -7.74284461E-02
   5.04974170E-03   -7.74281795E-02
   5.17705035E-03   -7.74278988E-02
   5.30756856E-03   -7.74276034E-02
   5.44137725E-03   -7.74272924E-02
   5.57855939E-03   -7.74269650E-02
   5.71920001E-03   -7.74266202E-02
   5.86338632E-03   -7.74262572E-02
   6.01120769E-03   -7.74258749E-02
   6.16275578E-03   -7.74254723E-02
   6.31812453E-03   -7.74250482E-02
   6.47741028E-03   -7.74246015E-02
   6.64071176E-03   -7.74241309E-02
   6.80813022E-03   -7.74236351E-02
   6.97976946E-03   -7.74231126E-02
   7.15573588E-03   -7.74225619E-02
   7.33613858E-03   -7.74219816E-02
   7.52108940E-03   -7.74213697E-02
   7.71070299E-03   -7.74207247E-02
   7.90509692E-03   -7.74200445E-02
   8.10439170E-03   -7.74193272E-02
   8.30871089E-03   -7.74185706E-02
   8.51818115E-03   -7.74177724E-02
   8.73293235E-03   -7.74169302E-02
   8.95309762E-03   -7.74160414E-02
   9.17881346E-03   -7.74151032E-02
   9.41021981E-03   -7.74141127E-02
   9.64746013E-03   -7.74130667E-02
   9.89068149E-03   -7.74119620E-02
   1.01400347E-02   -7.74107950E-02
   1.03956743E-02   -7.74095618E-02
   1.06577588E-02   -7.74082584E-02
   1.09264508E-02   -7.74068805E-02
   1.12019167E-02   -7.74054233E-02
   1.14843273E-02   -7.74038821E-02
   1.17738578E-02   -7.74022513E-02
   1.20706876E-02   -7.74005254E-02
   1.23750007E-02   -7.73986982E-02
   1.26869859E-02   -7.73967632E-02
   1.30068365E-02   -7.73947133E-02
   1.33347509E-02   -7.73925411E-02
   1.36709322E-02   -7.73902384E-02
   1.40155890E-02   -7.73877965E-02
   1.43689349E-02   -7.73852060E-02
   1.47311890E-02   -7.73824569E-02
   1.51025759E-02   -7.73795382E-02
   1.54833258E-02   -7.73764384E-02
   1.58736747E-02   -7.73731448E-02
   1.62738646E-02   -7.73696437E-02
   1.66841438E-02   -7.73659205E-02
   1.71047664E-02   -7.73619593E-02
   1.75359933E-02   -7.73577430E-02
   1.79780919E-02   -7.73532530E-02
   1.84313362E-02   -7.73484692E-02
   1.88960071E-02   -7.73433699E-02
   1.93723929E-02   -7.73379316E-02
   1.98607888E-02   -7.73321287E-02
   2.03614976E-02   -7.73259335E-02
   2.08748297E-02   -7.73193161E-02
   2.14011034E-02   -7.73122437E-02
   2.19406449E-02   -7.73046809E-02
   2.24937888E-02   -7.72965893E-02
   2.30608780E-02   -7.72879270E-02
   2.36422640E-02   -7.72786483E-02
   2.42383072E-02   -7.72687037E-02
   2.48493773E-02   -7.72580391E-02
   2.54758530E-02   -7.72465957E-02
   2.61181227E-02   -7.72343094E-02
   2.67765847E-02   -7.72211102E-02
   2.74516471E-02   -7.72069216E-02
   2.81437284E-02   -7.71916605E-02
   2.88532577E-02   -7.71752359E-02
   2.95806749E-02   -7.71575483E-02
   3.03264310E-02   -7.71384893E-02
   3.10909883E-02   -7.71179401E-02
   3.18748208E-02   -7.70957711E-02
   3.26784144E-02   -7.70718401E-02
   3.35022673E-02   -7.70459921E-02
   3.43468904E-02   -7.70180569E-02
   3.52128071E-02   -7.69878485E-02
   3.61005545E-02   -7.69551631E-02
   3.70106827E-02   -7.69197776E-02
   3.79437561E-02   -7.68814473E-02
   3.89003532E-02   -7.68399043E-02
   3.98810670E-02   -7.67948548E-02
   4.08865054E-02   -7.67459768E-02
   4.19172919E-02   -7.66929170E-02
   4.29740655E-02   -7.66352883E-02
   4.40574813E-02   -7.65726658E-02
   4.51682110E-02   -7.65045833E-02
   4.63069432E-02   -7.64305296E-02
   4.74743840E-02   -7.63499434E-02
   4.86712569E-02   -7.62622089E-02
   4.98983042E-02   -7.61666503E-02
   5.11562864E-02   -7.60625255E-02
   5.24459836E-02   -7.59490202E-02
   5.37681951E-02   -7.58252405E-02
   5.51237409E-02   -7.56902048E-02
   5.65134612E-02   -7.55428358E-02
   5.79382177E-02   -7.53819506E-02
   5.93988935E-02   -7.52062507E-02
   6.08963944E-02   -7.50143106E-02
   6.24316486E-02   -7.48045655E-02
   6.40056080E-02   -7.45752979E-02
   6.56192484E-02   -7.43246222E-02
   6.72735702E-02   -7.40504695E-02
   6.89695989E-02   -7.37505690E-02
   7.07083860E-02   -7.34224294E-02
   7.24910096E-02   -7.30633170E-02
   7.43185748E-02   -7.26702336E-02
   7.61922146E-02   -7.22398906E-02
   7.81130905E-02   -7.17686821E-02
   8.00823935E-02   -7.12526549E-02
   8.21013445E-02   -7.06874762E-02
   8.41711951E-02   -7.00683983E-02
   8.62932285E-02   -6.93902202E-02
   8.84687603E-02   -6.86472466E-02
   9.06991393E-02   -6.78332421E-02
   9.29857482E-02   -6.69413831E-02
   9.53300046E-02   -6.59642052E-02
   9.77333619E-02   -6.48935458E-02
   1.00197310E-01   -6.37204835E-02
   1.02723377E-01   -6.24352716E-02
   1.05313128E-01   -6.10272677E-02
   1.07968169E-01   -5.94848575E-02
   1.10690146E-01   -5.77953735E-02
   1.13480746E-01   -5.59450084E-02
   1.16341700E-01   -5.39187227E-02
   1.19274782E-01   -5.17001463E-02
   1.22281809E-01   -4.92714752E-02
   1.25364646E-01   -4.66133611E-02
   1.28525205E-01   -4.37047973E-02
   1.31765443E-01   -4.05229973E-02
   1.35087372E-01   -3.70432698E-02
   1.38493049E-01   -3.32388889E-02
   1.41984586E-01   -2.90809603E-02
   1.45564149E-01   -2.45382851E-02
   1.49233955E-01   -1.95772216E-02
   1.52996281E-01   -1.41615479E-02
   1.56853458E-01   -8.25232471E-03
   1.60807878E-01   -1.80776393E-03
   1.64861993E-01    5.21689768E-03
   1.69018316E-01    1.28695141E-02
   1.73279423E-01    2.12011328E-02
   1.77647957E-01    3.02660790E-02
   1.82126626E-01    4.01220177E-02
   1.86718206E-01    5.08299869E-02
   1.91425544E-01    6.24543958E-02
   1.96251559E-01    7.50629800E-02
   2.01199241E-01    8.87267069E-02
   2.06271660E-01    1.03519620E-01
   2.11471958E-01    1.19518616E-01
   2.16803361E-01    1.36803133E-01
   2.22269174E-01    1.55454761E-01
   2.27872785E-01    1.75556729E-01
   2.33617667E-01    1.97193288E-01
   2.39507384E-01    2.20448956E-01
   2.45545586E-01    2.45407621E-01
   2.51736017E-01    2.72151486E-01
   2.58082514E-01    3.00759840E-01
   2.64589012E-01    3.31307660E-01
   2.71259545E-01    3.63864019E-01
   2.78098248E-01    3.98490301E-01
   2.85109361E-01    4.35238233E-01
   2.92297231E-01    4.74147730E-01
   2.99666313E-01    5.15244563E-01
   3.07221177E-01    5.58537888E-01
   3.14966506E-01    6.04017652E-01
   3.22907102E-01    6.51651928E-01
   3.31047888E-01    7.01384239E-01
   3.39393910E-01    7.53130932E-01
   3.47950344E-01    8.06778705E-01
   3.56722493E-01    8.62182378E-01
   3.65715795E-01    9.19163025E-01
   3.74935828E-01    9.77506617E-01
   3.84388306E-01    1.03696330E+00
   3.94079089E-01    1.09724748E+00
   4.04014186E-01    1.15803883E+00
   4.14199756E-01    1.21898444E+00
   4.24642114E-01    1.27970217E+00
   4.35347733E-01    1.33978534E+00
   4.46323251E-01    1.39880887E+00
   4.57575471E-01    1.45633686E+00
   4.69111370E-01    1.51193148E+00
   4.80938100E-01    1.56516326E+00
   4.93062993E-01    1.61562237E+00
   5.05493566E-01    1.66293063E+00
   5.18237525E-01    1.70675391E+00
   5.31302770E-01    1.74681429E+00
   5.44697403E-01    1.78290145E+00
   5.58429726E-01    1.81488242E+00
   5.72508255E-01    1.84270910E+00
   5.86941715E-01    1.86642238E+00
   6.01739057E-01    1.88615227E+00
   6.16909453E-01    1.90211274E+00
   6.32462309E-01    1.91459048E+00
   6.48407267E-01    1.92392646E+00
   6.64754212E-01    1.93048920E+00
   6.81513278E-01    1.93463865E+00
   6.98694856E-01    1.93667949E+00
   7.16309598E-01    1.93680278E+00
   7.34368423E-01    1.93501507E+00
   7.52882528E-01    1.93105462E+00
   7.71863390E-01    1.92429575E+00
   7.91322778E-01    1.91364478E+00
   8.11272754E-01    1.89743507E+00
   8.31725688E-01    1.87333550E+00
   8.52694259E-01    1.83829667E+00
   8.74191468E-01    1.78857221E+00
   8.96230640E-01    1.71986821E+00
   9.18825441E-01    1.62768787E+00
   9.41989877E-01    1.50794289E+00
   9.65738310E-01    1.35788533E+00
   9.90085463E-01    1.17735338E+00
   1.01504643E+00    9.70203800E-01
   1.04063669E+00    7.45613667E-01
   1.06687210E+00    5.18697463E-01
   1.09376893E+00    3.09671244E-01
   1.12134385E+00    1.40717135E-01
   1.14961396E+00    2.98524927E-02
   1.17859679E+00   -1.85574753E-02
   1.20831030E+00   -2.65155058E-02
   1.23877292E+00   -2.74590782E-02
   1.27000352E+00   -2.57021952E-02
   1.30202148E+00   -2.17213543E-02
   1.33484664E+00   -1.62890901E-02
   1.36849936E+00   -1.04154376E-02
   1.40300049E+00   -5.21180542E-03
   1.43837142E+00   -1.64477992E-03
   1.47463409E+00   -1.39520035E-04
   1.51181098E+00    0.00000000E+00
   1.54992513E+00    0.00000000E+00
   1.58900017E+00    0.00000000E+00
   1.62906033E+00    0.00000000E+00
   1.67013044E+00    0.00000000E+00
   1.71223597E+00    0.00000000E+00
   1.75540301E+00    0.00000000E+00
   1.79965834E+00    0.00000000E+00
   1.84502939E+00    0.00000000E+00
   1.89154428E+00    0.00000000E+00
   1.93923185E+00    0.00000000E+00
   1.98812168E+00    0.00000000E+00
   2.03824406E+00    0.00000000E+00
   2.08963007E+00    0.00000000E+00
   2.14231157E+00    0.00000000E+00
   2.19632122E+00    0.00000000E+00
   2.25169250E+00    0.00000000E+00
   2.30845974E+00    0.00000000E+00
   2.36665814E+00    0.00000000E+00
   2.42632377E+00    0.00000000E+00
   2.48749363E+00    0.00000000E+00
   2.55020564E+00    0.00000000E+00
   2.61449867E+00    0.00000000E+00
   2.68041260E+00    0.00000000E+00
   2.74798827E+00    0.00000000E+00
   2.81726759E+00    0.00000000E+00
   2.88829350E+00    0.00000000E+00
   2.96111004E+00    0.00000000E+00
   3.03576235E+00    0.00000000E+00
   3.11229672E+00    0.00000000E+00
   3.19076059E+00    0.00000000E+00
   3.27120260E+00    0.00000000E+00
   3.35367264E+00    0.00000000E+00
   3.43822182E+00    0.00000000E+00
   3.52490256E+00    0.00000000E+00
   3.61376860E+00    0.00000000E+00
   3.70487504E+00    0.00000000E+00
   3.79827835E+00    0.00000000E+00
   3.89403645E+00    0.00000000E+00
   3.99220870E+00    0.00000000E+00
   4.09285596E+00    0.00000000E+00
   4.19604063E+00    0.00000000E+00
   4.30182668E+00    0.00000000E+00
   4.41027970E+00    0.00000000E+00
   4.52146691E+00    0.00000000E+00
   4.63545726E+00    0.00000000E+00
   4.75232141E+00    0.00000000E+00
   4.87213182E+00    0.00000000E+00
   4.99496275E+00    0.00000000E+00
   5.12089037E+00    0.00000000E+00
   5.24999273E+00    0.00000000E+00
   5.38234989E+00    0.00000000E+00
   5.51804389E+00    0.00000000E+00
   5.65715886E+00    0.00000000E+00
   5.79978105E+00    0.00000000E+00
   5.94599888E+00    0.00000000E+00
   6.09590299E+00    0.00000000E+00
   6.24958632E+00    0.00000000E+00
   6.40714416E+00    0.00000000E+00
   6.56867416E+00    0.00000000E+00
   6.73427650E+00    0.00000000E+00
   6.90405381E+00    0.00000000E+00
   7.07811137E+00    0.00000000E+00
   7.25655709E+00    0.00000000E+00
   7.43950158E+00    0.00000000E+00
   7.62705827E+00    0.00000000E+00
   7.81934344E+00    0.00000000E+00
   8.01647630E+00    0.00000000E+00
   8.21857905E+00    0.00000000E+00
   8.42577700E+00    0.00000000E+00
   8.63819861E+00    0.00000000E+00
   8.85597556E+00    0.00000000E+00
   9.07924287E+00    0.00000000E+00
   9.30813895E+00    0.00000000E+00
   9.54280571E+00    0.00000000E+00
   9.78338864E+00    0.00000000E+00
   1.00300369E+01    0.00000000E+00
   1.02829034E+01    0.00000000E+00
   1.05421448E+01    0.00000000E+00
   1.08079220E+01    0.00000000E+00
   1.10803997E+01    0.00000000E+00
   1.13597468E+01    0.00000000E+00
   1.16461365E+01    0.00000000E+00
   1.19397463E+01    0.00000000E+00
   1.22407583E+01    0.00000000E+00
   1.25493591E+01    0.00000000E+00
   1.28657400E+01    0.00000000E+00
   1.31900972E+01    0.00000000E+00
   1.35226317E+01    0.00000000E+00
   1.38635497E+01    0.00000000E+00
   1.42130626E+01    0.00000000E+00
   1.45713870E+01    0.00000000E+00
   1.49387451E+01    0.00000000E+00
   1.53153646E+01    0.00000000E+00
   1.57014791E+01    0.00000000E+00
   1.60973278E+01    0.00000000E+00
   1.65031563E+01    0.00000000E+00
   1.69192161E+01    0.00000000E+00
   1.73457651E+01    0.00000000E+00
   1.77830678E+01    0.00000000E+00
   1.82313954E+01    0.00000000E+00
   1.86910257E+01    0.00000000E+00
   1.91622436E+01    0.00000000E+00
   1.96453415E+01    0.00000000E+00
   2.01406186E+01    0.00000000E+00
   2.06483822E+01    0.00000000E+00
   2.11689469E+01    0.00000000E+00
   2.17026356E+01    0.00000000E+00
   2.22497791E+01    0.00000000E+00
   2.28107165E+01    0.00000000E+00
   2.33857957E+01    0.00000000E+00
   2.39753732E+01    0.00000000E+00
   2.45798144E+01    0.00000000E+00
   2.51994942E+01    0.00000000E+00
   2.58347967E+01    0.00000000E+00
   2.64861157E+01    0.00000000E+00
   2.71538551E+01    0.00000000E+00
   2.78384288E+01    0.00000000E+00
   2.85402613E+01    0.00000000E+00
   2.92597876E+01    0.00000000E+00
   2.99974538E+01    0.00000000E+00
   3.07537172E+01    0.00000000E+00
   3.15290468E+01    0.00000000E+00
   3.23239231E+01    0.00000000E+00
   3.31388390E+01    0.00000000E+00
   3.39742997E+01    0.00000000E+00
   3.48308231E+01    0.00000000E+00
   3.57089403E+01    0.00000000E+00
   3.66091956E+01    0.00000000E+00
   3.75321471E+01    0.00000000E+00
   3.84783671E+01    0.00000000E+00
   3.94484422E+01    0.00000000E+00
   4.04429738E+01    0.00000000E+00
   4.14625785E+01    0.00000000E+00
   4.25078883E+01    0.00000000E+00
   4.35795513E+01    0.00000000E+00
   4.46782320E+01    0.00000000E+00
   4.58046114E+01    0.00000000E+00
   4.69593879E+01    0.00000000E+00
   4.81432773E+01    0.00000000E+00
   4.93570137E+01    0.00000000E+00
   5.06013496E+01    0.00000000E+00
   5.18770562E+01    0.00000000E+00
   5.31849246E+01    0.00000000E+00
   5.45257656E+01    0.00000000E+00
   5.59004104E+01    0.00000000E+00
   5.73097113E+01    0.00000000E+00
   5.87545419E+01    0.00000000E+00
   6.02357981E+01    0.00000000E+00
   6.17543981E+01    0.00000000E+00
   6.33112834E+01    0.00000000E+00
   6.49074192E+01    0.00000000E+00
   6.65437950E+01    0.00000000E+00
   6.82214255E+01    0.00000000E+00
   6.99413505E+01    0.00000000E+00
   7.17046364E+01    0.00000000E+00
   7.35123764E+01    0.00000000E+00
   7.53656911E+01    0.00000000E+00
   7.72657297E+01    0.00000000E+00
   7.92136699E+01    0.00000000E+00
   8.12107196E+01    0.00000000E+00
   8.32581167E+01    0.00000000E+00
   8.53571305E+01    0.00000000E+00
   8.75090625E+01    0.00000000E+00
   8.97152466E+01    0.00000000E+00
   9.19770507E+01    0.00000000E+00
   9.42958769E+01    0.00000000E+00
   9.66731629E+01    0.00000000E+00
   9.91103824E+01    0.00000000E+00
   1.01609046E+02    0.00000000E+00
   1.04170704E+02    0.00000000E+00
   1.06796944E+02    0.00000000E+00
   1.09489393E+02    0.00000000E+00
   1.12249722E+02    0.00000000E+00
