====================================ALL DATA====================================
                 normal_dfact_meV  high_dfact_meV  normal_ecut  high_ecut
Ag-sp.psp8               6.339668        0.490608           39         59
Al.psp8                  0.278961        0.350362           20         40
Ar.psp8                  0.116757        0.599242           26         46
As-d.psp8                0.493404        0.056709           40         60
As.psp8                  0.715722        0.763561           39         59
Au-sp.psp8               0.759943        1.159082           36         56
Au.psp8                  3.593363        3.503447           21         41
hm_Au-sp.psp8            3.904462        2.407756           20         40
B.psp8                   1.471452        1.496069           29         49
Ba-sp.psp8               0.908528        0.916998           28         48
Be-s.psp8                1.637338        1.608454           37         57
Bi-d.psp8                1.368508        0.217477           30         50
Br-d.psp8                0.989907        0.629210           37         57
C.psp8                   0.905761        1.702033           36         56
Ca-sp.psp8               3.608126        0.170556           34         54
Cd-sp.psp8               3.791534        2.523473           36         56
Cd.psp8                  2.242831        2.626932           32         52
Cl.psp8                  0.549088        0.654275           27         47
Co-sp.psp8              27.387052        1.982507           41         61
Cr-sp.psp8               9.888907        9.634886           49         69
Cs-sp.psp8               0.112601        0.117278           29         49
Cu-sp.psp8              47.141866        1.342215           41         61
F.psp8                   0.250257        0.201743           36         56
Fe-sp.psp8             240.698314        9.192269           49         69
Ga-d.psp8                0.634169        0.459472           39         59
Ga.psp8                  1.216524        1.363393           13         33
Ge-d.psp8                0.985586        0.204810           38         58
Ge.psp8                  0.350479        0.137230           17         37
Hf-p.psp8                1.972051        2.144288           18         38
Hf-spdf.psp8             1.748550        0.145047           45         65
Hg-sp.psp8               1.055096        0.500777           32         52
Hg.psp8                  0.856077        0.360504           24         44
hm_Hg.psp8               0.501441        0.480886           18         38
I-d.psp8                 0.902561        1.116758           36         56
I.psp8                   0.480956        0.468250           35         40
In-d.psp8                0.055807        0.056337           35         55
Ir-p.psp8                1.963549        1.711307           26         46
K-sp.psp8                0.754680        0.191016           37         57
Kr-d.psp8                0.591428        0.585366           44         64
Kr.psp8                  0.032026        0.017286           26         46
Mg-sp-nlcc.psp8          1.301804        2.616981           36         56
Mg-sp.psp8               0.348341        0.314769           36         56
Mg.psp8                  0.527403        0.541331           19         39
Mn-sp.psp8              14.744533       14.264726           49         69
Mo-sp.psp8               1.236001        1.945526           33         53
N.psp8                   2.607821        2.537702           34         54
Na-sp.psp8               0.418174        0.444804           40         60
Nb-sp.psp8               1.655670        1.601386           32         52
Ne.psp8                  0.032957        0.018397           41         61
Ni-sp.psp8              39.036481        0.175458           41         61
O-nlcc.psp8              1.226232        1.597571           40         60
O.psp8                   1.665769        1.664005           40         60
Os-p.psp8                1.003284        0.856814           20         40
P.psp8                   1.551231        1.307275           17         37
Pb-d.psp8                0.866831        0.285472           25         45
Pd-p.psp8                3.856941        2.347907           28         48
Pd-sp.psp8               6.741715        2.052325           35         55
Po-d.psp8                0.809352        0.181771           31         51
Pt.psp8                  5.392269        5.078922           21         41
Rb-sp.psp8               1.605187        0.204314           22         42
Re-p.psp8                0.759608        0.739497           20         40
Re-spdf.psp8             2.704170        1.482203           46         66
Rh-sp.psp8               2.586309        3.408176           36         56
Rn-d.psp8                0.242422        0.039392           35         55
Rn.psp8                  0.058838        0.047568           22         42
Ru-sp.psp8               2.349123        2.524854           36         56
S.psp8                   0.258629        0.032972           22         42
Sb-d.psp8                0.562057        0.420282           39         59
Sb.psp8                  0.545889        0.580869           16         36
Sc-sp.psp8               0.945930        1.567603           37         57
Se-d.psp8                0.618348        0.130469           40         60
Se.psp8                  1.266288        0.439899           22         42
Si.psp8                  1.425659        1.223566           16         36
Sn-d.psp8                0.186855        0.657628           35         55
Sr-sp.psp8               1.396579        1.310610           32         52
Ta-p.psp8                1.170409        0.929454           19         39
Tc-sp.psp8               2.003980        1.970115           32         52
Te-d.psp8                3.871212        1.106395           37         57
Te.psp8                  0.425687        0.422555           25         45
Ti-sp.psp8               0.623119        0.968082           40         60
Tl-d.psp8                0.530643        0.232741           29         49
V-sp.psp8                0.497074        1.125688           37         57
W-p.psp8                 3.921900        3.805897           20         40
Xe-d.psp8                0.052764        0.036971           42         62
Xe.psp8                  0.032945        0.037494           34         54
Y-sp.psp8                1.241091        1.005811           36         56
Zn-sp-nlcc.psp8          4.915624        0.267440           39         59
Zn-sp.psp8               0.067843        0.090466           39         59
Zn.psp8                  0.768986        0.583553           36         56
Zr-sp.psp8               0.669532        0.687015           34         54
       normal_dfact_meV  high_dfact_meV  normal_ecut  high_ecut
count         90.000000       90.000000    90.000000  90.000000
mean           5.517587        1.357807    32.088889  51.922222
std           26.038586        2.099576     8.660441   8.747684
min            0.032026        0.017286    13.000000  33.000000
25%            0.528213        0.241416    25.250000  45.000000
50%            0.987747        0.672322    35.000000  54.500000
75%            1.995998        1.606687    38.750000  58.750000
max          240.698314       14.264726    49.000000  69.000000
**************************************BAD***************************************
                 normal_dfact_meV  high_dfact_meV  normal_ecut  high_ecut
Au.psp8                  3.593363        3.503447           21         41
hm_Au-sp.psp8            3.904462        2.407756           20         40
B.psp8                   1.471452        1.496069           29         49
Be-s.psp8                1.637338        1.608454           37         57
C.psp8                   0.905761        1.702033           36         56
Cd-sp.psp8               3.791534        2.523473           36         56
Cd.psp8                  2.242831        2.626932           32         52
Co-sp.psp8              27.387052        1.982507           41         61
Cr-sp.psp8               9.888907        9.634886           49         69
Fe-sp.psp8             240.698314        9.192269           49         69
Ga.psp8                  1.216524        1.363393           13         33
Hf-p.psp8                1.972051        2.144288           18         38
Ir-p.psp8                1.963549        1.711307           26         46
Mg-sp-nlcc.psp8          1.301804        2.616981           36         56
Mn-sp.psp8              14.744533       14.264726           49         69
Mo-sp.psp8               1.236001        1.945526           33         53
N.psp8                   2.607821        2.537702           34         54
Nb-sp.psp8               1.655670        1.601386           32         52
O-nlcc.psp8              1.226232        1.597571           40         60
O.psp8                   1.665769        1.664005           40         60
Pd-p.psp8                3.856941        2.347907           28         48
Pd-sp.psp8               6.741715        2.052325           35         55
Pt.psp8                  5.392269        5.078922           21         41
Re-spdf.psp8             2.704170        1.482203           46         66
Rh-sp.psp8               2.586309        3.408176           36         56
Ru-sp.psp8               2.349123        2.524854           36         56
Sc-sp.psp8               0.945930        1.567603           37         57
Tc-sp.psp8               2.003980        1.970115           32         52
W-p.psp8                 3.921900        3.805897           20         40
ERRORS:
[('H.psp8', 'no deltafactor'),
 ('He.psp8', 'no deltafactor'),
 ('Li-s.psp8', 'no deltafactor')]















-------------------------
TODO:
-------------------------
Co-sp.psp8              27.387052        1.982507           41         61
Cr-sp.psp8               9.888907        9.634886           49         69
Cu-sp.psp8              47.141866        1.342215           41         61
Fe-sp.psp8             240.698314        9.192269           49         69
hm_Hg.psp8               0.501441        0.480886           18         38
Mg.psp8                  0.527403        0.541331           19         39
Mn-sp.psp8              14.744533       14.264726           49         69
Ni-sp.psp8              39.036481        0.175458           41         61

