# 
# Energy units: hartree
# Length units: bohr
#
# ------------------------------------
# |        r       |       v(r)      |
# ------------------------------------
    3.74165729E-05   -4.82347337E-01
    3.83598792E-05   -4.82347337E-01
    3.93269671E-05   -4.82347337E-01
    4.03184362E-05   -4.82347337E-01
    4.13349012E-05   -4.82347337E-01
    4.23769921E-05   -4.82347337E-01
    4.34453551E-05   -4.82347337E-01
    4.45406526E-05   -4.82347337E-01
    4.56635635E-05   -4.82347337E-01
    4.68147840E-05   -4.82347337E-01
    4.79950279E-05   -4.82347337E-01
    4.92050268E-05   -4.82347337E-01
    5.04455309E-05   -4.82347337E-01
    5.17173092E-05   -4.82347337E-01
    5.30211502E-05   -4.82347336E-01
    5.43578623E-05   -4.82347336E-01
    5.57282741E-05   -4.82347336E-01
    5.71332353E-05   -4.82347336E-01
    5.85736168E-05   -4.82347336E-01
    6.00503117E-05   -4.82347336E-01
    6.15642354E-05   -4.82347336E-01
    6.31163265E-05   -4.82347336E-01
    6.47075473E-05   -4.82347336E-01
    6.63388842E-05   -4.82347336E-01
    6.80113486E-05   -4.82347336E-01
    6.97259774E-05   -4.82347336E-01
    7.14838335E-05   -4.82347336E-01
    7.32860069E-05   -4.82347336E-01
    7.51336146E-05   -4.82347336E-01
    7.70278023E-05   -4.82347336E-01
    7.89697442E-05   -4.82347336E-01
    8.09606443E-05   -4.82347336E-01
    8.30017367E-05   -4.82347336E-01
    8.50942870E-05   -4.82347336E-01
    8.72395924E-05   -4.82347336E-01
    8.94389830E-05   -4.82347336E-01
    9.16938222E-05   -4.82347336E-01
    9.40055079E-05   -4.82347336E-01
    9.63754734E-05   -4.82347336E-01
    9.88051880E-05   -4.82347336E-01
    1.01296158E-04   -4.82347335E-01
    1.03849927E-04   -4.82347335E-01
    1.06468080E-04   -4.82347335E-01
    1.09152238E-04   -4.82347335E-01
    1.11904067E-04   -4.82347335E-01
    1.14725271E-04   -4.82347335E-01
    1.17617601E-04   -4.82347335E-01
    1.20582849E-04   -4.82347335E-01
    1.23622854E-04   -4.82347335E-01
    1.26739500E-04   -4.82347335E-01
    1.29934720E-04   -4.82347335E-01
    1.33210494E-04   -4.82347334E-01
    1.36568853E-04   -4.82347334E-01
    1.40011880E-04   -4.82347334E-01
    1.43541708E-04   -4.82347334E-01
    1.47160527E-04   -4.82347334E-01
    1.50870580E-04   -4.82347334E-01
    1.54674166E-04   -4.82347334E-01
    1.58573644E-04   -4.82347333E-01
    1.62571432E-04   -4.82347333E-01
    1.66670008E-04   -4.82347333E-01
    1.70871912E-04   -4.82347333E-01
    1.75179751E-04   -4.82347333E-01
    1.79596194E-04   -4.82347332E-01
    1.84123979E-04   -4.82347332E-01
    1.88765915E-04   -4.82347332E-01
    1.93524877E-04   -4.82347332E-01
    1.98403818E-04   -4.82347332E-01
    2.03405761E-04   -4.82347331E-01
    2.08533808E-04   -4.82347331E-01
    2.13791137E-04   -4.82347331E-01
    2.19181009E-04   -4.82347330E-01
    2.24706764E-04   -4.82347330E-01
    2.30371829E-04   -4.82347330E-01
    2.36179715E-04   -4.82347329E-01
    2.42134023E-04   -4.82347329E-01
    2.48238445E-04   -4.82347328E-01
    2.54496765E-04   -4.82347328E-01
    2.60912863E-04   -4.82347328E-01
    2.67490717E-04   -4.82347327E-01
    2.74234404E-04   -4.82347327E-01
    2.81148107E-04   -4.82347326E-01
    2.88236109E-04   -4.82347326E-01
    2.95502807E-04   -4.82347325E-01
    3.02952706E-04   -4.82347324E-01
    3.10590423E-04   -4.82347324E-01
    3.18420693E-04   -4.82347323E-01
    3.26448373E-04   -4.82347322E-01
    3.34678437E-04   -4.82347322E-01
    3.43115989E-04   -4.82347321E-01
    3.51766259E-04   -4.82347320E-01
    3.60634611E-04   -4.82347319E-01
    3.69726542E-04   -4.82347318E-01
    3.79047689E-04   -4.82347317E-01
    3.88603830E-04   -4.82347316E-01
    3.98400891E-04   -4.82347315E-01
    4.08444945E-04   -4.82347314E-01
    4.18742218E-04   -4.82347313E-01
    4.29299096E-04   -4.82347312E-01
    4.40122121E-04   -4.82347311E-01
    4.51218006E-04   -4.82347309E-01
    4.62593628E-04   -4.82347308E-01
    4.74256039E-04   -4.82347306E-01
    4.86212471E-04   -4.82347305E-01
    4.98470336E-04   -4.82347303E-01
    5.11037233E-04   -4.82347301E-01
    5.23920952E-04   -4.82347300E-01
    5.37129482E-04   -4.82347298E-01
    5.50671012E-04   -4.82347296E-01
    5.64553935E-04   -4.82347294E-01
    5.78786861E-04   -4.82347291E-01
    5.93378611E-04   -4.82347289E-01
    6.08338233E-04   -4.82347287E-01
    6.23675000E-04   -4.82347284E-01
    6.39398422E-04   -4.82347281E-01
    6.55518245E-04   -4.82347278E-01
    6.72044464E-04   -4.82347275E-01
    6.88987325E-04   -4.82347272E-01
    7.06357330E-04   -4.82347269E-01
    7.24165250E-04   -4.82347266E-01
    7.42422123E-04   -4.82347262E-01
    7.61139269E-04   -4.82347258E-01
    7.80328292E-04   -4.82347254E-01
    8.00001087E-04   -4.82347250E-01
    8.20169852E-04   -4.82347245E-01
    8.40847090E-04   -4.82347241E-01
    8.62045620E-04   -4.82347236E-01
    8.83778585E-04   -4.82347231E-01
    9.06059458E-04   -4.82347225E-01
    9.28902052E-04   -4.82347220E-01
    9.52320529E-04   -4.82347214E-01
    9.76329407E-04   -4.82347207E-01
    1.00094357E-03   -4.82347201E-01
    1.02617828E-03   -4.82347194E-01
    1.05204918E-03   -4.82347186E-01
    1.07857231E-03   -4.82347179E-01
    1.10576411E-03   -4.82347171E-01
    1.13364145E-03   -4.82347162E-01
    1.16222159E-03   -4.82347153E-01
    1.19152227E-03   -4.82347144E-01
    1.22156164E-03   -4.82347134E-01
    1.25235834E-03   -4.82347124E-01
    1.28393145E-03   -4.82347113E-01
    1.31630054E-03   -4.82347101E-01
    1.34948569E-03   -4.82347089E-01
    1.38350747E-03   -4.82347077E-01
    1.41838697E-03   -4.82347063E-01
    1.45414581E-03   -4.82347049E-01
    1.49080617E-03   -4.82347035E-01
    1.52839077E-03   -4.82347019E-01
    1.56692291E-03   -4.82347003E-01
    1.60642648E-03   -4.82346986E-01
    1.64692597E-03   -4.82346968E-01
    1.68844649E-03   -4.82346949E-01
    1.73101378E-03   -4.82346930E-01
    1.77465424E-03   -4.82346909E-01
    1.81939491E-03   -4.82346887E-01
    1.86526353E-03   -4.82346864E-01
    1.91228854E-03   -4.82346840E-01
    1.96049910E-03   -4.82346814E-01
    2.00992509E-03   -4.82346788E-01
    2.06059715E-03   -4.82346760E-01
    2.11254670E-03   -4.82346730E-01
    2.16580595E-03   -4.82346699E-01
    2.22040792E-03   -4.82346667E-01
    2.27638645E-03   -4.82346632E-01
    2.33377625E-03   -4.82346596E-01
    2.39261290E-03   -4.82346559E-01
    2.45293288E-03   -4.82346519E-01
    2.51477357E-03   -4.82346477E-01
    2.57817333E-03   -4.82346433E-01
    2.64317146E-03   -4.82346387E-01
    2.70980825E-03   -4.82346338E-01
    2.77812501E-03   -4.82346288E-01
    2.84816411E-03   -4.82346234E-01
    2.91996895E-03   -4.82346178E-01
    2.99358406E-03   -4.82346118E-01
    3.06905507E-03   -4.82346056E-01
    3.14642878E-03   -4.82345991E-01
    3.22575315E-03   -4.82345922E-01
    3.30707736E-03   -4.82345850E-01
    3.39045183E-03   -4.82345774E-01
    3.47592824E-03   -4.82345694E-01
    3.56355960E-03   -4.82345610E-01
    3.65340022E-03   -4.82345522E-01
    3.74550581E-03   -4.82345429E-01
    3.83993346E-03   -4.82345332E-01
    3.93674172E-03   -4.82345229E-01
    4.03599061E-03   -4.82345122E-01
    4.13774165E-03   -4.82345009E-01
    4.24205793E-03   -4.82344890E-01
    4.34900412E-03   -4.82344765E-01
    4.45864653E-03   -4.82344633E-01
    4.57105312E-03   -4.82344495E-01
    4.68629358E-03   -4.82344350E-01
    4.80443936E-03   -4.82344197E-01
    4.92556370E-03   -4.82344037E-01
    5.04974170E-03   -4.82343868E-01
    5.17705035E-03   -4.82343691E-01
    5.30756856E-03   -4.82343505E-01
    5.44137725E-03   -4.82343309E-01
    5.57855939E-03   -4.82343103E-01
    5.71920001E-03   -4.82342887E-01
    5.86338632E-03   -4.82342660E-01
    6.01120769E-03   -4.82342420E-01
    6.16275578E-03   -4.82342169E-01
    6.31812453E-03   -4.82341905E-01
    6.47741028E-03   -4.82341628E-01
    6.64071176E-03   -4.82341336E-01
    6.80813022E-03   -4.82341029E-01
    6.97976946E-03   -4.82340707E-01
    7.15573588E-03   -4.82340368E-01
    7.33613858E-03   -4.82340011E-01
    7.52108940E-03   -4.82339637E-01
    7.71070299E-03   -4.82339243E-01
    7.90509692E-03   -4.82338829E-01
    8.10439170E-03   -4.82338394E-01
    8.30871089E-03   -4.82337937E-01
    8.51818115E-03   -4.82337456E-01
    8.73293235E-03   -4.82336950E-01
    8.95309762E-03   -4.82336419E-01
    9.17881346E-03   -4.82335861E-01
    9.41021981E-03   -4.82335273E-01
    9.64746013E-03   -4.82334656E-01
    9.89068149E-03   -4.82334007E-01
    1.01400347E-02   -4.82333325E-01
    1.03956743E-02   -4.82332607E-01
    1.06577588E-02   -4.82331853E-01
    1.09264508E-02   -4.82331060E-01
    1.12019167E-02   -4.82330227E-01
    1.14843273E-02   -4.82329350E-01
    1.17738578E-02   -4.82328429E-01
    1.20706876E-02   -4.82327460E-01
    1.23750007E-02   -4.82326442E-01
    1.26869859E-02   -4.82325371E-01
    1.30068365E-02   -4.82324244E-01
    1.33347509E-02   -4.82323060E-01
    1.36709322E-02   -4.82321815E-01
    1.40155890E-02   -4.82320506E-01
    1.43689349E-02   -4.82319129E-01
    1.47311890E-02   -4.82317681E-01
    1.51025759E-02   -4.82316159E-01
    1.54833258E-02   -4.82314558E-01
    1.58736747E-02   -4.82312874E-01
    1.62738646E-02   -4.82311103E-01
    1.66841438E-02   -4.82309240E-01
    1.71047664E-02   -4.82307282E-01
    1.75359933E-02   -4.82305221E-01
    1.79780919E-02   -4.82303054E-01
    1.84313362E-02   -4.82300775E-01
    1.88960071E-02   -4.82298377E-01
    1.93723929E-02   -4.82295854E-01
    1.98607888E-02   -4.82293201E-01
    2.03614976E-02   -4.82290409E-01
    2.08748297E-02   -4.82287472E-01
    2.14011034E-02   -4.82284382E-01
    2.19406449E-02   -4.82281131E-01
    2.24937888E-02   -4.82277709E-01
    2.30608780E-02   -4.82274109E-01
    2.36422640E-02   -4.82270320E-01
    2.42383072E-02   -4.82266332E-01
    2.48493773E-02   -4.82262135E-01
    2.54758530E-02   -4.82257718E-01
    2.61181227E-02   -4.82253067E-01
    2.67765847E-02   -4.82248172E-01
    2.74516471E-02   -4.82243018E-01
    2.81437284E-02   -4.82237591E-01
    2.88532577E-02   -4.82231877E-01
    2.95806749E-02   -4.82225859E-01
    3.03264310E-02   -4.82219522E-01
    3.10909883E-02   -4.82212847E-01
    3.18748208E-02   -4.82205815E-01
    3.26784144E-02   -4.82198407E-01
    3.35022673E-02   -4.82190603E-01
    3.43468904E-02   -4.82182378E-01
    3.52128071E-02   -4.82173711E-01
    3.61005545E-02   -4.82164575E-01
    3.70106827E-02   -4.82154945E-01
    3.79437561E-02   -4.82144793E-01
    3.89003532E-02   -4.82134087E-01
    3.98810670E-02   -4.82122797E-01
    4.08865054E-02   -4.82110889E-01
    4.19172919E-02   -4.82098327E-01
    4.29740655E-02   -4.82085073E-01
    4.40574813E-02   -4.82071086E-01
    4.51682110E-02   -4.82056322E-01
    4.63069432E-02   -4.82040737E-01
    4.74743840E-02   -4.82024281E-01
    4.86712569E-02   -4.82006901E-01
    4.98983042E-02   -4.81988542E-01
    5.11562864E-02   -4.81969145E-01
    5.24459836E-02   -4.81948646E-01
    5.37681951E-02   -4.81926978E-01
    5.51237409E-02   -4.81904068E-01
    5.65134612E-02   -4.81879838E-01
    5.79382177E-02   -4.81854207E-01
    5.93988935E-02   -4.81827086E-01
    6.08963944E-02   -4.81798380E-01
    6.24316486E-02   -4.81767987E-01
    6.40056080E-02   -4.81735800E-01
    6.56192484E-02   -4.81701703E-01
    6.72735702E-02   -4.81665569E-01
    6.89695989E-02   -4.81627266E-01
    7.07083860E-02   -4.81586650E-01
    7.24910096E-02   -4.81543567E-01
    7.43185748E-02   -4.81497851E-01
    7.61922146E-02   -4.81449324E-01
    7.81130905E-02   -4.81397794E-01
    8.00823935E-02   -4.81343057E-01
    8.21013445E-02   -4.81284890E-01
    8.41711951E-02   -4.81223055E-01
    8.62932285E-02   -4.81157295E-01
    8.84687603E-02   -4.81087335E-01
    9.06991393E-02   -4.81012875E-01
    9.29857482E-02   -4.80933595E-01
    9.53300046E-02   -4.80849149E-01
    9.77333619E-02   -4.80759164E-01
    1.00197310E-01   -4.80663237E-01
    1.02723377E-01   -4.80560934E-01
    1.05313128E-01   -4.80451786E-01
    1.07968169E-01   -4.80335287E-01
    1.10690146E-01   -4.80210892E-01
    1.13480746E-01   -4.80078012E-01
    1.16341700E-01   -4.79936010E-01
    1.19274782E-01   -4.79784201E-01
    1.22281809E-01   -4.79621843E-01
    1.25364646E-01   -4.79448136E-01
    1.28525205E-01   -4.79262218E-01
    1.31765443E-01   -4.79063157E-01
    1.35087372E-01   -4.78849949E-01
    1.38493049E-01   -4.78621509E-01
    1.41984586E-01   -4.78376668E-01
    1.45564149E-01   -4.78114168E-01
    1.49233955E-01   -4.77832651E-01
    1.52996281E-01   -4.77530653E-01
    1.56853458E-01   -4.77206603E-01
    1.60807878E-01   -4.76858805E-01
    1.64861993E-01   -4.76485439E-01
    1.69018316E-01   -4.76084548E-01
    1.73279423E-01   -4.75654033E-01
    1.77647957E-01   -4.75191639E-01
    1.82126626E-01   -4.74694950E-01
    1.86718206E-01   -4.74161382E-01
    1.91425544E-01   -4.73588168E-01
    1.96251559E-01   -4.72972355E-01
    2.01199241E-01   -4.72310791E-01
    2.06271660E-01   -4.71600118E-01
    2.11471958E-01   -4.70836766E-01
    2.16803361E-01   -4.70016945E-01
    2.22269174E-01   -4.69136635E-01
    2.27872785E-01   -4.68191588E-01
    2.33617667E-01   -4.67177319E-01
    2.39507384E-01   -4.66089105E-01
    2.45545586E-01   -4.64921987E-01
    2.51736017E-01   -4.63670776E-01
    2.58082514E-01   -4.62330050E-01
    2.64589012E-01   -4.60894176E-01
    2.71259545E-01   -4.59357312E-01
    2.78098248E-01   -4.57713435E-01
    2.85109361E-01   -4.55956360E-01
    2.92297231E-01   -4.54079771E-01
    2.99666313E-01   -4.52077258E-01
    3.07221177E-01   -4.49942363E-01
    3.14966506E-01   -4.47668630E-01
    3.22907102E-01   -4.45249667E-01
    3.31047888E-01   -4.42679217E-01
    3.39393910E-01   -4.39951242E-01
    3.47950344E-01   -4.37060011E-01
    3.56722493E-01   -4.34000206E-01
    3.65715795E-01   -4.30767038E-01
    3.74935828E-01   -4.27356374E-01
    3.84388306E-01   -4.23764872E-01
    3.94079089E-01   -4.19990138E-01
    4.04014186E-01   -4.16030882E-01
    4.14199756E-01   -4.11887092E-01
    4.24642114E-01   -4.07560211E-01
    4.35347733E-01   -4.03053325E-01
    4.46323251E-01   -3.98371354E-01
    4.57575471E-01   -3.93521241E-01
    4.69111370E-01   -3.88512144E-01
    4.80938100E-01   -3.83355622E-01
    4.93062993E-01   -3.78065812E-01
    5.05493566E-01   -3.72659589E-01
    5.18237525E-01   -3.67156715E-01
    5.31302770E-01   -3.61579963E-01
    5.44697403E-01   -3.55955210E-01
    5.58429726E-01   -3.50311513E-01
    5.72508255E-01   -3.44681135E-01
    5.86941715E-01   -3.39099549E-01
    6.01739057E-01   -3.33605393E-01
    6.16909453E-01   -3.28240389E-01
    6.32462309E-01   -3.23049211E-01
    6.48407267E-01   -3.18079316E-01
    6.64754212E-01   -3.13380717E-01
    6.81513278E-01   -3.09005693E-01
    6.98694856E-01   -3.05008440E-01
    7.16309598E-01   -3.01444626E-01
    7.34368423E-01   -2.98370830E-01
    7.52882528E-01   -2.95843834E-01
    7.71863390E-01   -2.93919701E-01
    7.91322778E-01   -2.92652588E-01
    8.11272754E-01   -2.92093193E-01
    8.31725688E-01   -2.92286753E-01
    8.52694259E-01   -2.93270485E-01
    8.74191468E-01   -2.95070396E-01
    8.96230640E-01   -2.97697410E-01
    9.18825441E-01   -3.01142873E-01
    9.41989877E-01   -3.05373651E-01
    9.65738310E-01   -3.10327247E-01
    9.90085463E-01   -3.15907698E-01
    1.01504643E+00   -3.21983345E-01
    1.04063669E+00   -3.28387887E-01
    1.06687210E+00   -3.34926267E-01
    1.09376893E+00   -3.41386623E-01
    1.12134385E+00   -3.47558597E-01
    1.14961396E+00   -3.53256318E-01
    1.17859679E+00   -3.58341235E-01
    1.20831030E+00   -3.62735315E-01
    1.23877292E+00   -3.66411090E-01
    1.27000352E+00   -3.69369277E-01
    1.30202148E+00   -3.71628310E-01
    1.33484664E+00   -3.73211861E-01
    1.36849936E+00   -3.74143430E-01
    1.40300049E+00   -3.74446223E-01
    1.43837142E+00   -3.74143279E-01
    1.47463409E+00   -3.73257572E-01
    1.51181098E+00   -3.71812092E-01
    1.54992513E+00   -3.69829921E-01
    1.58900017E+00   -3.67334281E-01
    1.62906033E+00   -3.64348575E-01
    1.67013044E+00   -3.60896405E-01
    1.71223597E+00   -3.57001589E-01
    1.75540301E+00   -3.52688137E-01
    1.79965834E+00   -3.47980260E-01
    1.84502939E+00   -3.42902314E-01
    1.89154428E+00   -3.37478777E-01
    1.93923185E+00   -3.31734197E-01
    1.98812168E+00   -3.25693135E-01
    2.03824406E+00   -3.19380105E-01
    2.08963007E+00   -3.12819513E-01
    2.14231157E+00   -3.06035580E-01
    2.19632122E+00   -2.99052280E-01
    2.25169250E+00   -2.91893265E-01
    2.30845974E+00   -2.84581795E-01
    2.36665814E+00   -2.77140667E-01
    2.42632377E+00   -2.69592154E-01
    2.48749363E+00   -2.61957935E-01
    2.55020564E+00   -2.54259039E-01
    2.61449867E+00   -2.46515790E-01
    2.68041260E+00   -2.38747753E-01
    2.74798827E+00   -2.30973692E-01
    2.81726759E+00   -2.23211532E-01
    2.88829350E+00   -2.15478318E-01
    2.96111004E+00   -2.07790197E-01
    3.03576235E+00   -2.00162386E-01
    3.11229672E+00   -1.92609164E-01
    3.19076059E+00   -1.85143855E-01
    3.27120260E+00   -1.77778825E-01
    3.35367264E+00   -1.70525485E-01
    3.43822182E+00   -1.63394294E-01
    3.52490256E+00   -1.56394767E-01
    3.61376860E+00   -1.49535496E-01
    3.70487504E+00   -1.42824162E-01
    3.79827835E+00   -1.36267566E-01
    3.89403645E+00   -1.29871648E-01
    3.99220870E+00   -1.23641524E-01
    4.09285596E+00   -1.17581510E-01
    4.19604063E+00   -1.11695168E-01
    4.30182668E+00   -1.05985333E-01
    4.41027970E+00   -1.00454158E-01
    4.52146691E+00   -9.51031533E-02
    4.63545726E+00   -8.99332216E-02
    4.75232141E+00   -8.49447047E-02
    4.87213182E+00   -8.01374218E-02
    4.99496275E+00   -7.55107100E-02
    5.12089037E+00   -7.10634606E-02
    5.24999273E+00   -6.67941626E-02
    5.38234989E+00   -6.27009334E-02
    5.51804389E+00   -5.87815566E-02
    5.65715886E+00   -5.50335133E-02
    5.79978105E+00   -5.14540127E-02
    5.94599888E+00   -4.80400210E-02
    6.09590299E+00   -4.47882854E-02
    6.24958632E+00   -4.16953573E-02
    6.40714416E+00   -3.87576175E-02
    6.56867416E+00   -3.59712934E-02
    6.73427650E+00   -3.33324736E-02
    6.90405381E+00   -3.08371288E-02
    7.07811137E+00   -2.84811210E-02
    7.25655709E+00   -2.62602229E-02
    7.43950158E+00   -2.41701232E-02
    7.62705827E+00   -2.22064435E-02
    7.81934344E+00   -2.03647459E-02
    8.01647630E+00   -1.86405470E-02
    8.21857905E+00   -1.70293241E-02
    8.42577700E+00   -1.55265307E-02
    8.63819861E+00   -1.41276038E-02
    8.85597556E+00   -1.28279767E-02
    9.07924287E+00   -1.16230899E-02
    9.30813895E+00   -1.05084018E-02
    9.54280571E+00   -9.47940321E-03
    9.78338864E+00   -8.53162417E-03
    1.00300369E+01   -7.66065343E-03
    1.02829034E+01   -6.86214306E-03
    1.05421448E+01   -6.13182407E-03
    1.08079220E+01   -5.46551624E-03
    1.10803997E+01   -4.85914319E-03
    1.13597468E+01   -4.30873480E-03
    1.16461365E+01   -3.81044487E-03
    1.19397463E+01   -3.36055550E-03
    1.22407583E+01   -2.95548656E-03
    1.25493591E+01   -2.59180202E-03
    1.28657400E+01   -2.26621644E-03
    1.31900972E+01   -1.97559699E-03
    1.35226317E+01   -1.71697195E-03
    1.38635497E+01   -1.48752825E-03
    1.42130626E+01   -1.28461483E-03
    1.45713870E+01   -1.10574262E-03
    1.49387451E+01   -9.48582409E-04
    1.53153646E+01   -8.10964547E-04
    1.57014791E+01   -6.90874434E-04
    1.60973278E+01   -5.86449205E-04
    1.65031563E+01   -4.95973566E-04
    1.69192161E+01   -4.17873348E-04
    1.73457651E+01   -3.50710871E-04
    1.77830678E+01   -2.93177938E-04
    1.82313954E+01   -2.44089250E-04
    1.86910257E+01   -2.02375422E-04
    1.91622436E+01   -1.67075832E-04
    1.96453415E+01   -1.37331265E-04
    2.01406186E+01   -1.12376730E-04
    2.06483822E+01   -9.15339484E-05
    2.11689469E+01    0.00000000E+00
    2.17026356E+01    0.00000000E+00
    2.22497791E+01    0.00000000E+00
    2.28107165E+01    0.00000000E+00
    2.33857957E+01    0.00000000E+00
    2.39753732E+01    0.00000000E+00
    2.45798144E+01    0.00000000E+00
    2.51994942E+01    0.00000000E+00
    2.58347967E+01    0.00000000E+00
    2.64861157E+01    0.00000000E+00
    2.71538551E+01    0.00000000E+00
    2.78384288E+01    0.00000000E+00
    2.85402613E+01    0.00000000E+00
    2.92597876E+01    0.00000000E+00
    2.99974538E+01    0.00000000E+00
    3.07537172E+01    0.00000000E+00
    3.15290468E+01    0.00000000E+00
    3.23239231E+01    0.00000000E+00
    3.31388390E+01    0.00000000E+00
    3.39742997E+01    0.00000000E+00
    3.48308231E+01    0.00000000E+00
    3.57089403E+01    0.00000000E+00
    3.66091956E+01    0.00000000E+00
    3.75321471E+01    0.00000000E+00
    3.84783671E+01    0.00000000E+00
    3.94484422E+01    0.00000000E+00
    4.04429738E+01    0.00000000E+00
    4.14625785E+01    0.00000000E+00
    4.25078883E+01    0.00000000E+00
    4.35795513E+01    0.00000000E+00
    4.46782320E+01    0.00000000E+00
    4.58046114E+01    0.00000000E+00
    4.69593879E+01    0.00000000E+00
    4.81432773E+01    0.00000000E+00
    4.93570137E+01    0.00000000E+00
    5.06013496E+01    0.00000000E+00
    5.18770562E+01    0.00000000E+00
    5.31849246E+01    0.00000000E+00
    5.45257656E+01    0.00000000E+00
    5.59004104E+01    0.00000000E+00
    5.73097113E+01    0.00000000E+00
    5.87545419E+01    0.00000000E+00
    6.02357981E+01    0.00000000E+00
    6.17543981E+01    0.00000000E+00
    6.33112834E+01    0.00000000E+00
    6.49074192E+01    0.00000000E+00
    6.65437950E+01    0.00000000E+00
    6.82214255E+01    0.00000000E+00
    6.99413505E+01    0.00000000E+00
    7.17046364E+01    0.00000000E+00
    7.35123764E+01    0.00000000E+00
    7.53656911E+01    0.00000000E+00
    7.72657297E+01    0.00000000E+00
    7.92136699E+01    0.00000000E+00
    8.12107196E+01    0.00000000E+00
    8.32581167E+01    0.00000000E+00
    8.53571305E+01    0.00000000E+00
    8.75090625E+01    0.00000000E+00
    8.97152466E+01    0.00000000E+00
    9.19770507E+01    0.00000000E+00
    9.42958769E+01    0.00000000E+00
    9.66731629E+01    0.00000000E+00
    9.91103824E+01    0.00000000E+00
    1.01609046E+02    0.00000000E+00
    1.04170704E+02    0.00000000E+00
    1.06796944E+02    0.00000000E+00
    1.09489393E+02    0.00000000E+00
    1.12249722E+02    0.00000000E+00
