# Radial wavefunctions and first derivative.
# Energy units: hartree
# Length units: bohr
#
# State: 3s
# Nodes: 
# Peaks:     0.469111      1.755403  
   3.74165729E-05    8.59298531E-01   -1.73712495E-04
   3.83598792E-05    8.59298530E-01   -1.78091947E-04
   3.93269671E-05    8.59298530E-01   -1.82581809E-04
   4.03184362E-05    8.59298530E-01   -1.87184864E-04
   4.13349012E-05    8.59298530E-01   -1.91903967E-04
   4.23769921E-05    8.59298530E-01   -1.96742043E-04
   4.34453551E-05    8.59298529E-01   -2.01702091E-04
   4.45406526E-05    8.59298529E-01   -2.06787187E-04
   4.56635635E-05    8.59298529E-01   -2.12000483E-04
   4.68147840E-05    8.59298529E-01   -2.17345210E-04
   4.79950279E-05    8.59298528E-01   -2.22824683E-04
   4.92050268E-05    8.59298528E-01   -2.28442299E-04
   5.04455309E-05    8.59298528E-01   -2.34201540E-04
   5.17173092E-05    8.59298528E-01   -2.40105976E-04
   5.30211502E-05    8.59298527E-01   -2.46159269E-04
   5.43578623E-05    8.59298527E-01   -2.52365171E-04
   5.57282741E-05    8.59298527E-01   -2.58727530E-04
   5.71332353E-05    8.59298526E-01   -2.65250289E-04
   5.85736168E-05    8.59298526E-01   -2.71937493E-04
   6.00503117E-05    8.59298525E-01   -2.78793288E-04
   6.15642354E-05    8.59298525E-01   -2.85821924E-04
   6.31163265E-05    8.59298525E-01   -2.93027758E-04
   6.47075473E-05    8.59298524E-01   -3.00415258E-04
   6.63388842E-05    8.59298524E-01   -3.07989003E-04
   6.80113486E-05    8.59298523E-01   -3.15753690E-04
   6.97259774E-05    8.59298522E-01   -3.23714131E-04
   7.14838335E-05    8.59298522E-01   -3.31875263E-04
   7.32860069E-05    8.59298521E-01   -3.40242144E-04
   7.51336146E-05    8.59298521E-01   -3.48819962E-04
   7.70278023E-05    8.59298520E-01   -3.57614034E-04
   7.89697442E-05    8.59298519E-01   -3.66629814E-04
   8.09606443E-05    8.59298519E-01   -3.75872889E-04
   8.30017367E-05    8.59298518E-01   -3.85348991E-04
   8.50942870E-05    8.59298517E-01   -3.95063994E-04
   8.72395924E-05    8.59298516E-01   -4.05023921E-04
   8.94389830E-05    8.59298515E-01   -4.15234947E-04
   9.16938222E-05    8.59298514E-01   -4.25703403E-04
   9.40055079E-05    8.59298513E-01   -4.36435777E-04
   9.63754734E-05    8.59298512E-01   -4.47438725E-04
   9.88051880E-05    8.59298511E-01   -4.58719068E-04
   1.01296158E-04    8.59298510E-01   -4.70283798E-04
   1.03849927E-04    8.59298509E-01   -4.82140085E-04
   1.06468080E-04    8.59298507E-01   -4.94295281E-04
   1.09152238E-04    8.59298506E-01   -5.06756920E-04
   1.11904067E-04    8.59298505E-01   -5.19532729E-04
   1.14725271E-04    8.59298503E-01   -5.32630627E-04
   1.17617601E-04    8.59298502E-01   -5.46058736E-04
   1.20582849E-04    8.59298500E-01   -5.59825379E-04
   1.23622854E-04    8.59298498E-01   -5.73939092E-04
   1.26739500E-04    8.59298496E-01   -5.88408625E-04
   1.29934720E-04    8.59298495E-01   -6.03242948E-04
   1.33210494E-04    8.59298493E-01   -6.18451258E-04
   1.36568853E-04    8.59298490E-01   -6.34042983E-04
   1.40011880E-04    8.59298488E-01   -6.50027790E-04
   1.43541708E-04    8.59298486E-01   -6.66415589E-04
   1.47160527E-04    8.59298483E-01   -6.83216539E-04
   1.50870580E-04    8.59298481E-01   -7.00441056E-04
   1.54674166E-04    8.59298478E-01   -7.18099820E-04
   1.58573644E-04    8.59298475E-01   -7.36203777E-04
   1.62571432E-04    8.59298472E-01   -7.54764151E-04
   1.66670008E-04    8.59298469E-01   -7.73792449E-04
   1.70871912E-04    8.59298466E-01   -7.93300468E-04
   1.75179751E-04    8.59298463E-01   -8.13300302E-04
   1.79596194E-04    8.59298459E-01   -8.33804350E-04
   1.84123979E-04    8.59298455E-01   -8.54825324E-04
   1.88765915E-04    8.59298451E-01   -8.76376256E-04
   1.93524877E-04    8.59298447E-01   -8.98470507E-04
   1.98403818E-04    8.59298442E-01   -9.21121773E-04
   2.03405761E-04    8.59298438E-01   -9.44344099E-04
   2.08533808E-04    8.59298433E-01   -9.68151881E-04
   2.13791137E-04    8.59298428E-01   -9.92559879E-04
   2.19181009E-04    8.59298422E-01   -1.01758322E-03
   2.24706764E-04    8.59298417E-01   -1.04323743E-03
   2.30371829E-04    8.59298411E-01   -1.06953840E-03
   2.36179715E-04    8.59298404E-01   -1.09650245E-03
   2.42134023E-04    8.59298398E-01   -1.12414628E-03
   2.48238445E-04    8.59298391E-01   -1.15248704E-03
   2.54496765E-04    8.59298383E-01   -1.18154229E-03
   2.60912863E-04    8.59298376E-01   -1.21133006E-03
   2.67490717E-04    8.59298368E-01   -1.24186880E-03
   2.74234404E-04    8.59298359E-01   -1.27317745E-03
   2.81148107E-04    8.59298350E-01   -1.30527542E-03
   2.88236109E-04    8.59298341E-01   -1.33818260E-03
   2.95502807E-04    8.59298331E-01   -1.37191941E-03
   3.02952706E-04    8.59298321E-01   -1.40650675E-03
   3.10590423E-04    8.59298310E-01   -1.44196607E-03
   3.18420693E-04    8.59298298E-01   -1.47831936E-03
   3.26448373E-04    8.59298286E-01   -1.51558914E-03
   3.34678437E-04    8.59298274E-01   -1.55379852E-03
   3.43115989E-04    8.59298260E-01   -1.59297120E-03
   3.51766259E-04    8.59298247E-01   -1.63313146E-03
   3.60634611E-04    8.59298232E-01   -1.67430419E-03
   3.69726542E-04    8.59298216E-01   -1.71651492E-03
   3.79047689E-04    8.59298200E-01   -1.75978983E-03
   3.88603830E-04    8.59298183E-01   -1.80415573E-03
   3.98400891E-04    8.59298165E-01   -1.84964013E-03
   4.08444945E-04    8.59298146E-01   -1.89627124E-03
   4.18742218E-04    8.59298127E-01   -1.94407796E-03
   4.29299096E-04    8.59298106E-01   -1.99308993E-03
   4.40122121E-04    8.59298084E-01   -2.04333753E-03
   4.51218006E-04    8.59298061E-01   -2.09485192E-03
   4.62593628E-04    8.59298037E-01   -2.14766503E-03
   4.74256039E-04    8.59298012E-01   -2.20180961E-03
   4.86212471E-04    8.59297985E-01   -2.25731922E-03
   4.98470336E-04    8.59297957E-01   -2.31422827E-03
   5.11037233E-04    8.59297928E-01   -2.37257205E-03
   5.23920952E-04    8.59297897E-01   -2.43238673E-03
   5.37129482E-04    8.59297864E-01   -2.49370938E-03
   5.50671012E-04    8.59297830E-01   -2.55657803E-03
   5.64553935E-04    8.59297794E-01   -2.62103165E-03
   5.78786861E-04    8.59297756E-01   -2.68711021E-03
   5.93378611E-04    8.59297716E-01   -2.75485466E-03
   6.08338233E-04    8.59297675E-01   -2.82430700E-03
   6.23675000E-04    8.59297631E-01   -2.89551029E-03
   6.39398422E-04    8.59297585E-01   -2.96850868E-03
   6.55518245E-04    8.59297536E-01   -3.04334742E-03
   6.72044464E-04    8.59297485E-01   -3.12007290E-03
   6.88987325E-04    8.59297432E-01   -3.19873269E-03
   7.06357330E-04    8.59297376E-01   -3.27937557E-03
   7.24165250E-04    8.59297316E-01   -3.36205151E-03
   7.42422123E-04    8.59297254E-01   -3.44681177E-03
   7.61139269E-04    8.59297189E-01   -3.53370892E-03
   7.80328292E-04    8.59297120E-01   -3.62279680E-03
   8.00001087E-04    8.59297048E-01   -3.71413066E-03
   8.20169852E-04    8.59296972E-01   -3.80776712E-03
   8.40847090E-04    8.59296893E-01   -3.90376422E-03
   8.62045620E-04    8.59296809E-01   -4.00218148E-03
   8.83778585E-04    8.59296721E-01   -4.10307991E-03
   9.06059458E-04    8.59296628E-01   -4.20652206E-03
   9.28902052E-04    8.59296531E-01   -4.31257207E-03
   9.52320529E-04    8.59296429E-01   -4.42129567E-03
   9.76329407E-04    8.59296321E-01   -4.53276027E-03
   1.00094357E-03    8.59296208E-01   -4.64703497E-03
   1.02617828E-03    8.59296089E-01   -4.76419061E-03
   1.05204918E-03    8.59295964E-01   -4.88429982E-03
   1.07857231E-03    8.59295833E-01   -5.00743706E-03
   1.10576411E-03    8.59295695E-01   -5.13367867E-03
   1.13364145E-03    8.59295551E-01   -5.26310291E-03
   1.16222159E-03    8.59295398E-01   -5.39579001E-03
   1.19152227E-03    8.59295238E-01   -5.53182223E-03
   1.22156164E-03    8.59295070E-01   -5.67128390E-03
   1.25235834E-03    8.59294893E-01   -5.81426148E-03
   1.28393145E-03    8.59294707E-01   -5.96084360E-03
   1.31630054E-03    8.59294512E-01   -6.11112112E-03
   1.34948569E-03    8.59294306E-01   -6.26518722E-03
   1.38350747E-03    8.59294091E-01   -6.42313740E-03
   1.41838697E-03    8.59293864E-01   -6.58506957E-03
   1.45414581E-03    8.59293625E-01   -6.75108412E-03
   1.49080617E-03    8.59293375E-01   -6.92128396E-03
   1.52839077E-03    8.59293111E-01   -7.09577461E-03
   1.56692291E-03    8.59292834E-01   -7.27466422E-03
   1.60642648E-03    8.59292543E-01   -7.45806369E-03
   1.64692597E-03    8.59292237E-01   -7.64608672E-03
   1.68844649E-03    8.59291916E-01   -7.83884985E-03
   1.73101378E-03    8.59291578E-01   -8.03647259E-03
   1.77465424E-03    8.59291223E-01   -8.23907743E-03
   1.81939491E-03    8.59290850E-01   -8.44678996E-03
   1.86526353E-03    8.59290457E-01   -8.65973895E-03
   1.91228854E-03    8.59290045E-01   -8.87805639E-03
   1.96049910E-03    8.59289612E-01   -9.10187762E-03
   2.00992509E-03    8.59289156E-01   -9.33134138E-03
   2.06059715E-03    8.59288677E-01   -9.56658990E-03
   2.11254670E-03    8.59288174E-01   -9.80776900E-03
   2.16580595E-03    8.59287645E-01   -1.00550282E-02
   2.22040792E-03    8.59287089E-01   -1.03085207E-02
   2.27638645E-03    8.59286505E-01   -1.05684037E-02
   2.33377625E-03    8.59285891E-01   -1.08348383E-02
   2.39261290E-03    8.59285245E-01   -1.11079895E-02
   2.45293288E-03    8.59284567E-01   -1.13880268E-02
   2.51477357E-03    8.59283854E-01   -1.16751236E-02
   2.57817333E-03    8.59283104E-01   -1.19694580E-02
   2.64317146E-03    8.59282316E-01   -1.22712123E-02
   2.70980825E-03    8.59281488E-01   -1.25805736E-02
   2.77812501E-03    8.59280618E-01   -1.28977336E-02
   2.84816411E-03    8.59279703E-01   -1.32228889E-02
   2.91996895E-03    8.59278742E-01   -1.35562410E-02
   2.99358406E-03    8.59277731E-01   -1.38979966E-02
   3.06905507E-03    8.59276669E-01   -1.42483673E-02
   3.14642878E-03    8.59275553E-01   -1.46075704E-02
   3.22575315E-03    8.59274379E-01   -1.49758284E-02
   3.30707736E-03    8.59273146E-01   -1.53533696E-02
   3.39045183E-03    8.59271850E-01   -1.57404280E-02
   3.47592824E-03    8.59270488E-01   -1.61372433E-02
   3.56355960E-03    8.59269056E-01   -1.65440616E-02
   3.65340022E-03    8.59267551E-01   -1.69611348E-02
   3.74550581E-03    8.59265969E-01   -1.73887214E-02
   3.83993346E-03    8.59264306E-01   -1.78270864E-02
   3.93674172E-03    8.59262558E-01   -1.82765014E-02
   4.03599061E-03    8.59260722E-01   -1.87372448E-02
   4.13774165E-03    8.59258791E-01   -1.92096021E-02
   4.24205793E-03    8.59256762E-01   -1.96938659E-02
   4.34900412E-03    8.59254629E-01   -2.01903364E-02
   4.45864653E-03    8.59252388E-01   -2.06993210E-02
   4.57105312E-03    8.59250031E-01   -2.12211350E-02
   4.68629358E-03    8.59247555E-01   -2.17561017E-02
   4.80443936E-03    8.59244952E-01   -2.23045526E-02
   4.92556370E-03    8.59242217E-01   -2.28668272E-02
   5.04974170E-03    8.59239341E-01   -2.34432739E-02
   5.17705035E-03    8.59236319E-01   -2.40342497E-02
   5.30756856E-03    8.59233143E-01   -2.46401206E-02
   5.44137725E-03    8.59229804E-01   -2.52612618E-02
   5.57855939E-03    8.59226295E-01   -2.58980580E-02
   5.71920001E-03    8.59222607E-01   -2.65509035E-02
   5.86338632E-03    8.59218730E-01   -2.72202026E-02
   6.01120769E-03    8.59214656E-01   -2.79063695E-02
   6.16275578E-03    8.59210373E-01   -2.86098292E-02
   6.31812453E-03    8.59205872E-01   -2.93310171E-02
   6.47741028E-03    8.59201141E-01   -3.00703797E-02
   6.64071176E-03    8.59196169E-01   -3.08283746E-02
   6.80813022E-03    8.59190943E-01   -3.16054709E-02
   6.97976946E-03    8.59185450E-01   -3.24021495E-02
   7.15573588E-03    8.59179676E-01   -3.32189036E-02
   7.33613858E-03    8.59173608E-01   -3.40562383E-02
   7.52108940E-03    8.59167230E-01   -3.49146718E-02
   7.71070299E-03    8.59160526E-01   -3.57947351E-02
   7.90509692E-03    8.59153480E-01   -3.66969727E-02
   8.10439170E-03    8.59146074E-01   -3.76219424E-02
   8.30871089E-03    8.59138290E-01   -3.85702164E-02
   8.51818115E-03    8.59130109E-01   -3.95423809E-02
   8.73293235E-03    8.59121510E-01   -4.05390370E-02
   8.95309762E-03    8.59112473E-01   -4.15608009E-02
   9.17881346E-03    8.59102974E-01   -4.26083039E-02
   9.41021981E-03    8.59092989E-01   -4.36821936E-02
   9.64746013E-03    8.59082496E-01   -4.47831332E-02
   9.89068149E-03    8.59071466E-01   -4.59118031E-02
   1.01400347E-02    8.59059874E-01   -4.70689003E-02
   1.03956743E-02    8.59047689E-01   -4.82551393E-02
   1.06577588E-02    8.59034883E-01   -4.94712526E-02
   1.09264508E-02    8.59021423E-01   -5.07179908E-02
   1.12019167E-02    8.59007276E-01   -5.19961233E-02
   1.14843273E-02    8.58992407E-01   -5.33064388E-02
   1.17738578E-02    8.58976778E-01   -5.46497454E-02
   1.20706876E-02    8.58960352E-01   -5.60268716E-02
   1.23750007E-02    8.58943088E-01   -5.74386663E-02
   1.26869859E-02    8.58924942E-01   -5.88859998E-02
   1.30068365E-02    8.58905870E-01   -6.03697638E-02
   1.33347509E-02    8.58885824E-01   -6.18908722E-02
   1.36709322E-02    8.58864756E-01   -6.34502616E-02
   1.40155890E-02    8.58842612E-01   -6.50488918E-02
   1.43689349E-02    8.58819337E-01   -6.66877466E-02
   1.47311890E-02    8.58794875E-01   -6.83678339E-02
   1.51025759E-02    8.58769164E-01   -7.00901866E-02
   1.54833258E-02    8.58742142E-01   -7.18558632E-02
   1.58736747E-02    8.58713739E-01   -7.36659482E-02
   1.62738646E-02    8.58683888E-01   -7.55215531E-02
   1.66841438E-02    8.58652513E-01   -7.74238165E-02
   1.71047664E-02    8.58619536E-01   -7.93739051E-02
   1.75359933E-02    8.58584877E-01   -8.13730143E-02
   1.79780919E-02    8.58548449E-01   -8.34223689E-02
   1.84313362E-02    8.58510162E-01   -8.55232235E-02
   1.88960071E-02    8.58469922E-01   -8.76768636E-02
   1.93723929E-02    8.58427628E-01   -8.98846060E-02
   1.98607888E-02    8.58383176E-01   -9.21477995E-02
   2.03614976E-02    8.58336456E-01   -9.44678259E-02
   2.08748297E-02    8.58287352E-01   -9.68461006E-02
   2.14011034E-02    8.58235743E-01   -9.92840730E-02
   2.19406449E-02    8.58181501E-01   -1.01783228E-01
   2.24937888E-02    8.58124492E-01   -1.04345086E-01
   2.30608780E-02    8.58064574E-01   -1.06971204E-01
   2.36422640E-02    8.58001600E-01   -1.09663176E-01
   2.42383072E-02    8.57935413E-01   -1.12422636E-01
   2.48493773E-02    8.57865851E-01   -1.15251255E-01
   2.54758530E-02    8.57792741E-01   -1.18150744E-01
   2.61181227E-02    8.57715902E-01   -1.21122856E-01
   2.67765847E-02    8.57635144E-01   -1.24169383E-01
   2.74516471E-02    8.57550268E-01   -1.27292163E-01
   2.81437284E-02    8.57461063E-01   -1.30493073E-01
   2.88532577E-02    8.57367311E-01   -1.33774036E-01
   2.95806749E-02    8.57268778E-01   -1.37137021E-01
   3.03264310E-02    8.57165222E-01   -1.40584039E-01
   3.10909883E-02    8.57056387E-01   -1.44117152E-01
   3.18748208E-02    8.56942004E-01   -1.47738465E-01
   3.26784144E-02    8.56821791E-01   -1.51450134E-01
   3.35022673E-02    8.56695451E-01   -1.55254361E-01
   3.43468904E-02    8.56562673E-01   -1.59153401E-01
   3.52128071E-02    8.56423129E-01   -1.63149558E-01
   3.61005545E-02    8.56276475E-01   -1.67245185E-01
   3.70106827E-02    8.56122350E-01   -1.71442690E-01
   3.79437561E-02    8.55960375E-01   -1.75744532E-01
   3.89003532E-02    8.55790149E-01   -1.80153224E-01
   3.98810670E-02    8.55611255E-01   -1.84671332E-01
   4.08865054E-02    8.55423251E-01   -1.89301476E-01
   4.19172919E-02    8.55225676E-01   -1.94046334E-01
   4.29740655E-02    8.55018044E-01   -1.98908636E-01
   4.40574813E-02    8.54799844E-01   -2.03891168E-01
   4.51682110E-02    8.54570540E-01   -2.08996775E-01
   4.63069432E-02    8.54329570E-01   -2.14228356E-01
   4.74743840E-02    8.54076342E-01   -2.19588867E-01
   4.86712569E-02    8.53810234E-01   -2.25081321E-01
   4.98983042E-02    8.53530596E-01   -2.30708787E-01
   5.11562864E-02    8.53236741E-01   -2.36474390E-01
   5.24459836E-02    8.52927952E-01   -2.42381313E-01
   5.37681951E-02    8.52603471E-01   -2.48432790E-01
   5.51237409E-02    8.52262507E-01   -2.54632115E-01
   5.65134612E-02    8.51904226E-01   -2.60982632E-01
   5.79382177E-02    8.51527755E-01   -2.67487739E-01
   5.93988935E-02    8.51132175E-01   -2.74150884E-01
   6.08963944E-02    8.50716523E-01   -2.80975566E-01
   6.24316486E-02    8.50279787E-01   -2.87965330E-01
   6.40056080E-02    8.49820907E-01   -2.95123768E-01
   6.56192484E-02    8.49338768E-01   -3.02454513E-01
   6.72735702E-02    8.48832200E-01   -3.09961237E-01
   6.89695989E-02    8.48299977E-01   -3.17647648E-01
   7.07083860E-02    8.47740812E-01   -3.25517486E-01
   7.24910096E-02    8.47153354E-01   -3.33574517E-01
   7.43185748E-02    8.46536186E-01   -3.41822530E-01
   7.61922146E-02    8.45887822E-01   -3.50265328E-01
   7.81130905E-02    8.45206704E-01   -3.58906722E-01
   8.00823935E-02    8.44491197E-01   -3.67750526E-01
   8.21013445E-02    8.43739588E-01   -3.76800546E-01
   8.41711951E-02    8.42950081E-01   -3.86060570E-01
   8.62932285E-02    8.42120792E-01   -3.95534359E-01
   8.84687603E-02    8.41249749E-01   -4.05225636E-01
   9.06991393E-02    8.40334883E-01   -4.15138068E-01
   9.29857482E-02    8.39374030E-01   -4.25275257E-01
   9.53300046E-02    8.38364921E-01   -4.35640719E-01
   9.77333619E-02    8.37305180E-01   -4.46237871E-01
   1.00197310E-01    8.36192321E-01   -4.57070003E-01
   1.02723377E-01    8.35023742E-01   -4.68140265E-01
   1.05313128E-01    8.33796720E-01   -4.79451635E-01
   1.07968169E-01    8.32508407E-01   -4.91006894E-01
   1.10690146E-01    8.31155825E-01   -5.02808598E-01
   1.13480746E-01    8.29735862E-01   -5.14859042E-01
   1.16341700E-01    8.28245264E-01   -5.27160225E-01
   1.19274782E-01    8.26680635E-01   -5.39713807E-01
   1.22281809E-01    8.25038429E-01   -5.52521069E-01
   1.25364646E-01    8.23314945E-01   -5.65582859E-01
   1.28525205E-01    8.21506323E-01   -5.78899545E-01
   1.31765443E-01    8.19608540E-01   -5.92470949E-01
   1.35087372E-01    8.17617406E-01   -6.06296287E-01
   1.38493049E-01    8.15528556E-01   -6.20374099E-01
   1.41984586E-01    8.13337452E-01   -6.34702168E-01
   1.45564149E-01    8.11039374E-01   -6.49277441E-01
   1.49233955E-01    8.08629422E-01   -6.64095935E-01
   1.52996281E-01    8.06102509E-01   -6.79152635E-01
   1.56853458E-01    8.03453362E-01   -6.94441391E-01
   1.60807878E-01    8.00676521E-01   -7.09954798E-01
   1.64861993E-01    7.97766338E-01   -7.25684067E-01
   1.69018316E-01    7.94716977E-01   -7.41618893E-01
   1.73279423E-01    7.91522421E-01   -7.57747303E-01
   1.77647957E-01    7.88176469E-01   -7.74055500E-01
   1.82126626E-01    7.84672749E-01   -7.90527691E-01
   1.86718206E-01    7.81004720E-01   -8.07145912E-01
   1.91425544E-01    7.77165683E-01   -8.23889827E-01
   1.96251559E-01    7.73148795E-01   -8.40736532E-01
   2.01199241E-01    7.68947083E-01   -8.57660334E-01
   2.06271660E-01    7.64553462E-01   -8.74632532E-01
   2.11471958E-01    7.59960755E-01   -8.91621179E-01
   2.16803361E-01    7.55161722E-01   -9.08590839E-01
   2.22269174E-01    7.50149090E-01   -9.25502340E-01
   2.27872785E-01    7.44915583E-01   -9.42312523E-01
   2.33617667E-01    7.39453967E-01   -9.58973983E-01
   2.39507384E-01    7.33757094E-01   -9.75434822E-01
   2.45545586E-01    7.27817953E-01   -9.91638401E-01
   2.51736017E-01    7.21629733E-01   -1.00752311E+00
   2.58082514E-01    7.15185882E-01   -1.02302215E+00
   2.64589012E-01    7.08480185E-01   -1.03806336E+00
   2.71259545E-01    7.01506848E-01   -1.05256901E+00
   2.78098248E-01    6.94260583E-01   -1.06645578E+00
   2.85109361E-01    6.86736709E-01   -1.07963458E+00
   2.92297231E-01    6.78931263E-01   -1.09201068E+00
   2.99666313E-01    6.70841111E-01   -1.10348368E+00
   3.07221177E-01    6.62464081E-01   -1.11394777E+00
   3.14966506E-01    6.53799092E-01   -1.12329193E+00
   3.22907102E-01    6.44846302E-01   -1.13140039E+00
   3.31047888E-01    6.35607252E-01   -1.13815313E+00
   3.39393910E-01    6.26085031E-01   -1.14342652E+00
   3.47950344E-01    6.16284431E-01   -1.14709422E+00
   3.56722493E-01    6.06212118E-01   -1.14902813E+00
   3.65715795E-01    5.95876793E-01   -1.14909957E+00
   3.74935828E-01    5.85289363E-01   -1.14718064E+00
   3.84388306E-01    5.74463097E-01   -1.14314576E+00
   3.94079089E-01    5.63413783E-01   -1.13687332E+00
   4.04014186E-01    5.52159868E-01   -1.12824757E+00
   4.14199756E-01    5.40722589E-01   -1.11716057E+00
   4.24642114E-01    5.29126078E-01   -1.10351421E+00
   4.35347733E-01    5.17397450E-01   -1.08722233E+00
   4.46323251E-01    5.05566860E-01   -1.06821279E+00
   4.57575471E-01    4.93667536E-01   -1.04642949E+00
   4.69111370E-01    4.81735769E-01   -1.02183411E+00
   4.80938100E-01    4.69810874E-01   -9.94407805E-01
   4.93062993E-01    4.57935118E-01   -9.64152361E-01
   5.05493566E-01    4.46153603E-01   -9.31091058E-01
   5.18237525E-01    4.34514122E-01   -8.95268964E-01
   5.31302770E-01    4.23066979E-01   -8.56752649E-01
   5.44697403E-01    4.11864797E-01   -8.15629252E-01
   5.58429726E-01    4.00962293E-01   -7.72004875E-01
   5.72508255E-01    3.90416056E-01   -7.26002299E-01
   5.86941715E-01    3.80284331E-01   -6.77758068E-01
   6.01739057E-01    3.70626811E-01   -6.27419057E-01
   6.16909453E-01    3.61504462E-01   -5.75138683E-01
   6.32462309E-01    3.52979383E-01   -5.21073007E-01
   6.48407267E-01    3.45114709E-01   -4.65377054E-01
   6.64754212E-01    3.37974560E-01   -4.08201809E-01
   6.81513278E-01    3.31624031E-01   -3.49692403E-01
   6.98694856E-01    3.26129185E-01   -2.89988218E-01
   7.16309598E-01    3.21557044E-01   -2.29225696E-01
   7.34368423E-01    3.17975478E-01   -1.67544871E-01
   7.52882528E-01    3.15452937E-01   -1.05100739E-01
   7.71863390E-01    3.14057865E-01   -4.20807135E-02
   7.91322778E-01    3.13857649E-01    2.12705907E-02
   8.11272754E-01    3.14916858E-01    8.46181847E-02
   8.31725688E-01    3.17294513E-01    1.47494699E-01
   8.52694259E-01    3.21040065E-01    2.09250291E-01
   8.74191468E-01    3.26187777E-01    2.68997411E-01
   8.96230640E-01    3.32749232E-01    3.25556859E-01
   9.18825441E-01    3.40703918E-01    3.77416639E-01
   9.41989877E-01    3.49988114E-01    4.22721630E-01
   9.65738310E-01    3.60482964E-01    4.59319085E-01
   9.90085463E-01    3.72003392E-01    4.84890047E-01
   1.01504643E+00    3.84290641E-01    4.97195440E-01
   1.04063669E+00    3.97012208E-01    4.94451429E-01
   1.06687210E+00    4.09773611E-01    4.75814346E-01
   1.09376893E+00    4.22145772E-01    4.41896335E-01
   1.12134385E+00    4.33709100E-01    3.95151701E-01
   1.14961396E+00    4.44109504E-01    3.39883967E-01
   1.17859679E+00    4.53112128E-01    2.81544816E-01
   1.20831030E+00    4.60625172E-01    2.24936765E-01
   1.23877292E+00    4.66656138E-01    1.71837614E-01
   1.27000352E+00    4.71236691E-01    1.22295080E-01
   1.30202148E+00    4.74403099E-01    7.62668938E-02
   1.33484664E+00    4.76195631E-01    3.36980161E-02
   1.36849936E+00    4.76658325E-01   -5.47778202E-03
   1.40300049E+00    4.75838765E-01   -4.13365621E-02
   1.43837142E+00    4.73787848E-01   -7.39630774E-02
   1.47463409E+00    4.70559556E-01   -1.03449844E-01
   1.51181098E+00    4.66210715E-01   -1.29896382E-01
   1.54992513E+00    4.60800746E-01   -1.53408584E-01
   1.58900017E+00    4.54391396E-01   -1.74098158E-01
   1.62906033E+00    4.47046449E-01   -1.92082113E-01
   1.67013044E+00    4.38831430E-01   -2.07482241E-01
   1.71223597E+00    4.29813284E-01   -2.20424612E-01
   1.75540301E+00    4.20060016E-01   -2.31038917E-01
   1.79965834E+00    4.09640400E-01   -2.39458005E-01
   1.84502939E+00    3.98623553E-01   -2.45817043E-01
   1.89154428E+00    3.87078616E-01   -2.50252928E-01
   1.93923185E+00    3.75074379E-01   -2.52903506E-01
   1.98812168E+00    3.62678914E-01   -2.53906804E-01
   2.03824406E+00    3.49959227E-01   -2.53400260E-01
   2.08963007E+00    3.36980917E-01   -2.51519965E-01
   2.14231157E+00    3.23807841E-01   -2.48399868E-01
   2.19632122E+00    3.10501823E-01   -2.44171109E-01
   2.25169250E+00    2.97122353E-01   -2.38961280E-01
   2.30845974E+00    2.83726341E-01   -2.32893829E-01
   2.36665814E+00    2.70367871E-01   -2.26087445E-01
   2.42632377E+00    2.57098017E-01   -2.18655612E-01
   2.48749363E+00    2.43964655E-01   -2.10706110E-01
   2.55020564E+00    2.31012328E-01   -2.02340694E-01
   2.61449867E+00    2.18282139E-01   -1.93654791E-01
   2.68041260E+00    2.05811666E-01   -1.84737292E-01
   2.74798827E+00    1.93634919E-01   -1.75670417E-01
   2.81726759E+00    1.81782319E-01   -1.66529647E-01
   2.88829350E+00    1.70280706E-01   -1.57383721E-01
   2.96111004E+00    1.59153377E-01   -1.48294703E-01
   3.03576235E+00    1.48420147E-01   -1.39318095E-01
   3.11229672E+00    1.38097427E-01   -1.30503001E-01
   3.19076059E+00    1.28198336E-01   -1.21892342E-01
   3.27120260E+00    1.18732817E-01   -1.13523103E-01
   3.35367264E+00    1.09707778E-01   -1.05426611E-01
   3.43822182E+00    1.01127245E-01   -9.76288359E-02
   3.52490256E+00    9.29925278E-02   -9.01507215E-02
   3.61376860E+00    8.53023942E-02   -8.30085144E-02
   3.70487504E+00    7.80532504E-02   -7.62141154E-02
   3.79827835E+00    7.12393344E-02   -6.97754262E-02
   3.89403645E+00    6.48529040E-02   -6.36967058E-02
   3.99220870E+00    5.88844340E-02   -5.79789136E-02
   4.09285596E+00    5.33228074E-02   -5.26200544E-02
   4.19604063E+00    4.81555115E-02   -4.76155091E-02
   4.30182668E+00    4.33688335E-02   -4.29583603E-02
   4.41027970E+00    3.89480398E-02   -3.86396976E-02
   4.52146691E+00    3.48775678E-02   -3.46489187E-02
   4.63545726E+00    3.11411870E-02   -3.09739988E-02
   4.75232141E+00    2.77221817E-02   -2.76017630E-02
   4.87213182E+00    2.46035042E-02   -2.45181277E-02
   4.99496275E+00    2.17679278E-02   -2.17083307E-02
   5.12089037E+00    1.91981808E-02   -1.91571349E-02
   5.24999273E+00    1.68770896E-02   -1.68490319E-02
   5.38234989E+00    1.47876868E-02   -1.47684061E-02
   5.51804389E+00    1.29133236E-02   -1.28996950E-02
   5.65715886E+00    1.12377664E-02   -1.12275281E-02
   5.79978105E+00    9.74528490E-03   -9.73685164E-03
   5.94599888E+00    8.42071371E-03   -8.41302309E-03
   6.09590299E+00    7.24953046E-03   -7.24191606E-03
   6.24958632E+00    6.21789171E-03   -6.20998053E-03
   6.40714416E+00    5.31267913E-03   -5.30430901E-03
   6.56867416E+00    4.52153157E-03   -4.51268570E-03
   6.73427650E+00    3.83285237E-03   -3.82360846E-03
   6.90405381E+00    3.23583018E-03   -3.22632136E-03
   7.07811137E+00    2.72043069E-03   -2.71081642E-03
   7.25655709E+00    2.27739855E-03   -2.26784362E-03
   7.43950158E+00    1.89823064E-03   -1.88889067E-03
   7.62705827E+00    1.57516732E-03   -1.56617939E-03
   7.81934344E+00    1.30115721E-03   -1.29263455E-03
   8.01647630E+00    1.06983091E-03   -1.06186063E-03
   8.21857905E+00    8.75464642E-04   -8.68107670E-04
   8.42577700E+00    7.12942712E-04   -7.06235328E-04
   8.63819861E+00    5.77720303E-04   -5.71676721E-04
   8.85597556E+00    4.65778612E-04   -4.60394124E-04
   9.07924287E+00    3.73587197E-04   -3.68841612E-04
   9.30813895E+00    2.98061027E-04   -2.93922102E-04
   9.54280571E+00    2.36520136E-04   -2.32946847E-04
   9.78338864E+00    1.86650194E-04   -1.83595699E-04
   1.00300369E+01    1.46464463E-04   -1.43878696E-04
   1.02829034E+01    1.14268169E-04   -1.12100024E-04
   1.05421448E+01    8.86237876E-05   -8.68228773E-05
   1.08079220E+01    6.83202218E-05   -6.68382401E-05
   1.10803997E+01    5.23435692E-05   -5.11352796E-05
   1.13597468E+01    3.98502200E-05   -3.88741142E-05
   1.16461365E+01    3.01431363E-05   -2.93618123E-05
   1.19397463E+01    2.26502283E-05   -2.20305355E-05
   1.22407583E+01    1.69050517E-05   -1.64180530E-05
   1.25493591E+01    1.25300023E-05   -1.21507983E-05
   1.28657400E+01    9.22163971E-06   -8.92909369E-06
   1.31900972E+01    6.73773460E-06   -6.51413697E-06
   1.35226317E+01    4.88646209E-06   -4.71715995E-06
   1.38635497E+01    3.51700959E-06   -3.39002669E-06
   1.42130626E+01    2.51173477E-06   -2.41739891E-06
   1.45713870E+01    1.77956220E-06   -1.71015374E-06
   1.49387451E+01    1.25057420E-06   -1.20000291E-06
   1.53153646E+01    8.71519134E-07   -8.35035446E-07
   1.57014791E+01    6.02182309E-07   -5.76124394E-07
   1.60973278E+01    4.12451097E-07   -3.94027861E-07
   1.65031563E+01    2.79974775E-07   -2.67082978E-07
   1.69192161E+01    1.88308591E-07   -1.79381457E-07
   1.73457651E+01    1.25467010E-07   -1.19350696E-07
   1.77830678E+01    8.27934344E-08   -7.86480109E-08
   1.82313954E+01    5.40960657E-08   -5.13171997E-08
   1.86910257E+01    3.49891557E-08   -3.31471202E-08
   1.91622436E+01    2.23969612E-08   -2.11898017E-08
   1.96453415E+01    1.41846964E-08   -1.34028080E-08
   2.01406186E+01    8.88607356E-09   -8.38566784E-09
   2.06483822E+01    5.50472003E-09   -5.18855013E-09
   2.11689469E+01    3.37106407E-09   -3.17367122E-09
   2.17026356E+01    2.04031660E-09   -1.91845600E-09
   2.22497791E+01    1.22012291E-09   -1.14587027E-09
   2.28107165E+01    7.20697608E-10   -6.76041256E-10
   2.33857957E+01    4.20348066E-10   -3.93849101E-10
   2.39753732E+01    2.42011456E-10   -2.26500428E-10
   2.45798144E+01    1.37496632E-10   -1.28543160E-10
   2.51994942E+01    7.70596386E-11   -7.19645903E-11
   2.58347967E+01    4.25891050E-11   -3.97316287E-11
   2.64861157E+01    2.32032588E-11   -2.16243719E-11
   2.71538551E+01    1.24571799E-11   -1.15979534E-11
   2.78384288E+01    6.58803021E-12   -6.12765864E-12
   2.85402613E+01    3.43074676E-12   -3.18797561E-12
   2.92597876E+01    1.75854487E-12   -1.63258921E-12
   2.99974538E+01    8.86868514E-13   -8.22601135E-13
   3.07537172E+01    4.39902892E-13   -4.07664501E-13
   3.15290468E+01    2.14509714E-13   -1.98617796E-13
   3.23239231E+01    1.02789534E-13   -9.50942197E-14
   3.31388390E+01    4.83800047E-14   -4.47212395E-14
   3.39742997E+01    2.23552178E-14   -2.06479987E-14
   3.48308231E+01    1.01363958E-14    0.00000000E+00
   3.57089403E+01    0.00000000E+00    0.00000000E+00
   3.66091956E+01    0.00000000E+00    0.00000000E+00
   3.75321471E+01    0.00000000E+00    0.00000000E+00
   3.84783671E+01    0.00000000E+00    0.00000000E+00
   3.94484422E+01    0.00000000E+00    0.00000000E+00
   4.04429738E+01    0.00000000E+00    0.00000000E+00
   4.14625785E+01    0.00000000E+00    0.00000000E+00
   4.25078883E+01    0.00000000E+00    0.00000000E+00
   4.35795513E+01    0.00000000E+00    0.00000000E+00
   4.46782320E+01    0.00000000E+00    0.00000000E+00
   4.58046114E+01    0.00000000E+00    0.00000000E+00
   4.69593879E+01    0.00000000E+00    0.00000000E+00
   4.81432773E+01    0.00000000E+00    0.00000000E+00
   4.93570137E+01    0.00000000E+00    0.00000000E+00
   5.06013496E+01    0.00000000E+00    0.00000000E+00
   5.18770562E+01    0.00000000E+00    0.00000000E+00
   5.31849246E+01    0.00000000E+00    0.00000000E+00
   5.45257656E+01    0.00000000E+00    0.00000000E+00
   5.59004104E+01    0.00000000E+00    0.00000000E+00
   5.73097113E+01    0.00000000E+00    0.00000000E+00
   5.87545419E+01    0.00000000E+00    0.00000000E+00
   6.02357981E+01    0.00000000E+00    0.00000000E+00
   6.17543981E+01    0.00000000E+00    0.00000000E+00
   6.33112834E+01    0.00000000E+00    0.00000000E+00
   6.49074192E+01    0.00000000E+00    0.00000000E+00
   6.65437950E+01    0.00000000E+00    0.00000000E+00
   6.82214255E+01    0.00000000E+00    0.00000000E+00
   6.99413505E+01    0.00000000E+00    0.00000000E+00
   7.17046364E+01    0.00000000E+00    0.00000000E+00
   7.35123764E+01    0.00000000E+00    0.00000000E+00
   7.53656911E+01    0.00000000E+00    0.00000000E+00
   7.72657297E+01    0.00000000E+00    0.00000000E+00
   7.92136699E+01    0.00000000E+00    0.00000000E+00
   8.12107196E+01    0.00000000E+00    0.00000000E+00
   8.32581167E+01    0.00000000E+00    0.00000000E+00
   8.53571305E+01    0.00000000E+00    0.00000000E+00
   8.75090625E+01    0.00000000E+00    0.00000000E+00
   8.97152466E+01    0.00000000E+00    0.00000000E+00
   9.19770507E+01    0.00000000E+00    0.00000000E+00
   9.42958769E+01    0.00000000E+00    0.00000000E+00
   9.66731629E+01    0.00000000E+00    0.00000000E+00
   9.91103824E+01    0.00000000E+00    0.00000000E+00
   1.01609046E+02    0.00000000E+00    0.00000000E+00
   1.04170704E+02    0.00000000E+00    0.00000000E+00
   1.06796944E+02    0.00000000E+00    0.00000000E+00
   1.09489393E+02    0.00000000E+00    0.00000000E+00
   1.12249722E+02    0.00000000E+00    0.00000000E+00
