# Radial wavefunctions and first derivative.
# Energy units: hartree
# Length units: bohr
#
# State: 3d
# Nodes: 
# Peaks:   109.489393  
   3.74165729E-05    4.72377450E-14    2.52496374E-09
   3.83598792E-05    4.96495831E-14    2.58862040E-09
   3.93269671E-05    5.21845634E-14    2.65388191E-09
   4.03184362E-05    5.48489733E-14    2.72078872E-09
   4.13349012E-05    5.76494211E-14    2.78938231E-09
   4.23769921E-05    6.05928526E-14    2.85970521E-09
   4.34453551E-05    6.36865682E-14    2.93180101E-09
   4.45406526E-05    6.69382409E-14    3.00571442E-09
   4.56635635E-05    7.03559358E-14    3.08149125E-09
   4.68147840E-05    7.39481293E-14    3.15917848E-09
   4.79950279E-05    7.77237310E-14    3.23882428E-09
   4.92050268E-05    8.16921053E-14    3.32047802E-09
   5.04455309E-05    8.58630946E-14    3.40419033E-09
   5.17173092E-05    9.02470438E-14    3.49001311E-09
   5.30211502E-05    9.48548263E-14    3.57799956E-09
   5.43578623E-05    9.96978703E-14    3.66820422E-09
   5.57282741E-05    1.04788188E-13    3.76068303E-09
   5.71332353E-05    1.10138404E-13    3.85549331E-09
   5.85736168E-05    1.15761788E-13    3.95269385E-09
   6.00503117E-05    1.21672288E-13    4.05234491E-09
   6.15642354E-05    1.27884563E-13    4.15450825E-09
   6.31163265E-05    1.34414020E-13    4.25924724E-09
   6.47075473E-05    1.41276855E-13    4.36662678E-09
   6.63388842E-05    1.48490089E-13    4.47671347E-09
   6.80113486E-05    1.56071612E-13    4.58957554E-09
   6.97259774E-05    1.64040228E-13    4.70528296E-09
   7.14838335E-05    1.72415701E-13    4.82390748E-09
   7.32860069E-05    1.81218804E-13    4.94552263E-09
   7.51336146E-05    1.90471371E-13    5.07020381E-09
   7.70278023E-05    2.00196350E-13    5.19802832E-09
   7.89697442E-05    2.10417862E-13    5.32907540E-09
   8.09606443E-05    2.21161258E-13    5.46342630E-09
   8.30017367E-05    2.32453185E-13    5.60116431E-09
   8.50942870E-05    2.44321648E-13    5.74237482E-09
   8.72395924E-05    2.56796084E-13    5.88714538E-09
   8.94389830E-05    2.69907433E-13    6.03556573E-09
   9.16938222E-05    2.83688214E-13    6.18772790E-09
   9.40055079E-05    2.98172606E-13    6.34372622E-09
   9.63754734E-05    3.13396534E-13    6.50365740E-09
   9.88051880E-05    3.29397757E-13    6.66762059E-09
   1.01296158E-04    3.46215961E-13    6.83571744E-09
   1.03849927E-04    3.63892859E-13    7.00805217E-09
   1.06468080E-04    3.82472294E-13    7.18473161E-09
   1.09152238E-04    4.02000348E-13    7.36586531E-09
   1.11904067E-04    4.22525454E-13    7.55156555E-09
   1.14725271E-04    4.44098519E-13    7.74194747E-09
   1.17617601E-04    4.66773050E-13    7.93712909E-09
   1.20582849E-04    4.90605283E-13    8.13723142E-09
   1.23622854E-04    5.15654330E-13    8.34237851E-09
   1.26739500E-04    5.41982316E-13    8.55269754E-09
   1.29934720E-04    5.69654542E-13    8.76831891E-09
   1.33210494E-04    5.98739641E-13    8.98937630E-09
   1.36568853E-04    6.29309750E-13    9.21600674E-09
   1.40011880E-04    6.61440690E-13    9.44835074E-09
   1.43541708E-04    6.95212154E-13    9.68655235E-09
   1.47160527E-04    7.30707902E-13    9.93075924E-09
   1.50870580E-04    7.68015971E-13    1.01811228E-08
   1.54674166E-04    8.07228895E-13    1.04377983E-08
   1.58573644E-04    8.48443930E-13    1.07009448E-08
   1.62571432E-04    8.91763298E-13    1.09707254E-08
   1.66670008E-04    9.37294442E-13    1.12473075E-08
   1.70871912E-04    9.85150290E-13    1.15308624E-08
   1.75179751E-04    1.03544953E-12    1.18215660E-08
   1.79596194E-04    1.08831693E-12    1.21195986E-08
   1.84123979E-04    1.14388360E-12    1.24251448E-08
   1.88765915E-04    1.20228735E-12    1.27383941E-08
   1.93524877E-04    1.26367306E-12    1.30595407E-08
   1.98403818E-04    1.32819296E-12    1.33887837E-08
   2.03405761E-04    1.39600708E-12    1.37263272E-08
   2.08533808E-04    1.46728362E-12    1.40723805E-08
   2.13791137E-04    1.54219935E-12    1.44271581E-08
   2.19181009E-04    1.62094009E-12    1.47908799E-08
   2.24706764E-04    1.70370112E-12    1.51637716E-08
   2.30371829E-04    1.79068773E-12    1.55460641E-08
   2.36179715E-04    1.88211564E-12    1.59379946E-08
   2.42134023E-04    1.97821163E-12    1.63398061E-08
   2.48238445E-04    2.07921403E-12    1.67517475E-08
   2.54496765E-04    2.18537336E-12    1.71740744E-08
   2.60912863E-04    2.29695290E-12    1.76070485E-08
   2.67490717E-04    2.41422941E-12    1.80509383E-08
   2.74234404E-04    2.53749376E-12    1.85060189E-08
   2.81148107E-04    2.66705167E-12    1.89725725E-08
   2.88236109E-04    2.80322447E-12    1.94508884E-08
   2.95502807E-04    2.94634991E-12    1.99412630E-08
   3.02952706E-04    3.09678296E-12    2.04440004E-08
   3.10590423E-04    3.25489673E-12    2.09594122E-08
   3.18420693E-04    3.42108338E-12    2.14878181E-08
   3.26448373E-04    3.59575510E-12    2.20295455E-08
   3.34678437E-04    3.77934510E-12    2.25849304E-08
   3.43115989E-04    3.97230874E-12    2.31543170E-08
   3.51766259E-04    4.17512460E-12    2.37380583E-08
   3.60634611E-04    4.38829572E-12    2.43365163E-08
   3.69726542E-04    4.61235080E-12    2.49500619E-08
   3.79047689E-04    4.84784556E-12    2.55790755E-08
   3.88603830E-04    5.09536407E-12    2.62239471E-08
   3.98400891E-04    5.35552023E-12    2.68850765E-08
   4.08444945E-04    5.62895930E-12    2.75628735E-08
   4.18742218E-04    5.91635946E-12    2.82577584E-08
   4.29299096E-04    6.21843353E-12    2.89701619E-08
   4.40122121E-04    6.53593071E-12    2.97005257E-08
   4.51218006E-04    6.86963848E-12    3.04493027E-08
   4.62593628E-04    7.22038451E-12    3.12169569E-08
   4.74256039E-04    7.58903871E-12    3.20039643E-08
   4.86212471E-04    7.97651545E-12    3.28108128E-08
   4.98470336E-04    8.38377574E-12    3.36380027E-08
   5.11037233E-04    8.81182968E-12    3.44860467E-08
   5.23920952E-04    9.26173895E-12    3.53554706E-08
   5.37129482E-04    9.73461941E-12    3.62468134E-08
   5.50671012E-04    1.02316439E-11    3.71606277E-08
   5.64553935E-04    1.07540452E-11    3.80974799E-08
   5.78786861E-04    1.13031189E-11    3.90579510E-08
   5.93378611E-04    1.18802269E-11    4.00426363E-08
   6.08338233E-04    1.24868006E-11    4.10521463E-08
   6.23675000E-04    1.31243443E-11    4.20871069E-08
   6.39398422E-04    1.37944393E-11    4.31481596E-08
   6.55518245E-04    1.44987476E-11    4.42359622E-08
   6.72044464E-04    1.52390161E-11    4.53511892E-08
   6.88987325E-04    1.60170807E-11    4.64945320E-08
   7.06357330E-04    1.68348712E-11    4.76666992E-08
   7.24165250E-04    1.76944160E-11    4.88684177E-08
   7.42422123E-04    1.85978469E-11    5.01004323E-08
   7.61139269E-04    1.95474046E-11    5.13635069E-08
   7.80328292E-04    2.05454442E-11    5.26584246E-08
   8.00001087E-04    2.15944411E-11    5.39859880E-08
   8.20169852E-04    2.26969969E-11    5.53470202E-08
   8.40847090E-04    2.38558464E-11    5.67423649E-08
   8.62045620E-04    2.50738636E-11    5.81728872E-08
   8.83778585E-04    2.63540695E-11    5.96394739E-08
   9.06059458E-04    2.76996394E-11    6.11430342E-08
   9.28902052E-04    2.91139104E-11    6.26845002E-08
   9.52320529E-04    3.06003904E-11    6.42648275E-08
   9.76329407E-04    3.21627660E-11    6.58849957E-08
   1.00094357E-03    3.38049124E-11    6.75460093E-08
   1.02617828E-03    3.55309023E-11    6.92488980E-08
   1.05204918E-03    3.73450166E-11    7.09947175E-08
   1.07857231E-03    3.92517546E-11    7.27845499E-08
   1.10576411E-03    4.12558456E-11    7.46195049E-08
   1.13364145E-03    4.33622600E-11    7.65007200E-08
   1.16222159E-03    4.55762221E-11    7.84293614E-08
   1.19152227E-03    4.79032231E-11    8.04066246E-08
   1.22156164E-03    5.03490344E-11    8.24337355E-08
   1.25235834E-03    5.29197221E-11    8.45119506E-08
   1.28393145E-03    5.56216620E-11    8.66425582E-08
   1.31630054E-03    5.84615555E-11    8.88268791E-08
   1.34948569E-03    6.14464460E-11    9.10662673E-08
   1.38350747E-03    6.45837367E-11    9.33621111E-08
   1.41838697E-03    6.78812087E-11    9.57158337E-08
   1.45414581E-03    7.13470403E-11    9.81288940E-08
   1.49080617E-03    7.49898274E-11    1.00602788E-07
   1.52839077E-03    7.88186049E-11    1.03139049E-07
   1.56692291E-03    8.28428688E-11    1.05739249E-07
   1.60642648E-03    8.70726001E-11    1.08405001E-07
   1.64692597E-03    9.15182892E-11    1.11137956E-07
   1.68844649E-03    9.61909624E-11    1.13939808E-07
   1.73101378E-03    1.01102209E-10    1.16812295E-07
   1.77465424E-03    1.06264208E-10    1.19757197E-07
   1.81939491E-03    1.11689765E-10    1.22776340E-07
   1.86526353E-03    1.17392334E-10    1.25871593E-07
   1.91228854E-03    1.23386059E-10    1.29044878E-07
   1.96049910E-03    1.29685806E-10    1.32298159E-07
   2.00992509E-03    1.36307198E-10    1.35633454E-07
   2.06059715E-03    1.43266659E-10    1.39052830E-07
   2.11254670E-03    1.50581448E-10    1.42558406E-07
   2.16580595E-03    1.58269707E-10    1.46152355E-07
   2.22040792E-03    1.66350505E-10    1.49836905E-07
   2.27638645E-03    1.74843882E-10    1.53614339E-07
   2.33377625E-03    1.83770904E-10    1.57486999E-07
   2.39261290E-03    1.93153711E-10    1.61457284E-07
   2.45293288E-03    2.03015573E-10    1.65527655E-07
   2.51477357E-03    2.13380948E-10    1.69700636E-07
   2.57817333E-03    2.24275546E-10    1.73978811E-07
   2.64317146E-03    2.35726384E-10    1.78364833E-07
   2.70980825E-03    2.47761863E-10    1.82861419E-07
   2.77812501E-03    2.60411831E-10    1.87471356E-07
   2.84816411E-03    2.73707662E-10    1.92197500E-07
   2.91996895E-03    2.87682331E-10    1.97042782E-07
   2.99358406E-03    3.02370495E-10    2.02010202E-07
   3.06905507E-03    3.17808583E-10    2.07102839E-07
   3.14642878E-03    3.34034882E-10    2.12323848E-07
   3.22575315E-03    3.51089634E-10    2.17676466E-07
   3.30707736E-03    3.69015136E-10    2.23164007E-07
   3.39045183E-03    3.87855844E-10    2.28789872E-07
   3.47592824E-03    4.07658482E-10    2.34557547E-07
   3.56355960E-03    4.28472162E-10    2.40470604E-07
   3.65340022E-03    4.50348503E-10    2.46532708E-07
   3.74550581E-03    4.73341757E-10    2.52747614E-07
   3.83993346E-03    4.97508947E-10    2.59119171E-07
   3.93674172E-03    5.22910007E-10    2.65651326E-07
   4.03599061E-03    5.49607931E-10    2.72348126E-07
   4.13774165E-03    5.77668928E-10    2.79213719E-07
   4.24205793E-03    6.07162587E-10    2.86252356E-07
   4.34900412E-03    6.38162051E-10    2.93468398E-07
   4.45864653E-03    6.70744194E-10    3.00866313E-07
   4.57105312E-03    7.04989817E-10    3.08450683E-07
   4.68629358E-03    7.40983844E-10    3.16226203E-07
   4.80443936E-03    7.78815535E-10    3.24197689E-07
   4.92556370E-03    8.18578706E-10    3.32370076E-07
   5.04974170E-03    8.60371961E-10    3.40748424E-07
   5.17705035E-03    9.04298940E-10    3.49337919E-07
   5.30756856E-03    9.50468571E-10    3.58143879E-07
   5.44137725E-03    9.98995341E-10    3.67171755E-07
   5.57855939E-03    1.04999958E-09    3.76427135E-07
   5.71920001E-03    1.10360777E-09    3.85915745E-07
   5.86338632E-03    1.15995284E-09    3.95643459E-07
   6.01120769E-03    1.21917450E-09    4.05616295E-07
   6.16275578E-03    1.28141960E-09    4.15840423E-07
   6.31812453E-03    1.34684248E-09    4.26322169E-07
   6.47741028E-03    1.41560536E-09    4.37068016E-07
   6.64071176E-03    1.48787873E-09    4.48084611E-07
   6.80813022E-03    1.56384179E-09    4.59378767E-07
   6.97976946E-03    1.64368290E-09    4.70957467E-07
   7.15573588E-03    1.72759999E-09    4.82827870E-07
   7.33613858E-03    1.81580115E-09    4.94997315E-07
   7.52108940E-03    1.90850503E-09    5.07473323E-07
   7.71070299E-03    2.00594149E-09    5.20263604E-07
   7.90509692E-03    2.10835207E-09    5.33376062E-07
   8.10439170E-03    2.21599067E-09    5.46818797E-07
   8.30871089E-03    2.32912414E-09    5.60600113E-07
   8.51818115E-03    2.44803294E-09    5.74728520E-07
   8.73293235E-03    2.57301184E-09    5.89212742E-07
   8.95309762E-03    2.70437064E-09    6.04061720E-07
   9.17881346E-03    2.84243498E-09    6.19284619E-07
   9.41021981E-03    2.98754707E-09    6.34890832E-07
   9.64746013E-03    3.14006660E-09    6.50889986E-07
   9.89068149E-03    3.30037161E-09    6.67291948E-07
   1.01400347E-02    3.46885943E-09    6.84106832E-07
   1.03956743E-02    3.64594764E-09    7.01345001E-07
   1.06577588E-02    3.83207512E-09    7.19017079E-07
   1.09264508E-02    4.02770314E-09    7.37133951E-07
   1.12019167E-02    4.23331652E-09    7.55706774E-07
   1.14843273E-02    4.44942475E-09    7.74746982E-07
   1.17738578E-02    4.67656336E-09    7.94266292E-07
   1.20706876E-02    4.91529514E-09    8.14276711E-07
   1.23750007E-02    5.16621160E-09    8.34790544E-07
   1.26869859E-02    5.42993440E-09    8.55820398E-07
   1.30068365E-02    5.70711691E-09    8.77379196E-07
   1.33347509E-02    5.99844578E-09    8.99480175E-07
   1.36709322E-02    6.30464267E-09    9.22136900E-07
   1.40155890E-02    6.62646604E-09    9.45363273E-07
   1.43689349E-02    6.96471297E-09    9.69173532E-07
   1.47311890E-02    7.32022119E-09    9.93582269E-07
   1.51025759E-02    7.69387110E-09    1.01860443E-06
   1.54833258E-02    8.08658795E-09    1.04425534E-06
   1.58736747E-02    8.49934414E-09    1.07055068E-06
   1.62738646E-02    8.93316159E-09    1.09750651E-06
   1.66841438E-02    9.38911428E-09    1.12513932E-06
   1.71047664E-02    9.86833087E-09    1.15346595E-06
   1.75359933E-02    1.03719975E-08    1.18250369E-06
   1.79780919E-02    1.09013607E-08    1.21227023E-06
   1.84313362E-02    1.14577303E-08    1.24278368E-06
   1.88960071E-02    1.20424832E-08    1.27406260E-06
   1.93723929E-02    1.26570659E-08    1.30612601E-06
   1.98607888E-02    1.33029988E-08    1.33899334E-06
   2.03614976E-02    1.39818795E-08    1.37268455E-06
   2.08748297E-02    1.46953869E-08    1.40722002E-06
   2.14011034E-02    1.54452852E-08    1.44262064E-06
   2.19406449E-02    1.62334285E-08    1.47890780E-06
   2.24937888E-02    1.70617648E-08    1.51610338E-06
   2.30608780E-02    1.79323415E-08    1.55422980E-06
   2.36422640E-02    1.88473096E-08    1.59330998E-06
   2.42383072E-02    1.98089297E-08    1.63336740E-06
   2.48493773E-02    2.08195769E-08    1.67442607E-06
   2.54758530E-02    2.18817471E-08    1.71651056E-06
   2.61181227E-02    2.29980627E-08    1.75964601E-06
   2.67765847E-02    2.41712793E-08    1.80385815E-06
   2.74516471E-02    2.54042920E-08    1.84917328E-06
   2.81437284E-02    2.67001429E-08    1.89561830E-06
   2.88532577E-02    2.80620282E-08    1.94322074E-06
   2.95806749E-02    2.94933059E-08    1.99200872E-06
   3.03264310E-02    3.09975043E-08    2.04201101E-06
   3.10909883E-02    3.25783301E-08    2.09325701E-06
   3.18748208E-02    3.42396774E-08    2.14577675E-06
   3.26784144E-02    3.59856377E-08    2.19960095E-06
   3.35022673E-02    3.78205087E-08    2.25476097E-06
   3.43468904E-02    3.97488058E-08    2.31128885E-06
   3.52128071E-02    4.17752720E-08    2.36921731E-06
   3.61005545E-02    4.39048898E-08    2.42857978E-06
   3.70106827E-02    4.61428929E-08    2.48941034E-06
   3.79437561E-02    4.84947788E-08    2.55174382E-06
   3.89003532E-02    5.09663220E-08    2.61561572E-06
   3.98810670E-02    5.35635875E-08    2.68106227E-06
   4.08865054E-02    5.62929453E-08    2.74812042E-06
   4.19172919E-02    5.91610857E-08    2.81682782E-06
   4.29740655E-02    6.21750347E-08    2.88722287E-06
   4.40574813E-02    6.53421710E-08    2.95934466E-06
   4.51682110E-02    6.86702429E-08    3.03323302E-06
   4.63069432E-02    7.21673870E-08    3.10892848E-06
   4.74743840E-02    7.58421466E-08    3.18647230E-06
   4.86712569E-02    7.97034921E-08    3.26590645E-06
   4.98983042E-02    8.37608415E-08    3.34727359E-06
   5.11562864E-02    8.80240826E-08    3.43061707E-06
   5.24459836E-02    9.25035953E-08    3.51598093E-06
   5.37681951E-02    9.72102756E-08    3.60340986E-06
   5.51237409E-02    1.02155561E-07    3.69294920E-06
   5.65134612E-02    1.07351455E-07    3.78464494E-06
   5.79382177E-02    1.12810557E-07    3.87854363E-06
   5.93988935E-02    1.18546088E-07    3.97469243E-06
   6.08963944E-02    1.24571921E-07    4.07313904E-06
   6.24316486E-02    1.30902614E-07    4.17393164E-06
   6.40056080E-02    1.37553439E-07    4.27711892E-06
   6.56192484E-02    1.44540418E-07    4.38274995E-06
   6.72735702E-02    1.51880356E-07    4.49087421E-06
   6.89695989E-02    1.59590882E-07    4.60154148E-06
   7.07083860E-02    1.67690480E-07    4.71480180E-06
   7.24910096E-02    1.76198536E-07    4.83070538E-06
   7.43185748E-02    1.85135372E-07    4.94930255E-06
   7.61922146E-02    1.94522296E-07    5.07064366E-06
   7.81130905E-02    2.04381642E-07    5.19477899E-06
   8.00823935E-02    2.14736814E-07    5.32175864E-06
   8.21013445E-02    2.25612341E-07    5.45163243E-06
   8.41711951E-02    2.37033920E-07    5.58444977E-06
   8.62932285E-02    2.49028470E-07    5.72025952E-06
   8.84687603E-02    2.61624185E-07    5.85910984E-06
   9.06991393E-02    2.74850587E-07    6.00104805E-06
   9.29857482E-02    2.88738585E-07    6.14612043E-06
   9.53300046E-02    3.03320533E-07    6.29437202E-06
   9.77333619E-02    3.18630287E-07    6.44584645E-06
   1.00197310E-01    3.34703270E-07    6.60058570E-06
   1.02723377E-01    3.51576532E-07    6.75862982E-06
   1.05313128E-01    3.69288818E-07    6.92001670E-06
   1.07968169E-01    3.87880632E-07    7.08478178E-06
   1.10690146E-01    4.07394304E-07    7.25295774E-06
   1.13480746E-01    4.27874059E-07    7.42457412E-06
   1.16341700E-01    4.49366087E-07    7.59965701E-06
   1.19274782E-01    4.71918615E-07    7.77822865E-06
   1.22281809E-01    4.95581973E-07    7.96030697E-06
   1.25364646E-01    5.20408669E-07    8.14590517E-06
   1.28525205E-01    5.46453459E-07    8.33503122E-06
   1.31765443E-01    5.73773419E-07    8.52768733E-06
   1.35087372E-01    6.02428014E-07    8.72386938E-06
   1.38493049E-01    6.32479164E-07    8.92356631E-06
   1.41984586E-01    6.63991316E-07    9.12675951E-06
   1.45564149E-01    6.97031506E-07    9.33342206E-06
   1.49233955E-01    7.31669419E-07    9.54351803E-06
   1.52996281E-01    7.67977451E-07    9.75700166E-06
   1.56853458E-01    8.06030758E-07    9.97381653E-06
   1.60807878E-01    8.45907303E-07    1.01938946E-05
   1.64861993E-01    8.87687903E-07    1.04171555E-05
   1.69018316E-01    9.31456255E-07    1.06435049E-05
   1.73279423E-01    9.77298963E-07    1.08728343E-05
   1.77647957E-01    1.02530555E-06    1.11050190E-05
   1.82126626E-01    1.07556847E-06    1.13399175E-05
   1.86718206E-01    1.12818307E-06    1.15773701E-05
   1.91425544E-01    1.18324758E-06    1.18171971E-05
   1.96251559E-01    1.24086309E-06    1.20591982E-05
   2.01199241E-01    1.30113342E-06    1.23031501E-05
   2.06271660E-01    1.36416510E-06    1.25488057E-05
   2.11471958E-01    1.43006721E-06    1.27958921E-05
   2.16803361E-01    1.49895125E-06    1.30441090E-05
   2.22269174E-01    1.57093099E-06    1.32931269E-05
   2.27872785E-01    1.64612222E-06    1.35425853E-05
   2.33617667E-01    1.72464253E-06    1.37920911E-05
   2.39507384E-01    1.80661102E-06    1.40412164E-05
   2.45545586E-01    1.89214796E-06    1.42894969E-05
   2.51736017E-01    1.98137441E-06    1.45364297E-05
   2.58082514E-01    2.07441177E-06    1.47814718E-05
   2.64589012E-01    2.17138130E-06    1.50240378E-05
   2.71259545E-01    2.27240353E-06    1.52634984E-05
   2.78098248E-01    2.37759764E-06    1.54991788E-05
   2.85109361E-01    2.48708075E-06    1.57303566E-05
   2.92297231E-01    2.60096716E-06    1.59562609E-05
   2.99666313E-01    2.71936743E-06    1.61760711E-05
   3.07221177E-01    2.84238746E-06    1.63889153E-05
   3.14966506E-01    2.97012742E-06    1.65938706E-05
   3.22907102E-01    3.10268061E-06    1.67899620E-05
   3.31047888E-01    3.24013222E-06    1.69761634E-05
   3.39393910E-01    3.38255796E-06    1.71513979E-05
   3.47950344E-01    3.53002264E-06    1.73145392E-05
   3.56722493E-01    3.68257859E-06    1.74644142E-05
   3.65715795E-01    3.84026401E-06    1.75998057E-05
   3.74935828E-01    4.00310125E-06    1.77194567E-05
   3.84388306E-01    4.17109497E-06    1.78220752E-05
   3.94079089E-01    4.34423020E-06    1.79063407E-05
   4.04014186E-01    4.52247039E-06    1.79709122E-05
   4.14199756E-01    4.70575539E-06    1.80144370E-05
   4.24642114E-01    4.89399942E-06    1.80355617E-05
   4.35347733E-01    5.08708898E-06    1.80329451E-05
   4.46323251E-01    5.28488090E-06    1.80052724E-05
   4.57575471E-01    5.48720039E-06    1.79512719E-05
   4.69111370E-01    5.69383923E-06    1.78697332E-05
   4.80938100E-01    5.90455413E-06    1.77595280E-05
   4.93062993E-01    6.11906536E-06    1.76196330E-05
   5.05493566E-01    6.33705560E-06    1.74491536E-05
   5.18237525E-01    6.55816928E-06    1.72473515E-05
   5.31302770E-01    6.78201223E-06    1.70136717E-05
   5.44697403E-01    7.00815198E-06    1.67477724E-05
   5.58429726E-01    7.23611865E-06    1.64495550E-05
   5.72508255E-01    7.46540652E-06    1.61191942E-05
   5.86941715E-01    7.69547647E-06    1.57571685E-05
   6.01739057E-01    7.92575923E-06    1.53642888E-05
   6.16909453E-01    8.15565969E-06    1.49417247E-05
   6.32462309E-01    8.38456212E-06    1.44910283E-05
   6.48407267E-01    8.61183660E-06    1.40141523E-05
   6.64754212E-01    8.83684648E-06    1.35134636E-05
   6.81513278E-01    9.05895687E-06    1.29917486E-05
   6.98694856E-01    9.27754436E-06    1.24522102E-05
   7.16309598E-01    9.49200749E-06    1.18984545E-05
   7.34368423E-01    9.70177822E-06    1.13344666E-05
   7.52882528E-01    9.90633391E-06    1.07645731E-05
   7.71863390E-01    1.01052098E-05    1.01933914E-05
   7.91322778E-01    1.02980114E-05    9.62576456E-06
   8.11272754E-01    1.04844268E-05    9.06668166E-06
   8.31725688E-01    1.06642379E-05    8.52118389E-06
   8.52694259E-01    1.08373309E-05    7.99425692E-06
   8.74191468E-01    1.10037042E-05    7.49071083E-06
   8.96230640E-01    1.11634748E-05    7.01504966E-06
   9.18825441E-01    1.13168811E-05    6.57133292E-06
   9.41989877E-01    1.14642824E-05    6.16303238E-06
   9.65738310E-01    1.16061537E-05    5.79288794E-06
   9.90085463E-01    1.17430761E-05    5.46276756E-06
   1.01504643E+00    1.18757221E-05    5.17353667E-06
   1.04063669E+00    1.20048347E-05    4.92494417E-06
   1.06687210E+00    1.21312010E-05    4.71553340E-06
   1.09376893E+00    1.22556206E-05    4.54258867E-06
   1.12134385E+00    1.23788684E-05    4.40213033E-06
   1.14961396E+00    1.25016536E-05    4.28897452E-06
   1.17859679E+00    1.26245774E-05    4.19687671E-06
   1.20831030E+00    1.27480908E-05    4.11878049E-06
   1.23877292E+00    1.28724578E-05    4.04719315E-06
   1.27000352E+00    1.29977291E-05    3.97470440E-06
   1.30202148E+00    1.31237321E-05    3.89465036E-06
   1.33484664E+00    1.32500859E-05    3.80189512E-06
   1.36849936E+00    1.33762458E-05    3.69364858E-06
   1.40300049E+00    1.35015821E-05    3.57015088E-06
   1.43837142E+00    1.36254866E-05    3.43491584E-06
   1.47463409E+00    1.37474874E-05    3.29402025E-06
   1.51181098E+00    1.38673201E-05    3.15361357E-06
   1.54992513E+00    1.39848772E-05    3.01617102E-06
   1.58900017E+00    1.41000913E-05    2.88202559E-06
   1.62906033E+00    1.42129064E-05    2.75141017E-06
   1.67013044E+00    1.43232784E-05    2.62457128E-06
   1.71223597E+00    1.44311765E-05    2.50175911E-06
   1.75540301E+00    1.45365851E-05    2.38321833E-06
   1.79965834E+00    1.46395043E-05    2.26917997E-06
   1.84502939E+00    1.47399508E-05    2.15985439E-06
   1.89154428E+00    1.48379581E-05    2.05542557E-06
   1.93923185E+00    1.49335766E-05    1.95604662E-06
   1.98812168E+00    1.50268736E-05    1.86183654E-06
   2.03824406E+00    1.51179326E-05    1.77287823E-06
   2.08963007E+00    1.52068526E-05    1.68921744E-06
   2.14231157E+00    1.52937473E-05    1.61086291E-06
   2.19632122E+00    1.53787442E-05    1.53778719E-06
   2.25169250E+00    1.54619831E-05    1.46992836E-06
   2.30845974E+00    1.55436148E-05    1.40719233E-06
   2.36665814E+00    1.56238002E-05    1.34945565E-06
   2.42632377E+00    1.57027083E-05    1.29656880E-06
   2.48749363E+00    1.57805153E-05    1.24835968E-06
   2.55020564E+00    1.58574029E-05    1.20463738E-06
   2.61449867E+00    1.59335571E-05    1.16519601E-06
   2.68041260E+00    1.60091673E-05    1.12981852E-06
   2.74798827E+00    1.60844245E-05    1.09828058E-06
   2.81726759E+00    1.61595211E-05    1.07035415E-06
   2.88829350E+00    1.62346494E-05    1.04581104E-06
   2.96111004E+00    1.63100014E-05    1.02442615E-06
   3.03576235E+00    1.63857682E-05    1.00598046E-06
   3.11229672E+00    1.64621396E-05    9.90263716E-07
   3.19076059E+00    1.65393041E-05    9.77076832E-07
   3.27120260E+00    1.66174491E-05    9.66233940E-07
   3.35367264E+00    1.66967611E-05    9.57564115E-07
   3.43822182E+00    1.67774263E-05    9.50912762E-07
   3.52490256E+00    1.68596314E-05    9.46142701E-07
   3.61376860E+00    1.69435645E-05    9.43134904E-07
   3.70487504E+00    1.70294163E-05    9.41788978E-07
   3.79827835E+00    1.71173815E-05    9.42023325E-07
   3.89403645E+00    1.72076602E-05    9.43775077E-07
   3.99220870E+00    1.73004597E-05    9.46999783E-07
   4.09285596E+00    1.73959966E-05    9.51670877E-07
   4.19604063E+00    1.74944986E-05    9.57778966E-07
   4.30182668E+00    1.75962065E-05    9.65330950E-07
   4.41027970E+00    1.77013772E-05    9.74349005E-07
   4.52146691E+00    1.78102855E-05    9.84869438E-07
   4.63545726E+00    1.79232270E-05    9.96941451E-07
   4.75232141E+00    1.80405207E-05    1.01062585E-06
   4.87213182E+00    1.81625114E-05    1.02599365E-06
   4.99496275E+00    1.82895731E-05    1.04312473E-06
   5.12089037E+00    1.84221116E-05    1.06210639E-06
   5.24999273E+00    1.85605670E-05    1.08303195E-06
   5.38234989E+00    1.87054172E-05    1.10599936E-06
   5.51804389E+00    1.88571806E-05    1.13110987E-06
   5.65715886E+00    1.90164190E-05    1.15846670E-06
   5.79978105E+00    1.91837408E-05    1.18817382E-06
   5.94599888E+00    1.93598034E-05    1.22033477E-06
   6.09590299E+00    1.95453170E-05    1.25505159E-06
   6.24958632E+00    1.97410465E-05    1.29242383E-06
   6.40714416E+00    1.99478153E-05    1.33254765E-06
   6.56867416E+00    2.01665075E-05    1.37551509E-06
   6.73427650E+00    2.03980712E-05    1.42141335E-06
   6.90405381E+00    2.06435210E-05    1.47032432E-06
   7.07811137E+00    2.09039410E-05    1.52232407E-06
   7.25655709E+00    2.11804875E-05    1.57748261E-06
   7.43950158E+00    2.14743921E-05    1.63586366E-06
   7.62705827E+00    2.17869641E-05    1.69752455E-06
   7.81934344E+00    2.21195935E-05    1.76251628E-06
   8.01647630E+00    2.24737543E-05    1.83088355E-06
   8.21857905E+00    2.28510068E-05    1.90266500E-06
   8.42577700E+00    2.32530013E-05    1.97789342E-06
   8.63819861E+00    2.36814806E-05    2.05659609E-06
   8.85597556E+00    2.41382839E-05    2.13879510E-06
   9.07924287E+00    2.46253495E-05    2.22450778E-06
   9.30813895E+00    2.51447189E-05    2.31374702E-06
   9.54280571E+00    2.56985400E-05    2.40652177E-06
   9.78338864E+00    2.62890710E-05    2.50283739E-06
   1.00300369E+01    2.69186847E-05    2.60269606E-06
   1.02829034E+01    2.75898723E-05    2.70609719E-06
   1.05421448E+01    2.83052477E-05    2.81303772E-06
   1.08079220E+01    2.90675525E-05    2.92351251E-06
   1.10803997E+01    2.98796604E-05    3.03751463E-06
   1.13597468E+01    3.07445822E-05    3.15503565E-06
   1.16461365E+01    3.16654710E-05    3.27606589E-06
   1.19397463E+01    3.26456280E-05    3.40059467E-06
   1.22407583E+01    3.36885077E-05    3.52861060E-06
   1.25493591E+01    3.47977238E-05    3.66010178E-06
   1.28657400E+01    3.59770561E-05    3.79505604E-06
   1.31900972E+01    3.72304561E-05    3.93346124E-06
   1.35226317E+01    3.85620545E-05    4.07530551E-06
   1.38635497E+01    3.99761680E-05    4.22057757E-06
   1.42130626E+01    4.14773070E-05    4.36926708E-06
   1.45713870E+01    4.30701837E-05    4.52136504E-06
   1.49387451E+01    4.47597202E-05    4.67686413E-06
   1.53153646E+01    4.65510577E-05    4.83575926E-06
   1.57014791E+01    4.84495661E-05    4.99804800E-06
   1.60973278E+01    5.04608540E-05    5.16373117E-06
   1.65031563E+01    5.25907796E-05    5.33281337E-06
   1.69192161E+01    5.48454625E-05    5.50530351E-06
   1.73457651E+01    5.72312956E-05    5.68121559E-06
   1.77830678E+01    5.97549595E-05    5.86056888E-06
   1.82313954E+01    6.24234357E-05    6.04338993E-06
   1.86910257E+01    6.52440223E-05    6.22970749E-06
   1.91622436E+01    6.82243529E-05    6.41957686E-06
   1.96453415E+01    7.13724027E-05    6.61298082E-06
   2.01406186E+01    7.46965570E-05    6.81024374E-06
   2.06483822E+01    7.82054185E-05    7.01031311E-06
   2.11689469E+01    8.19090477E-05    7.22087047E-06
   2.17026356E+01    8.58217341E-05    7.44119961E-06
   2.22497791E+01    8.99537287E-05    7.66216606E-06
   2.28107165E+01    9.43146252E-05    7.88592494E-06
   2.33857957E+01    9.89148802E-05    8.11230984E-06
   2.39753732E+01    1.03765494E-04    8.34182234E-06
   2.45798144E+01    1.08878140E-04    8.57474104E-06
   2.51994942E+01    1.14265162E-04    8.81139080E-06
   2.58347967E+01    1.19939607E-04    9.05206462E-06
   2.64861157E+01    1.25915260E-04    9.29704921E-06
   2.71538551E+01    1.32206673E-04    9.54661942E-06
   2.78384288E+01    1.38829200E-04    9.80104171E-06
   2.85402613E+01    1.45799035E-04    1.00605748E-05
   2.92597876E+01    1.53133250E-04    1.03254712E-05
   2.99974538E+01    1.60849834E-04    1.05959778E-05
   3.07537172E+01    1.68967743E-04    1.08723372E-05
   3.15290468E+01    1.77506937E-04    1.11547888E-05
   3.23239231E+01    1.86488436E-04    1.14435689E-05
   3.31388390E+01    1.95934368E-04    1.17389122E-05
   3.39742997E+01    2.05868023E-04    1.20410521E-05
   3.48308231E+01    2.16313910E-04    1.23502214E-05
   3.57089403E+01    2.27297820E-04    1.26666531E-05
   3.66091956E+01    2.38846885E-04    1.29905807E-05
   3.75321471E+01    2.50989645E-04    1.33222386E-05
   3.84783671E+01    2.63756123E-04    1.36618632E-05
   3.94484422E+01    2.77177894E-04    1.40096925E-05
   4.04429738E+01    2.91288164E-04    1.43659673E-05
   4.14625785E+01    3.06121854E-04    1.47309312E-05
   4.25078883E+01    3.21715683E-04    1.51048309E-05
   4.35795513E+01    3.38108262E-04    1.54879167E-05
   4.46782320E+01    3.55340186E-04    1.58804429E-05
   4.58046114E+01    3.73454136E-04    1.62826682E-05
   4.69593879E+01    3.92494986E-04    1.66948555E-05
   4.81432773E+01    4.12509913E-04    1.71172729E-05
   4.93570137E+01    4.33548509E-04    1.75501935E-05
   5.06013496E+01    4.55662914E-04    1.79938959E-05
   5.18770562E+01    4.78907935E-04    1.84486644E-05
   5.31849246E+01    5.03341186E-04    1.89147892E-05
   5.45257656E+01    5.29023233E-04    1.93925670E-05
   5.59004104E+01    5.56017739E-04    1.98823005E-05
   5.73097113E+01    5.84391625E-04    2.03842997E-05
   5.87545419E+01    6.14215236E-04    2.08988814E-05
   6.02357981E+01    6.45562513E-04    2.14263694E-05
   6.17543981E+01    6.78511178E-04    2.19670955E-05
   6.33112834E+01    7.13142926E-04    2.25213991E-05
   6.49074192E+01    7.49543629E-04    2.30896272E-05
   6.65437950E+01    7.87803545E-04    2.36721357E-05
   6.82214255E+01    8.28017546E-04    2.42692887E-05
   6.99413505E+01    8.70285351E-04    2.48814591E-05
   7.17046364E+01    9.14711775E-04    2.55090288E-05
   7.35123764E+01    9.61406984E-04    2.61523890E-05
   7.53656911E+01    1.01048678E-03    2.68119409E-05
   7.72657297E+01    1.06207286E-03    2.74880949E-05
   7.92136699E+01    1.11629316E-03    2.81812717E-05
   8.12107196E+01    1.17328215E-03    2.88919025E-05
   8.32581167E+01    1.23318114E-03    2.96204292E-05
   8.53571305E+01    1.29613869E-03    3.03673047E-05
   8.75090625E+01    1.36231092E-03    3.11329929E-05
   8.97152466E+01    1.43186194E-03    3.19179692E-05
   9.19770507E+01    1.50496423E-03    3.27227220E-05
   9.42958769E+01    1.58179908E-03    3.35477470E-05
   9.66731629E+01    1.66255705E-03    3.43935722E-05
   9.91103824E+01    1.74743839E-03    3.52606565E-05
   1.01609046E+02    1.83665375E-03    3.61498141E-05
   1.04170704E+02    1.93042367E-03    3.70604418E-05
   1.06796944E+02    2.02898352E-03    3.79950294E-05
   1.09489393E+02    2.13256521E-03    3.89427102E-05
   1.12249722E+02    1.97900232E-03   -5.28910618E-05
