# 
# Energy units: hartree
# Length units: bohr
#
# ----------------------------------
# |       r       |      v(r)      |
# ----------------------------------
   3.74165729E-05    3.69727100E+01
   3.83598792E-05    3.69737984E+01
   3.93269671E-05    3.69749061E+01
   4.03184362E-05    3.69760240E+01
   4.13349012E-05    3.69771438E+01
   4.23769921E-05    3.69782649E+01
   4.34453551E-05    3.69793903E+01
   4.45406526E-05    3.69805224E+01
   4.56635635E-05    3.69816612E+01
   4.68147840E-05    3.69828056E+01
   4.79950279E-05    3.69839550E+01
   4.92050268E-05    3.69851094E+01
   5.04455309E-05    3.69862691E+01
   5.17173092E-05    3.69874343E+01
   5.30211502E-05    3.69886049E+01
   5.43578623E-05    3.69897808E+01
   5.57282741E-05    3.69909621E+01
   5.71332353E-05    3.69921487E+01
   5.85736168E-05    3.69933406E+01
   6.00503117E-05    3.69945380E+01
   6.15642354E-05    3.69957409E+01
   6.31163265E-05    3.69969492E+01
   6.47075473E-05    3.69981631E+01
   6.63388842E-05    3.69993825E+01
   6.80113486E-05    3.70006076E+01
   6.97259774E-05    3.70018385E+01
   7.14838335E-05    3.70030750E+01
   7.32860069E-05    3.70043174E+01
   7.51336146E-05    3.70055658E+01
   7.70278023E-05    3.70068201E+01
   7.89697442E-05    3.70080805E+01
   8.09606443E-05    3.70093472E+01
   8.30017367E-05    3.70106201E+01
   8.50942870E-05    3.70118994E+01
   8.72395924E-05    3.70131852E+01
   8.94389830E-05    3.70144776E+01
   9.16938222E-05    3.70157767E+01
   9.40055079E-05    3.70170826E+01
   9.63754734E-05    3.70183956E+01
   9.88051880E-05    3.70197157E+01
   1.01296158E-04    3.70210430E+01
   1.03849927E-04    3.70223777E+01
   1.06468080E-04    3.70237200E+01
   1.09152238E-04    3.70250699E+01
   1.11904067E-04    3.70264278E+01
   1.14725271E-04    3.70277936E+01
   1.17617601E-04    3.70291677E+01
   1.20582849E-04    3.70305501E+01
   1.23622854E-04    3.70319411E+01
   1.26739500E-04    3.70333408E+01
   1.29934720E-04    3.70347494E+01
   1.33210494E-04    3.70361673E+01
   1.36568853E-04    3.70375944E+01
   1.40011880E-04    3.70390311E+01
   1.43541708E-04    3.70404775E+01
   1.47160527E-04    3.70419340E+01
   1.50870580E-04    3.70434006E+01
   1.54674166E-04    3.70448777E+01
   1.58573644E-04    3.70463655E+01
   1.62571432E-04    3.70478643E+01
   1.66670008E-04    3.70493743E+01
   1.70871912E-04    3.70508956E+01
   1.75179751E-04    3.70524288E+01
   1.79596194E-04    3.70539740E+01
   1.84123979E-04    3.70555314E+01
   1.88765915E-04    3.70571013E+01
   1.93524877E-04    3.70586843E+01
   1.98403818E-04    3.70602803E+01
   2.03405761E-04    3.70618899E+01
   2.08533808E-04    3.70635132E+01
   2.13791137E-04    3.70651507E+01
   2.19181009E-04    3.70668027E+01
   2.24706764E-04    3.70684695E+01
   2.30371829E-04    3.70701514E+01
   2.36179715E-04    3.70718489E+01
   2.42134023E-04    3.70735624E+01
   2.48238445E-04    3.70752920E+01
   2.54496765E-04    3.70770383E+01
   2.60912863E-04    3.70788018E+01
   2.67490717E-04    3.70805827E+01
   2.74234404E-04    3.70823814E+01
   2.81148107E-04    3.70841985E+01
   2.88236109E-04    3.70860344E+01
   2.95502807E-04    3.70878894E+01
   3.02952706E-04    3.70897641E+01
   3.10590423E-04    3.70916589E+01
   3.18420693E-04    3.70935743E+01
   3.26448373E-04    3.70955109E+01
   3.34678437E-04    3.70974690E+01
   3.43115989E-04    3.70994491E+01
   3.51766259E-04    3.71014519E+01
   3.60634611E-04    3.71034779E+01
   3.69726542E-04    3.71055276E+01
   3.79047689E-04    3.71076015E+01
   3.88603830E-04    3.71097002E+01
   3.98400891E-04    3.71118244E+01
   4.08444945E-04    3.71139746E+01
   4.18742218E-04    3.71161514E+01
   4.29299096E-04    3.71183553E+01
   4.40122121E-04    3.71205872E+01
   4.51218006E-04    3.71228477E+01
   4.62593628E-04    3.71251374E+01
   4.74256039E-04    3.71274568E+01
   4.86212471E-04    3.71298068E+01
   4.98470336E-04    3.71321882E+01
   5.11037233E-04    3.71346015E+01
   5.23920952E-04    3.71370476E+01
   5.37129482E-04    3.71395270E+01
   5.50671012E-04    3.71420407E+01
   5.64553935E-04    3.71445895E+01
   5.78786861E-04    3.71471742E+01
   5.93378611E-04    3.71497954E+01
   6.08338233E-04    3.71524540E+01
   6.23675000E-04    3.71551510E+01
   6.39398422E-04    3.71578872E+01
   6.55518245E-04    3.71606635E+01
   6.72044464E-04    3.71634807E+01
   6.88987325E-04    3.71663397E+01
   7.06357330E-04    3.71692415E+01
   7.24165250E-04    3.71721872E+01
   7.42422123E-04    3.71751775E+01
   7.61139269E-04    3.71782135E+01
   7.80328292E-04    3.71812962E+01
   8.00001087E-04    3.71844265E+01
   8.20169852E-04    3.71876058E+01
   8.40847090E-04    3.71908349E+01
   8.62045620E-04    3.71941147E+01
   8.83778585E-04    3.71974465E+01
   9.06059458E-04    3.72008314E+01
   9.28902052E-04    3.72042706E+01
   9.52320529E-04    3.72077652E+01
   9.76329407E-04    3.72113163E+01
   1.00094357E-03    3.72149250E+01
   1.02617828E-03    3.72185925E+01
   1.05204918E-03    3.72223204E+01
   1.07857231E-03    3.72261096E+01
   1.10576411E-03    3.72299614E+01
   1.13364145E-03    3.72338770E+01
   1.16222159E-03    3.72378577E+01
   1.19152227E-03    3.72419051E+01
   1.22156164E-03    3.72460203E+01
   1.25235834E-03    3.72502046E+01
   1.28393145E-03    3.72544593E+01
   1.31630054E-03    3.72587857E+01
   1.34948569E-03    3.72631855E+01
   1.38350747E-03    3.72676600E+01
   1.41838697E-03    3.72722106E+01
   1.45414581E-03    3.72768385E+01
   1.49080617E-03    3.72815452E+01
   1.52839077E-03    3.72863323E+01
   1.56692291E-03    3.72912013E+01
   1.60642648E-03    3.72961537E+01
   1.64692597E-03    3.73011907E+01
   1.68844649E-03    3.73063138E+01
   1.73101378E-03    3.73115245E+01
   1.77465424E-03    3.73168244E+01
   1.81939491E-03    3.73222152E+01
   1.86526353E-03    3.73276982E+01
   1.91228854E-03    3.73332747E+01
   1.96049910E-03    3.73389462E+01
   2.00992509E-03    3.73447144E+01
   2.06059715E-03    3.73505808E+01
   2.11254670E-03    3.73565470E+01
   2.16580595E-03    3.73626141E+01
   2.22040792E-03    3.73687835E+01
   2.27638645E-03    3.73750569E+01
   2.33377625E-03    3.73814356E+01
   2.39261290E-03    3.73879212E+01
   2.45293288E-03    3.73945150E+01
   2.51477357E-03    3.74012181E+01
   2.57817333E-03    3.74080319E+01
   2.64317146E-03    3.74149576E+01
   2.70980825E-03    3.74219968E+01
   2.77812501E-03    3.74291506E+01
   2.84816411E-03    3.74364200E+01
   2.91996895E-03    3.74438060E+01
   2.99358406E-03    3.74513097E+01
   3.06905507E-03    3.74589321E+01
   3.14642878E-03    3.74666743E+01
   3.22575315E-03    3.74745371E+01
   3.30707736E-03    3.74825212E+01
   3.39045183E-03    3.74906270E+01
   3.47592824E-03    3.74988553E+01
   3.56355960E-03    3.75072066E+01
   3.65340022E-03    3.75156815E+01
   3.74550581E-03    3.75242801E+01
   3.83993346E-03    3.75330025E+01
   3.93674172E-03    3.75418485E+01
   4.03599061E-03    3.75508182E+01
   4.13774165E-03    3.75599115E+01
   4.24205793E-03    3.75691280E+01
   4.34900412E-03    3.75784669E+01
   4.45864653E-03    3.75879273E+01
   4.57105312E-03    3.75975083E+01
   4.68629358E-03    3.76072089E+01
   4.80443936E-03    3.76170279E+01
   4.92556370E-03    3.76269636E+01
   5.04974170E-03    3.76370140E+01
   5.17705035E-03    3.76471769E+01
   5.30756856E-03    3.76574502E+01
   5.44137725E-03    3.76678312E+01
   5.57855939E-03    3.76783173E+01
   5.71920001E-03    3.76889050E+01
   5.86338632E-03    3.76995907E+01
   6.01120769E-03    3.77103704E+01
   6.16275578E-03    3.77212400E+01
   6.31812453E-03    3.77321949E+01
   6.47741028E-03    3.77432303E+01
   6.64071176E-03    3.77543405E+01
   6.80813022E-03    3.77655195E+01
   6.97976946E-03    3.77767609E+01
   7.15573588E-03    3.77880582E+01
   7.33613858E-03    3.77994040E+01
   7.52108940E-03    3.78107905E+01
   7.71070299E-03    3.78222092E+01
   7.90509692E-03    3.78336510E+01
   8.10439170E-03    3.78451063E+01
   8.30871089E-03    3.78565651E+01
   8.51818115E-03    3.78680168E+01
   8.73293235E-03    3.78794498E+01
   8.95309762E-03    3.78908515E+01
   9.17881346E-03    3.79022092E+01
   9.41021981E-03    3.79135091E+01
   9.64746013E-03    3.79247369E+01
   9.89068149E-03    3.79358775E+01
   1.01400347E-02    3.79469144E+01
   1.03956743E-02    3.79578306E+01
   1.06577588E-02    3.79686081E+01
   1.09264508E-02    3.79792283E+01
   1.12019167E-02    3.79896714E+01
   1.14843273E-02    3.79999165E+01
   1.17738578E-02    3.80099417E+01
   1.20706876E-02    3.80197240E+01
   1.23750007E-02    3.80292393E+01
   1.26869859E-02    3.80384626E+01
   1.30068365E-02    3.80473680E+01
   1.33347509E-02    3.80559278E+01
   1.36709322E-02    3.80641132E+01
   1.40155890E-02    3.80718942E+01
   1.43689349E-02    3.80792396E+01
   1.47311890E-02    3.80861172E+01
   1.51025759E-02    3.80924933E+01
   1.54833258E-02    3.80983325E+01
   1.58736747E-02    3.81035983E+01
   1.62738646E-02    3.81082528E+01
   1.66841438E-02    3.81122566E+01
   1.71047664E-02    3.81155693E+01
   1.75359933E-02    3.81181487E+01
   1.79780919E-02    3.81199509E+01
   1.84313362E-02    3.81209309E+01
   1.88960071E-02    3.81210421E+01
   1.93723929E-02    3.81202367E+01
   1.98607888E-02    3.81184652E+01
   2.03614976E-02    3.81156765E+01
   2.08748297E-02    3.81118182E+01
   2.14011034E-02    3.81068365E+01
   2.19406449E-02    3.81006763E+01
   2.24937888E-02    3.80932808E+01
   2.30608780E-02    3.80845918E+01
   2.36422640E-02    3.80745502E+01
   2.42383072E-02    3.80630953E+01
   2.48493773E-02    3.80501653E+01
   2.54758530E-02    3.80356969E+01
   2.61181227E-02    3.80196260E+01
   2.67765847E-02    3.80018874E+01
   2.74516471E-02    3.79824149E+01
   2.81437284E-02    3.79611412E+01
   2.88532577E-02    3.79379985E+01
   2.95806749E-02    3.79129182E+01
   3.03264310E-02    3.78858310E+01
   3.10909883E-02    3.78566673E+01
   3.18748208E-02    3.78253569E+01
   3.26784144E-02    3.77918298E+01
   3.35022673E-02    3.77560156E+01
   3.43468904E-02    3.77178440E+01
   3.52128071E-02    3.76772453E+01
   3.61005545E-02    3.76341497E+01
   3.70106827E-02    3.75884886E+01
   3.79437561E-02    3.75401937E+01
   3.89003532E-02    3.74891980E+01
   3.98810670E-02    3.74354356E+01
   4.08865054E-02    3.73788421E+01
   4.19172919E-02    3.73193546E+01
   4.29740655E-02    3.72569121E+01
   4.40574813E-02    3.71914557E+01
   4.51682110E-02    3.71229290E+01
   4.63069432E-02    3.70512781E+01
   4.74743840E-02    3.69764514E+01
   4.86712569E-02    3.68984008E+01
   4.98983042E-02    3.68170817E+01
   5.11562864E-02    3.67324525E+01
   5.24459836E-02    3.66444755E+01
   5.37681951E-02    3.65531171E+01
   5.51237409E-02    3.64583475E+01
   5.65134612E-02    3.63601416E+01
   5.79382177E-02    3.62584786E+01
   5.93988935E-02    3.61533427E+01
   6.08963944E-02    3.60447227E+01
   6.24316486E-02    3.59326125E+01
   6.40056080E-02    3.58170111E+01
   6.56192484E-02    3.56979227E+01
   6.72735702E-02    3.55753568E+01
   6.89695989E-02    3.54493279E+01
   7.07083860E-02    3.53198561E+01
   7.24910096E-02    3.51869665E+01
   7.43185748E-02    3.50506893E+01
   7.61922146E-02    3.49110596E+01
   7.81130905E-02    3.47681174E+01
   8.00823935E-02    3.46219071E+01
   8.21013445E-02    3.44724776E+01
   8.41711951E-02    3.43198813E+01
   8.62932285E-02    3.41641744E+01
   8.84687603E-02    3.40054163E+01
   9.06991393E-02    3.38436686E+01
   9.29857482E-02    3.36789952E+01
   9.53300046E-02    3.35114615E+01
   9.77333619E-02    3.33411333E+01
   1.00197310E-01    3.31680769E+01
   1.02723377E-01    3.29923579E+01
   1.05313128E-01    3.28140401E+01
   1.07968169E-01    3.26331857E+01
   1.10690146E-01    3.24498535E+01
   1.13480746E-01    3.22640989E+01
   1.16341700E-01    3.20759726E+01
   1.19274782E-01    3.18855203E+01
   1.22281809E-01    3.16927820E+01
   1.25364646E-01    3.14977908E+01
   1.28525205E-01    3.13005742E+01
   1.31765443E-01    3.11011519E+01
   1.35087372E-01    3.08995373E+01
   1.38493049E-01    3.06957370E+01
   1.41984586E-01    3.04897509E+01
   1.45564149E-01    3.02815745E+01
   1.49233955E-01    3.00711986E+01
   1.52996281E-01    2.98586101E+01
   1.56853458E-01    2.96437969E+01
   1.60807878E-01    2.94267461E+01
   1.64861993E-01    2.92074477E+01
   1.69018316E-01    2.89858981E+01
   1.73279423E-01    2.87621011E+01
   1.77647957E-01    2.85360694E+01
   1.82126626E-01    2.83078288E+01
   1.86718206E-01    2.80774177E+01
   1.91425544E-01    2.78448893E+01
   1.96251559E-01    2.76103112E+01
   2.01199241E-01    2.73737656E+01
   2.06271660E-01    2.71353481E+01
   2.11471958E-01    2.68951665E+01
   2.16803361E-01    2.66533355E+01
   2.22269174E-01    2.64099794E+01
   2.27872785E-01    2.61652230E+01
   2.33617667E-01    2.59191918E+01
   2.39507384E-01    2.56720084E+01
   2.45545586E-01    2.54237877E+01
   2.51736017E-01    2.51746370E+01
   2.58082514E-01    2.49246510E+01
   2.64589012E-01    2.46739128E+01
   2.71259545E-01    2.44224906E+01
   2.78098248E-01    2.41704384E+01
   2.85109361E-01    2.39177971E+01
   2.92297231E-01    2.36645931E+01
   2.99666313E-01    2.34108403E+01
   3.07221177E-01    2.31565415E+01
   3.14966506E-01    2.29016901E+01
   3.22907102E-01    2.26462718E+01
   3.31047888E-01    2.23902668E+01
   3.39393910E-01    2.21336514E+01
   3.47950344E-01    2.18764009E+01
   3.56722493E-01    2.16184907E+01
   3.65715795E-01    2.13598991E+01
   3.74935828E-01    2.11006087E+01
   3.84388306E-01    2.08406084E+01
   3.94079089E-01    2.05798947E+01
   4.04014186E-01    2.03184731E+01
   4.14199756E-01    2.00563595E+01
   4.24642114E-01    1.97935810E+01
   4.35347733E-01    1.95301765E+01
   4.46323251E-01    1.92661975E+01
   4.57575471E-01    1.90017083E+01
   4.69111370E-01    1.87367861E+01
   4.80938100E-01    1.84715205E+01
   4.93062993E-01    1.82060139E+01
   5.05493566E-01    1.79403802E+01
   5.18237525E-01    1.76747447E+01
   5.31302770E-01    1.74092428E+01
   5.44697403E-01    1.71440190E+01
   5.58429726E-01    1.68792260E+01
   5.72508255E-01    1.66150229E+01
   5.86941715E-01    1.63515741E+01
   6.01739057E-01    1.60890477E+01
   6.16909453E-01    1.58276137E+01
   6.32462309E-01    1.55674428E+01
   6.48407267E-01    1.53087040E+01
   6.64754212E-01    1.50515636E+01
   6.81513278E-01    1.47961830E+01
   6.98694856E-01    1.45427171E+01
   7.16309598E-01    1.42913129E+01
   7.34368423E-01    1.40421074E+01
   7.52882528E-01    1.37952268E+01
   7.71863390E-01    1.35507844E+01
   7.91322778E-01    1.33088797E+01
   8.11272754E-01    1.30695972E+01
   8.31725688E-01    1.28330057E+01
   8.52694259E-01    1.25991574E+01
   8.74191468E-01    1.23680878E+01
   8.96230640E-01    1.21398156E+01
   9.18825441E-01    1.19143435E+01
   9.41989877E-01    1.16916593E+01
   9.65738310E-01    1.14717376E+01
   9.90085463E-01    1.12545424E+01
   1.01504643E+00    1.10400307E+01
   1.04063669E+00    1.08281561E+01
   1.06687210E+00    1.06188739E+01
   1.09376893E+00    1.04121457E+01
   1.12134385E+00    1.02079442E+01
   1.14961396E+00    1.00062571E+01
   1.17859679E+00    9.80709024E+00
   1.20831030E+00    9.61046806E+00
   1.23877292E+00    9.41643302E+00
   1.27000352E+00    9.22504267E+00
   1.30202148E+00    9.03636527E+00
   1.33484664E+00    8.85047458E+00
   1.36849936E+00    8.66744433E+00
   1.40300049E+00    8.48734320E+00
   1.43837142E+00    8.31023067E+00
   1.47463409E+00    8.13615405E+00
   1.51181098E+00    7.96514672E+00
   1.54992513E+00    7.79722753E+00
   1.58900017E+00    7.63240108E+00
   1.62906033E+00    7.47065870E+00
   1.67013044E+00    7.31197993E+00
   1.71223597E+00    7.15633418E+00
   1.75540301E+00    7.00368255E+00
   1.79965834E+00    6.85397953E+00
   1.84502939E+00    6.70717474E+00
   1.89154428E+00    6.56321437E+00
   1.93923185E+00    6.42204250E+00
   1.98812168E+00    6.28360225E+00
   2.03824406E+00    6.14783672E+00
   2.08963007E+00    6.01468971E+00
   2.14231157E+00    5.88410637E+00
   2.19632122E+00    5.75603363E+00
   2.25169250E+00    5.63042049E+00
   2.30845974E+00    5.50721829E+00
   2.36665814E+00    5.38638075E+00
   2.42632377E+00    5.26786408E+00
   2.48749363E+00    5.15162684E+00
   2.55020564E+00    5.03762995E+00
   2.61449867E+00    4.92583648E+00
   2.68041260E+00    4.81621154E+00
   2.74798827E+00    4.70872206E+00
   2.81726759E+00    4.60333660E+00
   2.88829350E+00    4.50002514E+00
   2.96111004E+00    4.39875887E+00
   3.03576235E+00    4.29950999E+00
   3.11229672E+00    4.20225151E+00
   3.19076059E+00    4.10695707E+00
   3.27120260E+00    4.01360078E+00
   3.35367264E+00    3.92215701E+00
   3.43822182E+00    3.83260035E+00
   3.52490256E+00    3.74490539E+00
   3.61376860E+00    3.65904668E+00
   3.70487504E+00    3.57499863E+00
   3.79827835E+00    3.49273544E+00
   3.89403645E+00    3.41223105E+00
   3.99220870E+00    3.33345909E+00
   4.09285596E+00    3.25639289E+00
   4.19604063E+00    3.18100545E+00
   4.30182668E+00    3.10726943E+00
   4.41027970E+00    3.03515718E+00
   4.52146691E+00    2.96464077E+00
   4.63545726E+00    2.89569199E+00
   4.75232141E+00    2.82828238E+00
   4.87213182E+00    2.76238330E+00
   4.99496275E+00    2.69796596E+00
   5.12089037E+00    2.63500143E+00
   5.24999273E+00    2.57346076E+00
   5.38234989E+00    2.51331493E+00
   5.51804389E+00    2.45453500E+00
   5.65715886E+00    2.39709208E+00
   5.79978105E+00    2.34095741E+00
   5.94599888E+00    2.28610243E+00
   6.09590299E+00    2.23249880E+00
   6.24958632E+00    2.18011842E+00
   6.40714416E+00    2.12893356E+00
   6.56867416E+00    2.07891679E+00
   6.73427650E+00    2.03004113E+00
   6.90405381E+00    1.98228000E+00
   7.07811137E+00    1.93560729E+00
   7.25655709E+00    1.88999743E+00
   7.43950158E+00    1.84542533E+00
   7.62705827E+00    1.80186650E+00
   7.81934344E+00    1.75929699E+00
   8.01647630E+00    1.71769346E+00
   8.21857905E+00    1.67703320E+00
   8.42577700E+00    1.63729407E+00
   8.63819861E+00    1.59845461E+00
   8.85597556E+00    1.56049393E+00
   9.07924287E+00    1.52339182E+00
   9.30813895E+00    1.48712864E+00
   9.54280571E+00    1.45168540E+00
   9.78338864E+00    1.41704369E+00
   1.00300369E+01    1.38318568E+00
   1.02829034E+01    1.35009413E+00
   1.05421448E+01    1.31775232E+00
   1.08079220E+01    1.28614408E+00
   1.10803997E+01    1.25525372E+00
   1.13597468E+01    1.22506605E+00
   1.16461365E+01    1.19556633E+00
   1.19397463E+01    1.16674023E+00
   1.22407583E+01    1.13857383E+00
   1.25493591E+01    1.11105358E+00
   1.28657400E+01    1.08416629E+00
   1.31900972E+01    1.05789908E+00
   1.35226317E+01    1.03223937E+00
   1.38635497E+01    1.00717485E+00
   1.42130626E+01    9.82693472E-01
   1.45713870E+01    9.58783421E-01
   1.49387451E+01    9.35433092E-01
   1.53153646E+01    9.12631078E-01
   1.57014791E+01    8.90366157E-01
   1.60973278E+01    8.68627276E-01
   1.65031563E+01    8.47403544E-01
   1.69192161E+01    8.26684219E-01
   1.73457651E+01    8.06458704E-01
   1.77830678E+01    7.86716539E-01
   1.82313954E+01    7.67447399E-01
   1.86910257E+01    7.48641091E-01
   1.91622436E+01    7.30287553E-01
   1.96453415E+01    7.12376853E-01
   2.01406186E+01    6.94899193E-01
   2.06483822E+01    6.77844907E-01
   2.11689469E+01    6.61346076E-01
   2.17026356E+01    6.45082941E-01
   2.22497791E+01    6.29219731E-01
   2.28107165E+01    6.13746613E-01
   2.33857957E+01    5.98653994E-01
   2.39753732E+01    5.83932517E-01
   2.45798144E+01    5.69573056E-01
   2.51994942E+01    5.55566707E-01
   2.58347967E+01    5.41904788E-01
   2.64861157E+01    5.28578828E-01
   2.71538551E+01    5.15580567E-01
   2.78384288E+01    5.02901945E-01
   2.85402613E+01    4.90535103E-01
   2.92597876E+01    4.78472374E-01
   2.99974538E+01    4.66706278E-01
   3.07537172E+01    4.55229522E-01
   3.15290468E+01    4.44034991E-01
   3.23239231E+01    4.33115744E-01
   3.31388390E+01    4.22465011E-01
   3.39742997E+01    4.12076191E-01
   3.48308231E+01    4.01942841E-01
   3.57089403E+01    3.92058681E-01
   3.66091956E+01    3.82417581E-01
   3.75321471E+01    3.73013565E-01
   3.84783671E+01    3.63840803E-01
   3.94484422E+01    3.54893608E-01
   4.04429738E+01    3.46166433E-01
   4.14625785E+01    3.37653868E-01
   4.25078883E+01    3.29350635E-01
   4.35795513E+01    3.21251586E-01
   4.46782320E+01    3.13351701E-01
   4.58046114E+01    3.05646082E-01
   4.69593879E+01    2.98129951E-01
   4.81432773E+01    2.90798649E-01
   4.93570137E+01    2.83647631E-01
   5.06013496E+01    2.76672463E-01
   5.18770562E+01    2.69868821E-01
   5.31849246E+01    2.63232487E-01
   5.45257656E+01    2.56759348E-01
   5.59004104E+01    2.50445388E-01
   5.73097113E+01    2.44286696E-01
   5.87545419E+01    2.38279451E-01
   6.02357981E+01    2.32419930E-01
   6.17543981E+01    2.26704501E-01
   6.33112834E+01    2.21129619E-01
   6.49074192E+01    2.15691830E-01
   6.65437950E+01    2.10387760E-01
   6.82214255E+01    2.05214123E-01
   6.99413505E+01    2.00167711E-01
   7.17046364E+01    1.95245394E-01
   7.35123764E+01    1.90444122E-01
   7.53656911E+01    1.85760918E-01
   7.72657297E+01    1.81192879E-01
   7.92136699E+01    1.76737172E-01
   8.12107196E+01    1.72391035E-01
   8.32581167E+01    1.68151774E-01
   8.53571305E+01    1.64016760E-01
   8.75090625E+01    1.59983430E-01
   8.97152466E+01    1.56049284E-01
   9.19770507E+01    1.52211882E-01
   9.42958769E+01    1.48468846E-01
   9.66731629E+01    1.44817854E-01
   9.91103824E+01    1.41256644E-01
   1.01609046E+02    1.37783007E-01
   1.04170704E+02    1.34394791E-01
   1.06796944E+02    1.31089894E-01
   1.09489393E+02    1.27866267E-01
   1.12249722E+02    1.24721913E-01
