# Radial wavefunctions and first derivative.
# Energy units: hartree
# Length units: bohr
#
# State: 1s
# Nodes: 
# Peaks:     0.072491  
   3.74165729E-05    1.05305191E+02   -1.52033609E+04
   3.83598792E-05    1.05291126E+02   -1.49141948E+04
   3.93269671E-05    1.05276815E+02   -1.46220595E+04
   4.03184362E-05    1.05262370E+02   -1.43317189E+04
   4.13349012E-05    1.05247903E+02   -1.40477648E+04
   4.23769921E-05    1.05233418E+02   -1.37704717E+04
   4.34453551E-05    1.05218879E+02   -1.34983597E+04
   4.45406526E-05    1.05204253E+02   -1.32300995E+04
   4.56635635E-05    1.05189542E+02   -1.29658274E+04
   4.68147840E-05    1.05174759E+02   -1.27060569E+04
   4.79950279E-05    1.05159912E+02   -1.24511469E+04
   4.92050268E-05    1.05145000E+02   -1.22010588E+04
   5.04455309E-05    1.05130020E+02   -1.19556374E+04
   5.17173092E-05    1.05114970E+02   -1.17147843E+04
   5.30211502E-05    1.05099850E+02   -1.14785358E+04
   5.43578623E-05    1.05084662E+02   -1.12468945E+04
   5.57282741E-05    1.05069406E+02   -1.10198497E+04
   5.71332353E-05    1.05054081E+02   -1.07973819E+04
   5.85736168E-05    1.05038687E+02   -1.05794192E+04
   6.00503117E-05    1.05023223E+02   -1.03659133E+04
   6.15642354E-05    1.05007689E+02   -1.01568445E+04
   6.31163265E-05    1.04992085E+02   -9.95214327E+03
   6.47075473E-05    1.04976409E+02   -9.75175768E+03
   6.63388842E-05    1.04960662E+02   -9.55565658E+03
   6.80113486E-05    1.04944843E+02   -9.36375867E+03
   6.97259774E-05    1.04928949E+02   -9.17599917E+03
   7.14838335E-05    1.04912982E+02   -8.99234459E+03
   7.32860069E-05    1.04896939E+02   -8.81271342E+03
   7.51336146E-05    1.04880820E+02   -8.63702983E+03
   7.70278023E-05    1.04864624E+02   -8.46525921E+03
   7.89697442E-05    1.04848350E+02   -8.29732367E+03
   8.09606443E-05    1.04831995E+02   -8.13313505E+03
   8.30017367E-05    1.04815560E+02   -7.97265786E+03
   8.50942870E-05    1.04799042E+02   -7.81582320E+03
   8.72395924E-05    1.04782440E+02   -7.66253397E+03
   8.94389830E-05    1.04765753E+02   -7.51274924E+03
   9.16938222E-05    1.04748980E+02   -7.36641210E+03
   9.40055079E-05    1.04732117E+02   -7.22342531E+03
   9.63754734E-05    1.04715165E+02   -7.08373337E+03
   9.88051880E-05    1.04698121E+02   -6.94729261E+03
   1.01296158E-04    1.04680982E+02   -6.81401660E+03
   1.03849927E-04    1.04663748E+02   -6.68382878E+03
   1.06468080E-04    1.04646417E+02   -6.55669479E+03
   1.09152238E-04    1.04628986E+02   -6.43254672E+03
   1.11904067E-04    1.04611453E+02   -6.31129286E+03
   1.14725271E-04    1.04593815E+02   -6.19289461E+03
   1.17617601E-04    1.04576072E+02   -6.07730392E+03
   1.20582849E-04    1.04558220E+02   -5.96443538E+03
   1.23622854E-04    1.04540257E+02   -5.85422626E+03
   1.26739500E-04    1.04522180E+02   -5.74664471E+03
   1.29934720E-04    1.04503988E+02   -5.64162698E+03
   1.33210494E-04    1.04485676E+02   -5.53908909E+03
   1.36568853E-04    1.04467243E+02   -5.43899678E+03
   1.40011880E-04    1.04448686E+02   -5.34130905E+03
   1.43541708E-04    1.04430002E+02   -5.24595165E+03
   1.47160527E-04    1.04411188E+02   -5.15286072E+03
   1.50870580E-04    1.04392240E+02   -5.06201060E+03
   1.54674166E-04    1.04373157E+02   -4.97335198E+03
   1.58573644E-04    1.04353933E+02   -4.88680869E+03
   1.62571432E-04    1.04334566E+02   -4.80233855E+03
   1.66670008E-04    1.04315054E+02   -4.71991446E+03
   1.70871912E-04    1.04295392E+02   -4.63948230E+03
   1.75179751E-04    1.04275576E+02   -4.56097135E+03
   1.79596194E-04    1.04255603E+02   -4.48435370E+03
   1.84123979E-04    1.04235470E+02   -4.40959970E+03
   1.88765915E-04    1.04215172E+02   -4.33665368E+03
   1.93524877E-04    1.04194704E+02   -4.26545352E+03
   1.98403818E-04    1.04174064E+02   -4.19597840E+03
   2.03405761E-04    1.04153247E+02   -4.12819803E+03
   2.08533808E-04    1.04132249E+02   -4.06205806E+03
   2.13791137E-04    1.04111064E+02   -3.99750390E+03
   2.19181009E-04    1.04089689E+02   -3.93451821E+03
   2.24706764E-04    1.04068119E+02   -3.87307218E+03
   2.30371829E-04    1.04046349E+02   -3.81311495E+03
   2.36179715E-04    1.04024374E+02   -3.75459646E+03
   2.42134023E-04    1.04002189E+02   -3.69750149E+03
   2.48238445E-04    1.03979789E+02   -3.64180436E+03
   2.54496765E-04    1.03957170E+02   -3.58745937E+03
   2.60912863E-04    1.03934323E+02   -3.53441816E+03
   2.67490717E-04    1.03911246E+02   -3.48266650E+03
   2.74234404E-04    1.03887931E+02   -3.43218303E+03
   2.81148107E-04    1.03864375E+02   -3.38292856E+03
   2.88236109E-04    1.03840568E+02   -3.33485526E+03
   2.95502807E-04    1.03816505E+02   -3.28794751E+03
   3.02952706E-04    1.03792183E+02   -3.24218911E+03
   3.10590423E-04    1.03767592E+02   -3.19754815E+03
   3.18420693E-04    1.03742726E+02   -3.15397915E+03
   3.26448373E-04    1.03717578E+02   -3.11146084E+03
   3.34678437E-04    1.03692143E+02   -3.06998221E+03
   3.43115989E-04    1.03666413E+02   -3.02951897E+03
   3.51766259E-04    1.03640379E+02   -2.99003189E+03
   3.60634611E-04    1.03614034E+02   -2.95149047E+03
   3.69726542E-04    1.03587371E+02   -2.91388680E+03
   3.79047689E-04    1.03560383E+02   -2.87720403E+03
   3.88603830E-04    1.03533061E+02   -2.84141210E+03
   3.98400891E-04    1.03505395E+02   -2.80647401E+03
   4.08444945E-04    1.03477379E+02   -2.77237819E+03
   4.18742218E-04    1.03449003E+02   -2.73911481E+03
   4.29299096E-04    1.03420260E+02   -2.70666299E+03
   4.40122121E-04    1.03391139E+02   -2.67498973E+03
   4.51218006E-04    1.03361630E+02   -2.64407049E+03
   4.62593628E-04    1.03331724E+02   -2.61389970E+03
   4.74256039E-04    1.03301413E+02   -2.58446469E+03
   4.86212471E-04    1.03270686E+02   -2.55574231E+03
   4.98470336E-04    1.03239531E+02   -2.52770115E+03
   5.11037233E-04    1.03207938E+02   -2.50032855E+03
   5.23920952E-04    1.03175898E+02   -2.47361876E+03
   5.37129482E-04    1.03143399E+02   -2.44755763E+03
   5.50671012E-04    1.03110430E+02   -2.42212136E+03
   5.64553935E-04    1.03076977E+02   -2.39728318E+03
   5.78786861E-04    1.03043029E+02   -2.37303672E+03
   5.93378611E-04    1.03008577E+02   -2.34937553E+03
   6.08338233E-04    1.02973606E+02   -2.32628544E+03
   6.23675000E-04    1.02938103E+02   -2.30374350E+03
   6.39398422E-04    1.02902054E+02   -2.28172762E+03
   6.55518245E-04    1.02865446E+02   -2.26023374E+03
   6.72044464E-04    1.02828268E+02   -2.23925547E+03
   6.88987325E-04    1.02790504E+02   -2.21877946E+03
   7.06357330E-04    1.02752140E+02   -2.19878454E+03
   7.24165250E-04    1.02713158E+02   -2.17925208E+03
   7.42422123E-04    1.02673546E+02   -2.16017903E+03
   7.61139269E-04    1.02633290E+02   -2.14155953E+03
   7.80328292E-04    1.02592372E+02   -2.12338152E+03
   8.00001087E-04    1.02550776E+02   -2.10562600E+03
   8.20169852E-04    1.02508483E+02   -2.08827624E+03
   8.40847090E-04    1.02465479E+02   -2.07132964E+03
   8.62045620E-04    1.02421747E+02   -2.05478122E+03
   8.83778585E-04    1.02377268E+02   -2.03862060E+03
   9.06059458E-04    1.02332024E+02   -2.02283125E+03
   9.28902052E-04    1.02285994E+02   -2.00739714E+03
   9.52320529E-04    1.02239160E+02   -1.99231562E+03
   9.76329407E-04    1.02191505E+02   -1.97758284E+03
   1.00094357E-03    1.02143008E+02   -1.96319028E+03
   1.02617828E-03    1.02093647E+02   -1.94912408E+03
   1.05204918E-03    1.02043400E+02   -1.93536842E+03
   1.07857231E-03    1.01992247E+02   -1.92191970E+03
   1.10576411E-03    1.01940166E+02   -1.90877538E+03
   1.13364145E-03    1.01887135E+02   -1.89592894E+03
   1.16222159E-03    1.01833132E+02   -1.88336933E+03
   1.19152227E-03    1.01778129E+02   -1.87108154E+03
   1.22156164E-03    1.01722103E+02   -1.85905914E+03
   1.25235834E-03    1.01665031E+02   -1.84730094E+03
   1.28393145E-03    1.01606890E+02   -1.83580255E+03
   1.31630054E-03    1.01547651E+02   -1.82455584E+03
   1.34948569E-03    1.01487288E+02   -1.81354839E+03
   1.38350747E-03    1.01425771E+02   -1.80276967E+03
   1.41838697E-03    1.01363076E+02   -1.79221833E+03
   1.45414581E-03    1.01299174E+02   -1.78189169E+03
   1.49080617E-03    1.01234036E+02   -1.77178395E+03
   1.52839077E-03    1.01167633E+02   -1.76188575E+03
   1.56692291E-03    1.01099932E+02   -1.75218556E+03
   1.60642648E-03    1.01030901E+02   -1.74267994E+03
   1.64692597E-03    1.00960513E+02   -1.73336758E+03
   1.68844649E-03    1.00888734E+02   -1.72424462E+03
   1.73101378E-03    1.00815531E+02   -1.71530424E+03
   1.77465424E-03    1.00740867E+02   -1.70653639E+03
   1.81939491E-03    1.00664708E+02   -1.69793341E+03
   1.86526353E-03    1.00587020E+02   -1.68949434E+03
   1.91228854E-03    1.00507767E+02   -1.68121691E+03
   1.96049910E-03    1.00426913E+02   -1.67309649E+03
   2.00992509E-03    1.00344418E+02   -1.66512572E+03
   2.06059715E-03    1.00260242E+02   -1.65729538E+03
   2.11254670E-03    1.00174345E+02   -1.64960236E+03
   2.16580595E-03    1.00086690E+02   -1.64204564E+03
   2.22040792E-03    9.99972358E+01   -1.63462226E+03
   2.27638645E-03    9.99059392E+01   -1.62732706E+03
   2.33377625E-03    9.98127555E+01   -1.62015241E+03
   2.39261290E-03    9.97176391E+01   -1.61309135E+03
   2.45293288E-03    9.96205468E+01   -1.60614270E+03
   2.51477357E-03    9.95214341E+01   -1.59930477E+03
   2.57817333E-03    9.94202542E+01   -1.59257411E+03
   2.64317146E-03    9.93169582E+01   -1.58594524E+03
   2.70980825E-03    9.92114949E+01   -1.57941078E+03
   2.77812501E-03    9.91038143E+01   -1.57296704E+03
   2.84816411E-03    9.89938675E+01   -1.56661315E+03
   2.91996895E-03    9.88816034E+01   -1.56034694E+03
   2.99358406E-03    9.87669687E+01   -1.55416461E+03
   3.06905507E-03    9.86499075E+01   -1.54806052E+03
   3.14642878E-03    9.85303624E+01   -1.54202817E+03
   3.22575315E-03    9.84082780E+01   -1.53606560E+03
   3.30707736E-03    9.82835986E+01   -1.53017162E+03
   3.39045183E-03    9.81562662E+01   -1.52434382E+03
   3.47592824E-03    9.80262202E+01   -1.51857826E+03
   3.56355960E-03    9.78933976E+01   -1.51286939E+03
   3.65340022E-03    9.77577347E+01   -1.50721234E+03
   3.74550581E-03    9.76191700E+01   -1.50160593E+03
   3.83993346E-03    9.74776401E+01   -1.49604855E+03
   3.93674172E-03    9.73330793E+01   -1.49053741E+03
   4.03599061E-03    9.71854195E+01   -1.48506839E+03
   4.13774165E-03    9.70345899E+01   -1.47963610E+03
   4.24205793E-03    9.68805209E+01   -1.47423757E+03
   4.34900412E-03    9.67231436E+01   -1.46887173E+03
   4.45864653E-03    9.65623868E+01   -1.46353665E+03
   4.57105312E-03    9.63981768E+01   -1.45822933E+03
   4.68629358E-03    9.62304372E+01   -1.45294554E+03
   4.80443936E-03    9.60590896E+01   -1.44768039E+03
   4.92556370E-03    9.58840577E+01   -1.44243188E+03
   5.04974170E-03    9.57052644E+01   -1.43719876E+03
   5.17705035E-03    9.55226306E+01   -1.43197890E+03
   5.30756856E-03    9.53360743E+01   -1.42676924E+03
   5.44137725E-03    9.51455110E+01   -1.42156560E+03
   5.57855939E-03    9.49508548E+01   -1.41636390E+03
   5.71920001E-03    9.47520220E+01   -1.41116262E+03
   5.86338632E-03    9.45489274E+01   -1.40596018E+03
   6.01120769E-03    9.43414834E+01   -1.40075426E+03
   6.16275578E-03    9.41295999E+01   -1.39554164E+03
   6.31812453E-03    9.39131839E+01   -1.39031819E+03
   6.47741028E-03    9.36921430E+01   -1.38508094E+03
   6.64071176E-03    9.34663860E+01   -1.37982852E+03
   6.80813022E-03    9.32358196E+01   -1.37455906E+03
   6.97976946E-03    9.30003481E+01   -1.36926999E+03
   7.15573588E-03    9.27598730E+01   -1.36395796E+03
   7.33613858E-03    9.25142938E+01   -1.35861906E+03
   7.52108940E-03    9.22635121E+01   -1.35325115E+03
   7.71070299E-03    9.20074292E+01   -1.34785276E+03
   7.90509692E-03    9.17459445E+01   -1.34242182E+03
   8.10439170E-03    9.14789548E+01   -1.33695567E+03
   8.30871089E-03    9.12063545E+01   -1.33145090E+03
   8.51818115E-03    9.09280367E+01   -1.32590404E+03
   8.73293235E-03    9.06438975E+01   -1.32031332E+03
   8.95309762E-03    9.03538315E+01   -1.31467704E+03
   9.17881346E-03    9.00577320E+01   -1.30899299E+03
   9.41021981E-03    8.97554896E+01   -1.30325839E+03
   9.64746013E-03    8.94469929E+01   -1.29746985E+03
   9.89068149E-03    8.91321314E+01   -1.29162467E+03
   1.01400347E-02    8.88107968E+01   -1.28572123E+03
   1.03956743E-02    8.84828793E+01   -1.27975764E+03
   1.06577588E-02    8.81482674E+01   -1.27373154E+03
   1.09264508E-02    8.78068479E+01   -1.26764005E+03
   1.12019167E-02    8.74585060E+01   -1.26147992E+03
   1.14843273E-02    8.71031302E+01   -1.25524905E+03
   1.17738578E-02    8.67406101E+01   -1.24894584E+03
   1.20706876E-02    8.63708343E+01   -1.24256833E+03
   1.23750007E-02    8.59936903E+01   -1.23611418E+03
   1.26869859E-02    8.56090640E+01   -1.22958058E+03
   1.30068365E-02    8.52168414E+01   -1.22296455E+03
   1.33347509E-02    8.48169126E+01   -1.21626423E+03
   1.36709322E-02    8.44091689E+01   -1.20947801E+03
   1.40155890E-02    8.39935014E+01   -1.20260399E+03
   1.43689349E-02    8.35698007E+01   -1.19563989E+03
   1.47311890E-02    8.31379569E+01   -1.18858307E+03
   1.51025759E-02    8.26978621E+01   -1.18143106E+03
   1.54833258E-02    8.22494133E+01   -1.17418233E+03
   1.58736747E-02    8.17925087E+01   -1.16683528E+03
   1.62738646E-02    8.13270470E+01   -1.15938802E+03
   1.66841438E-02    8.08529274E+01   -1.15183836E+03
   1.71047664E-02    8.03700505E+01   -1.14418394E+03
   1.75359933E-02    7.98783225E+01   -1.13642316E+03
   1.79780919E-02    7.93776533E+01   -1.12855464E+03
   1.84313362E-02    7.88679544E+01   -1.12057683E+03
   1.88960071E-02    7.83491390E+01   -1.11248790E+03
   1.93723929E-02    7.78211226E+01   -1.10428589E+03
   1.98607888E-02    7.72838277E+01   -1.09596947E+03
   2.03614976E-02    7.67371809E+01   -1.08753748E+03
   2.08748297E-02    7.61811121E+01   -1.07898859E+03
   2.14011034E-02    7.56155538E+01   -1.07032126E+03
   2.19406449E-02    7.50404448E+01   -1.06153423E+03
   2.24937888E-02    7.44557312E+01   -1.05262668E+03
   2.30608780E-02    7.38613637E+01   -1.04359771E+03
   2.36422640E-02    7.32572969E+01   -1.03444628E+03
   2.42383072E-02    7.26434911E+01   -1.02517134E+03
   2.48493773E-02    7.20199162E+01   -1.01577240E+03
   2.54758530E-02    7.13865488E+01   -1.00624902E+03
   2.61181227E-02    7.07433707E+01   -9.96600644E+02
   2.67765847E-02    7.00903710E+01   -9.86826798E+02
   2.74516471E-02    6.94275493E+01   -9.76927422E+02
   2.81437284E-02    6.87549128E+01   -9.66902494E+02
   2.88532577E-02    6.80724756E+01   -9.56751963E+02
   2.95806749E-02    6.73802630E+01   -9.46476090E+02
   3.03264310E-02    6.66783095E+01   -9.36075279E+02
   3.10909883E-02    6.59666584E+01   -9.25549990E+02
   3.18748208E-02    6.52453652E+01   -9.14900979E+02
   3.26784144E-02    6.45144945E+01   -9.04129060E+02
   3.35022673E-02    6.37741227E+01   -8.93235260E+02
   3.43468904E-02    6.30243382E+01   -8.82220814E+02
   3.52128071E-02    6.22652402E+01   -8.71087069E+02
   3.61005545E-02    6.14969414E+01   -8.59835644E+02
   3.70106827E-02    6.07195660E+01   -8.48468268E+02
   3.79437561E-02    5.99332529E+01   -8.36986957E+02
   3.89003532E-02    5.91381528E+01   -8.25393864E+02
   3.98810670E-02    5.83344310E+01   -8.13691361E+02
   4.08865054E-02    5.75222671E+01   -8.01882067E+02
   4.19172919E-02    5.67018543E+01   -7.89968761E+02
   4.29740655E-02    5.58734023E+01   -7.77954516E+02
   4.40574813E-02    5.50371338E+01   -7.65842552E+02
   4.51682110E-02    5.41932881E+01   -7.53636359E+02
   4.63069432E-02    5.33421187E+01   -7.41339606E+02
   4.74743840E-02    5.24838988E+01   -7.28956328E+02
   4.86712569E-02    5.16189149E+01   -7.16490695E+02
   4.98983042E-02    5.07474670E+01   -7.03947025E+02
   5.11562864E-02    4.98698755E+01   -6.91330003E+02
   5.24459836E-02    4.89864763E+01   -6.78644524E+02
   5.37681951E-02    4.80976209E+01   -6.65895680E+02
   5.51237409E-02    4.72036790E+01   -6.53088850E+02
   5.65134612E-02    4.63050347E+01   -6.40229587E+02
   5.79382177E-02    4.54020905E+01   -6.27323715E+02
   5.93988935E-02    4.44952636E+01   -6.14377255E+02
   6.08963944E-02    4.35849892E+01   -6.01396488E+02
   6.24316486E-02    4.26717167E+01   -5.88387871E+02
   6.40056080E-02    4.17559125E+01   -5.75358098E+02
   6.56192484E-02    4.08380579E+01   -5.62314064E+02
   6.72735702E-02    3.99186492E+01   -5.49262861E+02
   6.89695989E-02    3.89981976E+01   -5.36211774E+02
   7.07083860E-02    3.80772280E+01   -5.23168267E+02
   7.24910096E-02    3.71562789E+01   -5.10139973E+02
   7.43185748E-02    3.62359027E+01   -4.97134707E+02
   7.61922146E-02    3.53166614E+01   -4.84160389E+02
   7.81130905E-02    3.43991317E+01   -4.71225134E+02
   8.00823935E-02    3.34838978E+01   -4.58337122E+02
   8.21013445E-02    3.25715550E+01   -4.45504678E+02
   8.41711951E-02    3.16627082E+01   -4.32736227E+02
   8.62932285E-02    3.07579678E+01   -4.20040243E+02
   8.84687603E-02    2.98579514E+01   -4.07425270E+02
   9.06991393E-02    2.89632823E+01   -3.94899907E+02
   9.29857482E-02    2.80745870E+01   -3.82472762E+02
   9.53300046E-02    2.71924952E+01   -3.70152454E+02
   9.77333619E-02    2.63176379E+01   -3.57947597E+02
   1.00197310E-01    2.54506451E+01   -3.45866748E+02
   1.02723377E-01    2.45921451E+01   -3.33918413E+02
   1.05313128E-01    2.37427634E+01   -3.22111026E+02
   1.07968169E-01    2.29031200E+01   -3.10452914E+02
   1.10690146E-01    2.20738282E+01   -2.98952279E+02
   1.13480746E-01    2.12554926E+01   -2.87617168E+02
   1.16341700E-01    2.04487083E+01   -2.76455467E+02
   1.19274782E-01    1.96540574E+01   -2.65474856E+02
   1.22281809E-01    1.88721069E+01   -2.54682770E+02
   1.25364646E-01    1.81034150E+01   -2.44086513E+02
   1.28525205E-01    1.73485124E+01   -2.33692958E+02
   1.31765443E-01    1.66079170E+01   -2.23508798E+02
   1.35087372E-01    1.58821236E+01   -2.13540372E+02
   1.38493049E-01    1.51716023E+01   -2.03793660E+02
   1.41984586E-01    1.44768048E+01   -1.94274379E+02
   1.45564149E-01    1.37981479E+01   -1.84987728E+02
   1.49233955E-01    1.31360227E+01   -1.75938550E+02
   1.52996281E-01    1.24908004E+01   -1.67131404E+02
   1.56853458E-01    1.18628033E+01   -1.58570142E+02
   1.60807878E-01    1.12523332E+01   -1.50258338E+02
   1.64861993E-01    1.06596604E+01   -1.42199128E+02
   1.69018316E-01    1.00850096E+01   -1.34394993E+02
   1.73279423E-01    9.52857413E+00   -1.26847989E+02
   1.77647957E-01    8.99051603E+00   -1.19559737E+02
   1.82126626E-01    8.47094861E+00   -1.12531174E+02
   1.86718206E-01    7.96995538E+00   -1.05762832E+02
   1.91425544E-01    7.48757717E+00   -9.92546547E+01
   1.96251559E-01    7.02381610E+00   -9.30060517E+01
   2.01199241E-01    6.57863902E+00   -8.70159560E+01
   2.06271660E-01    6.15196831E+00   -8.12826890E+01
   2.11471958E-01    5.74368274E+00   -7.58039783E+01
   2.16803361E-01    5.35364808E+00   -7.05773997E+01
   2.22269174E-01    4.98165656E+00   -6.55995080E+01
   2.27872785E-01    4.62749091E+00   -6.08667612E+01
   2.33617667E-01    4.29089030E+00   -5.63750326E+01
   2.39507384E-01    3.97155322E+00   -5.21196558E+01
   2.45545586E-01    3.66916070E+00   -4.80957568E+01
   2.51736017E-01    3.38334521E+00   -4.42978145E+01
   2.58082514E-01    3.11372577E+00   -4.07201600E+01
   2.64589012E-01    2.85987848E+00   -3.73565616E+01
   2.71259545E-01    2.62136936E+00   -3.42006885E+01
   2.78098248E-01    2.39774553E+00   -3.12459877E+01
   2.85109361E-01    2.18850544E+00   -2.84852650E+01
   2.92297231E-01    1.99315403E+00   -2.59114616E+01
   2.99666313E-01    1.81117626E+00   -2.35172799E+01
   3.07221177E-01    1.64204134E+00   -2.12952428E+01
   3.14966506E-01    1.48520802E+00   -1.92377666E+01
   3.22907102E-01    1.34012678E+00   -1.73371905E+01
   3.31047888E-01    1.20624471E+00   -1.55858422E+01
   3.39393910E-01    1.08300659E+00   -1.39760506E+01
   3.47950344E-01    9.69853443E-01   -1.25001251E+01
   3.56722493E-01    8.66235634E-01   -1.11505325E+01
   3.65715795E-01    7.71599131E-01   -9.91970802E+00
   3.74935828E-01    6.85403428E-01   -8.80029708E+00
   3.84388306E-01    6.07116382E-01   -7.78508320E+00
   3.94079089E-01    5.36215399E-01   -6.86700207E+00
   4.04014186E-01    4.72191683E-01   -6.03919719E+00
   4.14199756E-01    4.14553202E-01   -5.29505749E+00
   4.24642114E-01    3.62821366E-01   -4.62817093E+00
   4.35347733E-01    3.16536930E-01   -4.03240183E+00
   4.46323251E-01    2.75259334E-01   -3.50188006E+00
   4.57575471E-01    2.38569142E-01   -3.03103164E+00
   4.69111370E-01    2.06065537E-01   -2.61454372E+00
   4.80938100E-01    1.77370342E-01   -2.24741635E+00
   4.93062993E-01    1.52126557E-01   -1.92494121E+00
   5.05493566E-01    1.29999064E-01   -1.64270950E+00
   5.18237525E-01    1.10675474E-01   -1.39662138E+00
   5.31302770E-01    9.38637130E-02   -1.18285274E+00
   5.44697403E-01    7.92941525E-02   -9.97881797E-01
   5.58429726E-01    6.67173550E-02   -8.38458135E-01
   5.72508255E-01    5.59053145E-02   -7.01617585E-01
   5.86941715E-01    4.66484255E-02   -5.84641440E-01
   6.01739057E-01    3.87571550E-02   -4.85077085E-01
   6.16909453E-01    3.20589465E-02   -4.00696622E-01
   6.32462309E-01    2.63987985E-02   -3.29503411E-01
   6.48407267E-01    2.16376101E-02   -2.69709669E-01
   6.64754212E-01    1.76512891E-02   -2.19724089E-01
   6.81513278E-01    1.43296640E-02   -1.78137026E-01
   6.98694856E-01    1.15754210E-02   -1.43706102E-01
   7.16309598E-01    9.30308299E-03   -1.15342444E-01
   7.34368423E-01    7.43795258E-03   -9.20965681E-02
   7.52882528E-01    5.91506150E-03   -7.31444293E-02
   7.71863390E-01    4.67834653E-03   -5.77764502E-02
   7.91322778E-01    3.67952297E-03   -4.53827803E-02
   8.11272754E-01    2.87737427E-03   -3.54439268E-02
   8.31725688E-01    2.23690837E-03   -2.75197530E-02
   8.52694259E-01    1.72856724E-03   -2.12392205E-02
   8.74191468E-01    1.32752520E-03   -1.62913127E-02
   8.96230640E-01    1.01310539E-03   -1.24174971E-02
   9.18825441E-01    7.68164711E-04   -9.40383574E-03
   9.41989877E-01    5.78590756E-04   -7.07454367E-03
   9.65738310E-01    4.32851261E-04   -5.28624041E-03
   9.90085463E-01    3.21573822E-04   -3.92260945E-03
   1.01504643E+00    2.37206362E-04   -2.89009243E-03
   1.04063669E+00    1.73699026E-04   -2.11387131E-03
   1.06687210E+00    1.26245791E-04   -1.53461180E-03
   1.09376893E+00    9.10552730E-05   -1.10558435E-03
   1.12134385E+00    6.51599153E-05   -7.90273045E-04
   1.14961396E+00    4.62550714E-05   -5.60364586E-04
   1.17859679E+00    3.25653667E-05   -3.94082256E-04
   1.20831030E+00    2.27343204E-05   -2.74813172E-04
   1.23877292E+00    1.57343327E-05   -1.89991363E-04
   1.27000352E+00    1.07934481E-05   -1.30191074E-04
   1.30202148E+00    7.33707979E-06   -8.84067607E-05
   1.33484664E+00    4.94129228E-06   -5.94771349E-05
   1.36849936E+00    3.29618828E-06   -3.96346499E-05
   1.40300049E+00    2.17738323E-06   -2.61551900E-05
   1.43837142E+00    1.42397929E-06   -1.70880821E-05
   1.47463409E+00    9.21742838E-07   -1.10502689E-05
   1.51181098E+00    5.90392646E-07   -7.07105678E-06
   1.54992513E+00    3.74097570E-07   -4.47626245E-06
   1.58900017E+00    2.34435882E-07   -2.80252173E-06
   1.62906033E+00    1.45258296E-07   -1.73487061E-06
   1.67013044E+00    8.89633731E-08   -1.06156250E-06
   1.71223597E+00    5.38401293E-08   -6.41882391E-07
   1.75540301E+00    3.21882898E-08   -3.83414999E-07
   1.79965834E+00    1.90046020E-08   -2.26182253E-07
   1.84502939E+00    1.10776212E-08   -1.31728995E-07
   1.89154428E+00    6.37271955E-09   -7.57183716E-08
   1.93923185E+00    3.61702421E-09   -4.29413626E-08
   1.98812168E+00    2.02478898E-09   -2.40191894E-08
   2.03824406E+00    1.11752342E-09   -1.32463269E-08
   2.08963007E+00    6.07901563E-10   -7.20009709E-09
   2.14231157E+00    3.25798379E-10   -3.85590324E-09
   2.19632122E+00    1.71967310E-10   -2.03376605E-09
   2.25169250E+00    8.93612234E-11   -1.05605784E-09
   2.30845974E+00    4.56990057E-11   -5.39677680E-10
   2.36665814E+00    2.29893175E-11   -2.71299077E-10
   2.42632377E+00    1.13719827E-11   -1.34109125E-10
   2.48749363E+00    5.52907636E-12   -6.51598258E-11
   2.55020564E+00    2.64101592E-12   -3.11034581E-11
   2.61449867E+00    1.23875143E-12   -1.45793177E-11
   2.68041260E+00    5.70509271E-13   -6.71021854E-12
   2.74798827E+00    2.57723901E-13   -3.02938345E-12
   2.81726759E+00    1.14084575E-13   -1.34015744E-12
   2.88829350E+00    4.95744106E-14   -5.82000005E-13
   2.96111004E+00    2.10820176E-14   -2.47353010E-13
   3.03576235E+00    0.00000000E+00   -1.02734442E-13
   3.11229672E+00    0.00000000E+00   -4.16122648E-14
   3.19076059E+00    0.00000000E+00   -1.67642632E-14
   3.27120260E+00    0.00000000E+00    0.00000000E+00
   3.35367264E+00    0.00000000E+00    0.00000000E+00
   3.43822182E+00    0.00000000E+00    0.00000000E+00
   3.52490256E+00    0.00000000E+00    0.00000000E+00
   3.61376860E+00    0.00000000E+00    0.00000000E+00
   3.70487504E+00    0.00000000E+00    0.00000000E+00
   3.79827835E+00    0.00000000E+00    0.00000000E+00
   3.89403645E+00    0.00000000E+00    0.00000000E+00
   3.99220870E+00    0.00000000E+00    0.00000000E+00
   4.09285596E+00    0.00000000E+00    0.00000000E+00
   4.19604063E+00    0.00000000E+00    0.00000000E+00
   4.30182668E+00    0.00000000E+00    0.00000000E+00
   4.41027970E+00    0.00000000E+00    0.00000000E+00
   4.52146691E+00    0.00000000E+00    0.00000000E+00
   4.63545726E+00    0.00000000E+00    0.00000000E+00
   4.75232141E+00    0.00000000E+00    0.00000000E+00
   4.87213182E+00    0.00000000E+00    0.00000000E+00
   4.99496275E+00    0.00000000E+00    0.00000000E+00
   5.12089037E+00    0.00000000E+00    0.00000000E+00
   5.24999273E+00    0.00000000E+00    0.00000000E+00
   5.38234989E+00    0.00000000E+00    0.00000000E+00
   5.51804389E+00    0.00000000E+00    0.00000000E+00
   5.65715886E+00    0.00000000E+00    0.00000000E+00
   5.79978105E+00    0.00000000E+00    0.00000000E+00
   5.94599888E+00    0.00000000E+00    0.00000000E+00
   6.09590299E+00    0.00000000E+00    0.00000000E+00
   6.24958632E+00    0.00000000E+00    0.00000000E+00
   6.40714416E+00    0.00000000E+00    0.00000000E+00
   6.56867416E+00    0.00000000E+00    0.00000000E+00
   6.73427650E+00    0.00000000E+00    0.00000000E+00
   6.90405381E+00    0.00000000E+00    0.00000000E+00
   7.07811137E+00    0.00000000E+00    0.00000000E+00
   7.25655709E+00    0.00000000E+00    0.00000000E+00
   7.43950158E+00    0.00000000E+00    0.00000000E+00
   7.62705827E+00    0.00000000E+00    0.00000000E+00
   7.81934344E+00    0.00000000E+00    0.00000000E+00
   8.01647630E+00    0.00000000E+00    0.00000000E+00
   8.21857905E+00    0.00000000E+00    0.00000000E+00
   8.42577700E+00    0.00000000E+00    0.00000000E+00
   8.63819861E+00    0.00000000E+00    0.00000000E+00
   8.85597556E+00    0.00000000E+00    0.00000000E+00
   9.07924287E+00    0.00000000E+00    0.00000000E+00
   9.30813895E+00    0.00000000E+00    0.00000000E+00
   9.54280571E+00    0.00000000E+00    0.00000000E+00
   9.78338864E+00    0.00000000E+00    0.00000000E+00
   1.00300369E+01    0.00000000E+00    0.00000000E+00
   1.02829034E+01    0.00000000E+00    0.00000000E+00
   1.05421448E+01    0.00000000E+00    0.00000000E+00
   1.08079220E+01    0.00000000E+00    0.00000000E+00
   1.10803997E+01    0.00000000E+00    0.00000000E+00
   1.13597468E+01    0.00000000E+00    0.00000000E+00
   1.16461365E+01    0.00000000E+00    0.00000000E+00
   1.19397463E+01    0.00000000E+00    0.00000000E+00
   1.22407583E+01    0.00000000E+00    0.00000000E+00
   1.25493591E+01    0.00000000E+00    0.00000000E+00
   1.28657400E+01    0.00000000E+00    0.00000000E+00
   1.31900972E+01    0.00000000E+00    0.00000000E+00
   1.35226317E+01    0.00000000E+00    0.00000000E+00
   1.38635497E+01    0.00000000E+00    0.00000000E+00
   1.42130626E+01    0.00000000E+00    0.00000000E+00
   1.45713870E+01    0.00000000E+00    0.00000000E+00
   1.49387451E+01    0.00000000E+00    0.00000000E+00
   1.53153646E+01    0.00000000E+00    0.00000000E+00
   1.57014791E+01    0.00000000E+00    0.00000000E+00
   1.60973278E+01    0.00000000E+00    0.00000000E+00
   1.65031563E+01    0.00000000E+00    0.00000000E+00
   1.69192161E+01    0.00000000E+00    0.00000000E+00
   1.73457651E+01    0.00000000E+00    0.00000000E+00
   1.77830678E+01    0.00000000E+00    0.00000000E+00
   1.82313954E+01    0.00000000E+00    0.00000000E+00
   1.86910257E+01    0.00000000E+00    0.00000000E+00
   1.91622436E+01    0.00000000E+00    0.00000000E+00
   1.96453415E+01    0.00000000E+00    0.00000000E+00
   2.01406186E+01    0.00000000E+00    0.00000000E+00
   2.06483822E+01    0.00000000E+00    0.00000000E+00
   2.11689469E+01    0.00000000E+00    0.00000000E+00
   2.17026356E+01    0.00000000E+00    0.00000000E+00
   2.22497791E+01    0.00000000E+00    0.00000000E+00
   2.28107165E+01    0.00000000E+00    0.00000000E+00
   2.33857957E+01    0.00000000E+00    0.00000000E+00
   2.39753732E+01    0.00000000E+00    0.00000000E+00
   2.45798144E+01    0.00000000E+00    0.00000000E+00
   2.51994942E+01    0.00000000E+00    0.00000000E+00
   2.58347967E+01    0.00000000E+00    0.00000000E+00
   2.64861157E+01    0.00000000E+00    0.00000000E+00
   2.71538551E+01    0.00000000E+00    0.00000000E+00
   2.78384288E+01    0.00000000E+00    0.00000000E+00
   2.85402613E+01    0.00000000E+00    0.00000000E+00
   2.92597876E+01    0.00000000E+00    0.00000000E+00
   2.99974538E+01    0.00000000E+00    0.00000000E+00
   3.07537172E+01    0.00000000E+00    0.00000000E+00
   3.15290468E+01    0.00000000E+00    0.00000000E+00
   3.23239231E+01    0.00000000E+00    0.00000000E+00
   3.31388390E+01    0.00000000E+00    0.00000000E+00
   3.39742997E+01    0.00000000E+00    0.00000000E+00
   3.48308231E+01    0.00000000E+00    0.00000000E+00
   3.57089403E+01    0.00000000E+00    0.00000000E+00
   3.66091956E+01    0.00000000E+00    0.00000000E+00
   3.75321471E+01    0.00000000E+00    0.00000000E+00
   3.84783671E+01    0.00000000E+00    0.00000000E+00
   3.94484422E+01    0.00000000E+00    0.00000000E+00
   4.04429738E+01    0.00000000E+00    0.00000000E+00
   4.14625785E+01    0.00000000E+00    0.00000000E+00
   4.25078883E+01    0.00000000E+00    0.00000000E+00
   4.35795513E+01    0.00000000E+00    0.00000000E+00
   4.46782320E+01    0.00000000E+00    0.00000000E+00
   4.58046114E+01    0.00000000E+00    0.00000000E+00
   4.69593879E+01    0.00000000E+00    0.00000000E+00
   4.81432773E+01    0.00000000E+00    0.00000000E+00
   4.93570137E+01    0.00000000E+00    0.00000000E+00
   5.06013496E+01    0.00000000E+00    0.00000000E+00
   5.18770562E+01    0.00000000E+00    0.00000000E+00
   5.31849246E+01    0.00000000E+00    0.00000000E+00
   5.45257656E+01    0.00000000E+00    0.00000000E+00
   5.59004104E+01    0.00000000E+00    0.00000000E+00
   5.73097113E+01    0.00000000E+00    0.00000000E+00
   5.87545419E+01    0.00000000E+00    0.00000000E+00
   6.02357981E+01    0.00000000E+00    0.00000000E+00
   6.17543981E+01    0.00000000E+00    0.00000000E+00
   6.33112834E+01    0.00000000E+00    0.00000000E+00
   6.49074192E+01    0.00000000E+00    0.00000000E+00
   6.65437950E+01    0.00000000E+00    0.00000000E+00
   6.82214255E+01    0.00000000E+00    0.00000000E+00
   6.99413505E+01    0.00000000E+00    0.00000000E+00
   7.17046364E+01    0.00000000E+00    0.00000000E+00
   7.35123764E+01    0.00000000E+00    0.00000000E+00
   7.53656911E+01    0.00000000E+00    0.00000000E+00
   7.72657297E+01    0.00000000E+00    0.00000000E+00
   7.92136699E+01    0.00000000E+00    0.00000000E+00
   8.12107196E+01    0.00000000E+00    0.00000000E+00
   8.32581167E+01    0.00000000E+00    0.00000000E+00
   8.53571305E+01    0.00000000E+00    0.00000000E+00
   8.75090625E+01    0.00000000E+00    0.00000000E+00
   8.97152466E+01    0.00000000E+00    0.00000000E+00
   9.19770507E+01    0.00000000E+00    0.00000000E+00
   9.42958769E+01    0.00000000E+00    0.00000000E+00
   9.66731629E+01    0.00000000E+00    0.00000000E+00
   9.91103824E+01    0.00000000E+00    0.00000000E+00
   1.01609046E+02    0.00000000E+00    0.00000000E+00
   1.04170704E+02    0.00000000E+00    0.00000000E+00
   1.06796944E+02    0.00000000E+00    0.00000000E+00
   1.09489393E+02    0.00000000E+00    0.00000000E+00
   1.12249722E+02    0.00000000E+00    0.00000000E+00
