# 
# Energy units: hartree
# Length units: bohr
#
# -----------------------------------
# |       r       |       w(r)      |
# -----------------------------------
   3.74165729E-05   -2.20041401E-08
   3.83598792E-05   -2.31276151E-08
   3.93269671E-05   -2.43084518E-08
   4.03184362E-05   -2.55495789E-08
   4.13349012E-05   -2.68540749E-08
   4.23769921E-05   -2.82251750E-08
   4.34453551E-05   -2.96662800E-08
   4.45406526E-05   -3.11809642E-08
   4.56635635E-05   -3.27729842E-08
   4.68147840E-05   -3.44462887E-08
   4.79950279E-05   -3.62050278E-08
   4.92050268E-05   -3.80535636E-08
   5.04455309E-05   -3.99964809E-08
   5.17173092E-05   -4.20385986E-08
   5.30211502E-05   -4.41849815E-08
   5.43578623E-05   -4.64409533E-08
   5.57282741E-05   -4.88121092E-08
   5.71332353E-05   -5.13043302E-08
   5.85736168E-05   -5.39237977E-08
   6.00503117E-05   -5.66770084E-08
   6.15642354E-05   -5.95707910E-08
   6.31163265E-05   -6.26123228E-08
   6.47075473E-05   -6.58091473E-08
   6.63388842E-05   -6.91691935E-08
   6.80113486E-05   -7.27007950E-08
   6.97259774E-05   -7.64127110E-08
   7.14838335E-05   -8.03141479E-08
   7.32860069E-05   -8.44147822E-08
   7.51336146E-05   -8.87247844E-08
   7.70278023E-05   -9.32548442E-08
   7.89697442E-05   -9.80161972E-08
   8.09606443E-05   -1.03020653E-07
   8.30017367E-05   -1.08280623E-07
   8.50942870E-05   -1.13809154E-07
   8.72395924E-05   -1.19619957E-07
   8.94389830E-05   -1.25727445E-07
   9.16938222E-05   -1.32146765E-07
   9.40055079E-05   -1.38893840E-07
   9.63754734E-05   -1.45985403E-07
   9.88051880E-05   -1.53439043E-07
   1.01296158E-04   -1.61273247E-07
   1.03849927E-04   -1.69507445E-07
   1.06468080E-04   -1.78162060E-07
   1.09152238E-04   -1.87258558E-07
   1.11904067E-04   -1.96819499E-07
   1.14725271E-04   -2.06868597E-07
   1.17617601E-04   -2.17430777E-07
   1.20582849E-04   -2.28532234E-07
   1.23622854E-04   -2.40200504E-07
   1.26739500E-04   -2.52464525E-07
   1.29934720E-04   -2.65354715E-07
   1.33210494E-04   -2.78903046E-07
   1.36568853E-04   -2.93143119E-07
   1.40011880E-04   -3.08110255E-07
   1.43541708E-04   -3.23841573E-07
   1.47160527E-04   -3.40376093E-07
   1.50870580E-04   -3.57754822E-07
   1.54674166E-04   -3.76020865E-07
   1.58573644E-04   -3.95219525E-07
   1.62571432E-04   -4.15398419E-07
   1.66670008E-04   -4.36607595E-07
   1.70871912E-04   -4.58899658E-07
   1.75179751E-04   -4.82329896E-07
   1.79596194E-04   -5.06956422E-07
   1.84123979E-04   -5.32840315E-07
   1.88765915E-04   -5.60045774E-07
   1.93524877E-04   -5.88640272E-07
   1.98403818E-04   -6.18694733E-07
   2.03405761E-04   -6.50283697E-07
   2.08533808E-04   -6.83485512E-07
   2.13791137E-04   -7.18382527E-07
   2.19181009E-04   -7.55061293E-07
   2.24706764E-04   -7.93612783E-07
   2.30371829E-04   -8.34132613E-07
   2.36179715E-04   -8.76721281E-07
   2.42134023E-04   -9.21484417E-07
   2.48238445E-04   -9.68533043E-07
   2.54496765E-04   -1.01798385E-06
   2.60912863E-04   -1.06995949E-06
   2.67490717E-04   -1.12458887E-06
   2.74234404E-04   -1.18200749E-06
   2.81148107E-04   -1.24235775E-06
   2.88236109E-04   -1.30578935E-06
   2.95502807E-04   -1.37245959E-06
   3.02952706E-04   -1.44253385E-06
   3.10590423E-04   -1.51618592E-06
   3.18420693E-04   -1.59359847E-06
   3.26448373E-04   -1.67496351E-06
   3.34678437E-04   -1.76048284E-06
   3.43115989E-04   -1.85036856E-06
   3.51766259E-04   -1.94484362E-06
   3.60634611E-04   -2.04414233E-06
   3.69726542E-04   -2.14851097E-06
   3.79047689E-04   -2.25820841E-06
   3.88603830E-04   -2.37350672E-06
   3.98400891E-04   -2.49469186E-06
   4.08444945E-04   -2.62206440E-06
   4.18742218E-04   -2.75594025E-06
   4.29299096E-04   -2.89665145E-06
   4.40122121E-04   -3.04454701E-06
   4.51218006E-04   -3.19999373E-06
   4.62593628E-04   -3.36337716E-06
   4.74256039E-04   -3.53510252E-06
   4.86212471E-04   -3.71559573E-06
   4.98470336E-04   -3.90530446E-06
   5.11037233E-04   -4.10469922E-06
   5.23920952E-04   -4.31427456E-06
   5.37129482E-04   -4.53455028E-06
   5.50671012E-04   -4.76607270E-06
   5.64553935E-04   -5.00941604E-06
   5.78786861E-04   -5.26518387E-06
   5.93378611E-04   -5.53401054E-06
   6.08338233E-04   -5.81656279E-06
   6.23675000E-04   -6.11354142E-06
   6.39398422E-04   -6.42568301E-06
   6.55518245E-04   -6.75376173E-06
   6.72044464E-04   -7.09859129E-06
   6.88987325E-04   -7.46102694E-06
   7.06357330E-04   -7.84196760E-06
   7.24165250E-04   -8.24235809E-06
   7.42422123E-04   -8.66319147E-06
   7.61139269E-04   -9.10551149E-06
   7.80328292E-04   -9.57041521E-06
   8.00001087E-04   -1.00590557E-05
   8.20169852E-04   -1.05726448E-05
   8.40847090E-04   -1.11124565E-05
   8.62045620E-04   -1.16798295E-05
   8.83778585E-04   -1.22761711E-05
   9.06059458E-04   -1.29029603E-05
   9.28902052E-04   -1.35617516E-05
   9.52320529E-04   -1.42541791E-05
   9.76329407E-04   -1.49819601E-05
   1.00094357E-03   -1.57468996E-05
   1.02617828E-03   -1.65508949E-05
   1.05204918E-03   -1.73959400E-05
   1.07857231E-03   -1.82841308E-05
   1.10576411E-03   -1.92176703E-05
   1.13364145E-03   -2.01988737E-05
   1.16222159E-03   -2.12301747E-05
   1.19152227E-03   -2.23141311E-05
   1.22156164E-03   -2.34534314E-05
   1.25235834E-03   -2.46509011E-05
   1.28393145E-03   -2.59095104E-05
   1.31630054E-03   -2.72323808E-05
   1.34948569E-03   -2.86227933E-05
   1.38350747E-03   -3.00841963E-05
   1.41838697E-03   -3.16202145E-05
   1.45414581E-03   -3.32346574E-05
   1.49080617E-03   -3.49315292E-05
   1.52839077E-03   -3.67150385E-05
   1.56692291E-03   -3.85896087E-05
   1.60642648E-03   -4.05598890E-05
   1.64692597E-03   -4.26307662E-05
   1.68844649E-03   -4.48073763E-05
   1.73101378E-03   -4.70951178E-05
   1.77465424E-03   -4.94996646E-05
   1.81939491E-03   -5.20269805E-05
   1.86526353E-03   -5.46833336E-05
   1.91228854E-03   -5.74753121E-05
   1.96049910E-03   -6.04098405E-05
   2.00992509E-03   -6.34941971E-05
   2.06059715E-03   -6.67360315E-05
   2.11254670E-03   -7.01433838E-05
   2.16580595E-03   -7.37247050E-05
   2.22040792E-03   -7.74888771E-05
   2.27638645E-03   -8.14452358E-05
   2.33377625E-03   -8.56035935E-05
   2.39261290E-03   -8.99742635E-05
   2.45293288E-03   -9.45680855E-05
   2.51477357E-03   -9.93964528E-05
   2.57817333E-03   -1.04471340E-04
   2.64317146E-03   -1.09805334E-04
   2.70980825E-03   -1.15411664E-04
   2.77812501E-03   -1.21304233E-04
   2.84816411E-03   -1.27497656E-04
   2.91996895E-03   -1.34007293E-04
   2.99358406E-03   -1.40849288E-04
   3.06905507E-03   -1.48040610E-04
   3.14642878E-03   -1.55599095E-04
   3.22575315E-03   -1.63543487E-04
   3.30707736E-03   -1.71893488E-04
   3.39045183E-03   -1.80669808E-04
   3.47592824E-03   -1.89894212E-04
   3.56355960E-03   -1.99589576E-04
   3.65340022E-03   -2.09779945E-04
   3.74550581E-03   -2.20490592E-04
   3.83993346E-03   -2.31748077E-04
   3.93674172E-03   -2.43580320E-04
   4.03599061E-03   -2.56016665E-04
   4.13774165E-03   -2.69087951E-04
   4.24205793E-03   -2.82826596E-04
   4.34900412E-03   -2.97266670E-04
   4.45864653E-03   -3.12443983E-04
   4.57105312E-03   -3.28396173E-04
   4.68629358E-03   -3.45162800E-04
   4.80443936E-03   -3.62785441E-04
   4.92556370E-03   -3.81307798E-04
   5.04974170E-03   -4.00775803E-04
   5.17705035E-03   -4.21237732E-04
   5.30756856E-03   -4.42744326E-04
   5.44137725E-03   -4.65348915E-04
   5.57855939E-03   -4.89107554E-04
   5.71920001E-03   -5.14079155E-04
   5.86338632E-03   -5.40325640E-04
   6.01120769E-03   -5.67912090E-04
   6.16275578E-03   -5.96906908E-04
   6.31812453E-03   -6.27381990E-04
   6.47741028E-03   -6.59412900E-04
   6.64071176E-03   -6.93079057E-04
   6.80813022E-03   -7.28463936E-04
   6.97976946E-03   -7.65655271E-04
   7.15573588E-03   -8.04745273E-04
   7.33613858E-03   -8.45830860E-04
   7.52108940E-03   -8.89013895E-04
   7.71070299E-03   -9.34401440E-04
   7.90509692E-03   -9.82106018E-04
   8.10439170E-03   -1.03224590E-03
   8.30871089E-03   -1.08494538E-03
   8.51818115E-03   -1.14033510E-03
   8.73293235E-03   -1.19855238E-03
   8.95309762E-03   -1.25974153E-03
   9.17881346E-03   -1.32405423E-03
   9.41021981E-03   -1.39164988E-03
   9.64746013E-03   -1.46269605E-03
   9.89068149E-03   -1.53736883E-03
   1.01400347E-02   -1.61585330E-03
   1.03956743E-02   -1.69834396E-03
   1.06577588E-02   -1.78504528E-03
   1.09264508E-02   -1.87617211E-03
   1.12019167E-02   -1.97195027E-03
   1.14843273E-02   -2.07261713E-03
   1.17738578E-02   -2.17842210E-03
   1.20706876E-02   -2.28962738E-03
   1.23750007E-02   -2.40650848E-03
   1.26869859E-02   -2.52935498E-03
   1.30068365E-02   -2.65847124E-03
   1.33347509E-02   -2.79417710E-03
   1.36709322E-02   -2.93680874E-03
   1.40155890E-02   -3.08671944E-03
   1.43689349E-02   -3.24428051E-03
   1.47311890E-02   -3.40988216E-03
   1.51025759E-02   -3.58393450E-03
   1.54833258E-02   -3.76686853E-03
   1.58736747E-02   -3.95913721E-03
   1.62738646E-02   -4.16121656E-03
   1.66841438E-02   -4.37360685E-03
   1.71047664E-02   -4.59683383E-03
   1.75359933E-02   -4.83145001E-03
   1.79780919E-02   -5.07803604E-03
   1.84313362E-02   -5.33720212E-03
   1.88960071E-02   -5.60958951E-03
   1.93723929E-02   -5.89587209E-03
   1.98607888E-02   -6.19675803E-03
   2.03614976E-02   -6.51299153E-03
   2.08748297E-02   -6.84535464E-03
   2.14011034E-02   -7.19466916E-03
   2.19406449E-02   -7.56179868E-03
   2.24937888E-02   -7.94765068E-03
   2.30608780E-02   -8.35317874E-03
   2.36422640E-02   -8.77938491E-03
   2.42383072E-02   -9.22732211E-03
   2.48493773E-02   -9.69809671E-03
   2.54758530E-02   -1.01928713E-02
   2.61181227E-02   -1.07128673E-02
   2.67765847E-02   -1.12593683E-02
   2.74516471E-02   -1.18337229E-02
   2.81437284E-02   -1.24373481E-02
   2.88532577E-02   -1.30717324E-02
   2.95806749E-02   -1.37384402E-02
   3.03264310E-02   -1.44391148E-02
   3.10909883E-02   -1.51754826E-02
   3.18748208E-02   -1.59493576E-02
   3.26784144E-02   -1.67626452E-02
   3.35022673E-02   -1.76173474E-02
   3.43468904E-02   -1.85155671E-02
   3.52128071E-02   -1.94595135E-02
   3.61005545E-02   -2.04515070E-02
   3.70106827E-02   -2.14939853E-02
   3.79437561E-02   -2.25895087E-02
   3.89003532E-02   -2.37407665E-02
   3.98810670E-02   -2.49505832E-02
   4.08865054E-02   -2.62219254E-02
   4.19172919E-02   -2.75579086E-02
   4.29740655E-02   -2.89618047E-02
   4.40574813E-02   -3.04370496E-02
   4.51682110E-02   -3.19872513E-02
   4.63069432E-02   -3.36161983E-02
   4.74743840E-02   -3.53278685E-02
   4.86712569E-02   -3.71264383E-02
   4.98983042E-02   -3.90162923E-02
   5.11562864E-02   -4.10020336E-02
   5.24459836E-02   -4.30884940E-02
   5.37681951E-02   -4.52807453E-02
   5.51237409E-02   -4.75841106E-02
   5.65134612E-02   -5.00041766E-02
   5.79382177E-02   -5.25468059E-02
   5.93988935E-02   -5.52181503E-02
   6.08963944E-02   -5.80246644E-02
   6.24316486E-02   -6.09731196E-02
   6.40056080E-02   -6.40706194E-02
   6.56192484E-02   -6.73246144E-02
   6.72735702E-02   -7.07429186E-02
   6.89695989E-02   -7.43337262E-02
   7.07083860E-02   -7.81056285E-02
   7.24910096E-02   -8.20676325E-02
   7.43185748E-02   -8.62291791E-02
   7.61922146E-02   -9.06001627E-02
   7.81130905E-02   -9.51909513E-02
   8.00823935E-02   -1.00012407E-01
   8.21013445E-02   -1.05075907E-01
   8.41711951E-02   -1.10393368E-01
   8.62932285E-02   -1.15977264E-01
   8.84687603E-02   -1.21840654E-01
   9.06991393E-02   -1.27997206E-01
   9.29857482E-02   -1.34461218E-01
   9.53300046E-02   -1.41247645E-01
   9.77333619E-02   -1.48372127E-01
   1.00197310E-01   -1.55851008E-01
   1.02723377E-01   -1.63701369E-01
   1.05313128E-01   -1.71941052E-01
   1.07968169E-01   -1.80588685E-01
   1.10690146E-01   -1.89663709E-01
   1.13480746E-01   -1.99186405E-01
   1.16341700E-01   -2.09177919E-01
   1.19274782E-01   -2.19660286E-01
   1.22281809E-01   -2.30656456E-01
   1.25364646E-01   -2.42190315E-01
   1.28525205E-01   -2.54286707E-01
   1.31765443E-01   -2.66971454E-01
   1.35087372E-01   -2.80271369E-01
   1.38493049E-01   -2.94214276E-01
   1.41984586E-01   -3.08829015E-01
   1.45564149E-01   -3.24145451E-01
   1.49233955E-01   -3.40194471E-01
   1.52996281E-01   -3.57007986E-01
   1.56853458E-01   -3.74618912E-01
   1.60807878E-01   -3.93061155E-01
   1.64861993E-01   -4.12369580E-01
   1.69018316E-01   -4.32579973E-01
   1.73279423E-01   -4.53728988E-01
   1.77647957E-01   -4.75854082E-01
   1.82126626E-01   -4.98993434E-01
   1.86718206E-01   -5.23185848E-01
   1.91425544E-01   -5.48470627E-01
   1.96251559E-01   -5.74887438E-01
   2.01199241E-01   -6.02476137E-01
   2.06271660E-01   -6.31276575E-01
   2.11471958E-01   -6.61328367E-01
   2.16803361E-01   -6.92670623E-01
   2.22269174E-01   -7.25341640E-01
   2.27872785E-01   -7.59378549E-01
   2.33617667E-01   -7.94816912E-01
   2.39507384E-01   -8.31690260E-01
   2.45545586E-01   -8.70029572E-01
   2.51736017E-01   -9.09862690E-01
   2.58082514E-01   -9.51213651E-01
   2.64589012E-01   -9.94101949E-01
   2.71259545E-01   -1.03854170E+00
   2.78098248E-01   -1.08454074E+00
   2.85109361E-01   -1.13209957E+00
   2.92297231E-01   -1.18121025E+00
   2.99666313E-01   -1.23185516E+00
   3.07221177E-01   -1.28400564E+00
   3.14966506E-01   -1.33762048E+00
   3.22907102E-01   -1.39264438E+00
   3.31047888E-01   -1.44900620E+00
   3.39393910E-01   -1.50661709E+00
   3.47950344E-01   -1.56536855E+00
   3.56722493E-01   -1.62513040E+00
   3.65715795E-01   -1.68574857E+00
   3.74935828E-01   -1.74704293E+00
   3.84388306E-01   -1.80880497E+00
   3.94079089E-01   -1.87079558E+00
   4.04014186E-01   -1.93274282E+00
   4.14199756E-01   -1.99433974E+00
   4.24642114E-01   -2.05524245E+00
   4.35347733E-01   -2.11506837E+00
   4.46323251E-01   -2.17339484E+00
   4.57575471E-01   -2.22975817E+00
   4.69111370E-01   -2.28365325E+00
   4.80938100E-01   -2.33453385E+00
   4.93062993E-01   -2.38181382E+00
   5.05493566E-01   -2.42486921E+00
   5.18237525E-01   -2.46304162E+00
   5.31302770E-01   -2.49564292E+00
   5.44697403E-01   -2.52196138E+00
   5.58429726E-01   -2.54126956E+00
   5.72508255E-01   -2.55283395E+00
   5.86941715E-01   -2.55592646E+00
   6.01739057E-01   -2.54983799E+00
   6.16909453E-01   -2.53389383E+00
   6.32462309E-01   -2.50747100E+00
   6.48407267E-01   -2.47001736E+00
   6.64754212E-01   -2.42107210E+00
   6.81513278E-01   -2.36028746E+00
   6.98694856E-01   -2.28745099E+00
   7.16309598E-01   -2.20250797E+00
   7.34368423E-01   -2.10558306E+00
   7.52882528E-01   -1.99700060E+00
   7.71863390E-01   -1.87730259E+00
   7.91322778E-01   -1.74726340E+00
   8.11272754E-01   -1.60790038E+00
   8.31725688E-01   -1.46047949E+00
   8.52694259E-01   -1.30651504E+00
   8.74191468E-01   -1.14776295E+00
   8.96230640E-01   -9.86206920E-01
   9.18825441E-01   -8.24037008E-01
   9.41989877E-01   -6.63620273E-01
   9.65738310E-01   -5.07463044E-01
   9.90085463E-01   -3.58164274E-01
   1.01504643E+00   -2.18359126E-01
   1.04063669E+00   -9.06514392E-02
   1.06687210E+00    2.24668886E-02
   1.09376893E+00    1.18712279E-01
   1.12134385E+00    1.96124788E-01
   1.14961396E+00    2.53205484E-01
   1.17859679E+00    2.89077765E-01
   1.20831030E+00    3.03671088E-01
   1.23877292E+00    2.97918793E-01
   1.27000352E+00    2.73949862E-01
   1.30202148E+00    2.35235759E-01
   1.33484664E+00    1.86625944E-01
   1.36849936E+00    1.34167530E-01
   1.40300049E+00    8.45540914E-02
   1.43837142E+00    4.39836681E-02
   1.47463409E+00    1.61217386E-02
   1.51181098E+00   -1.15977592E-03
   1.54992513E+00   -1.32541022E-02
   1.58900017E+00   -2.04721226E-02
   1.62906033E+00   -2.28833477E-02
   1.67013044E+00   -2.11021343E-02
   1.71223597E+00   -1.63020837E-02
   1.75540301E+00   -1.01336711E-02
   1.79965834E+00   -4.47969787E-03
   1.84502939E+00   -9.53453900E-04
   1.89154428E+00   -4.29771191E-06
   1.93923185E+00    0.00000000E+00
   1.98812168E+00    0.00000000E+00
   2.03824406E+00    0.00000000E+00
   2.08963007E+00    0.00000000E+00
   2.14231157E+00    0.00000000E+00
   2.19632122E+00    0.00000000E+00
   2.25169250E+00    0.00000000E+00
   2.30845974E+00    0.00000000E+00
   2.36665814E+00    0.00000000E+00
   2.42632377E+00    0.00000000E+00
   2.48749363E+00    0.00000000E+00
   2.55020564E+00    0.00000000E+00
   2.61449867E+00    0.00000000E+00
   2.68041260E+00    0.00000000E+00
   2.74798827E+00    0.00000000E+00
   2.81726759E+00    0.00000000E+00
   2.88829350E+00    0.00000000E+00
   2.96111004E+00    0.00000000E+00
   3.03576235E+00    0.00000000E+00
   3.11229672E+00    0.00000000E+00
   3.19076059E+00    0.00000000E+00
   3.27120260E+00    0.00000000E+00
   3.35367264E+00    0.00000000E+00
   3.43822182E+00    0.00000000E+00
   3.52490256E+00    0.00000000E+00
   3.61376860E+00    0.00000000E+00
   3.70487504E+00    0.00000000E+00
   3.79827835E+00    0.00000000E+00
   3.89403645E+00    0.00000000E+00
   3.99220870E+00    0.00000000E+00
   4.09285596E+00    0.00000000E+00
   4.19604063E+00    0.00000000E+00
   4.30182668E+00    0.00000000E+00
   4.41027970E+00    0.00000000E+00
   4.52146691E+00    0.00000000E+00
   4.63545726E+00    0.00000000E+00
   4.75232141E+00    0.00000000E+00
   4.87213182E+00    0.00000000E+00
   4.99496275E+00    0.00000000E+00
   5.12089037E+00    0.00000000E+00
   5.24999273E+00    0.00000000E+00
   5.38234989E+00    0.00000000E+00
   5.51804389E+00    0.00000000E+00
   5.65715886E+00    0.00000000E+00
   5.79978105E+00    0.00000000E+00
   5.94599888E+00    0.00000000E+00
   6.09590299E+00    0.00000000E+00
   6.24958632E+00    0.00000000E+00
   6.40714416E+00    0.00000000E+00
   6.56867416E+00    0.00000000E+00
   6.73427650E+00    0.00000000E+00
   6.90405381E+00    0.00000000E+00
   7.07811137E+00    0.00000000E+00
   7.25655709E+00    0.00000000E+00
   7.43950158E+00    0.00000000E+00
   7.62705827E+00    0.00000000E+00
   7.81934344E+00    0.00000000E+00
   8.01647630E+00    0.00000000E+00
   8.21857905E+00    0.00000000E+00
   8.42577700E+00    0.00000000E+00
   8.63819861E+00    0.00000000E+00
   8.85597556E+00    0.00000000E+00
   9.07924287E+00    0.00000000E+00
   9.30813895E+00    0.00000000E+00
   9.54280571E+00    0.00000000E+00
   9.78338864E+00    0.00000000E+00
   1.00300369E+01    0.00000000E+00
   1.02829034E+01    0.00000000E+00
   1.05421448E+01    0.00000000E+00
   1.08079220E+01    0.00000000E+00
   1.10803997E+01    0.00000000E+00
   1.13597468E+01    0.00000000E+00
   1.16461365E+01    0.00000000E+00
   1.19397463E+01    0.00000000E+00
   1.22407583E+01    0.00000000E+00
   1.25493591E+01    0.00000000E+00
   1.28657400E+01    0.00000000E+00
   1.31900972E+01    0.00000000E+00
   1.35226317E+01    0.00000000E+00
   1.38635497E+01    0.00000000E+00
   1.42130626E+01    0.00000000E+00
   1.45713870E+01    0.00000000E+00
   1.49387451E+01    0.00000000E+00
   1.53153646E+01    0.00000000E+00
   1.57014791E+01    0.00000000E+00
   1.60973278E+01    0.00000000E+00
   1.65031563E+01    0.00000000E+00
   1.69192161E+01    0.00000000E+00
   1.73457651E+01    0.00000000E+00
   1.77830678E+01    0.00000000E+00
   1.82313954E+01    0.00000000E+00
   1.86910257E+01    0.00000000E+00
   1.91622436E+01    0.00000000E+00
   1.96453415E+01    0.00000000E+00
   2.01406186E+01    0.00000000E+00
   2.06483822E+01    0.00000000E+00
   2.11689469E+01    0.00000000E+00
   2.17026356E+01    0.00000000E+00
   2.22497791E+01    0.00000000E+00
   2.28107165E+01    0.00000000E+00
   2.33857957E+01    0.00000000E+00
   2.39753732E+01    0.00000000E+00
   2.45798144E+01    0.00000000E+00
   2.51994942E+01    0.00000000E+00
   2.58347967E+01    0.00000000E+00
   2.64861157E+01    0.00000000E+00
   2.71538551E+01    0.00000000E+00
   2.78384288E+01    0.00000000E+00
   2.85402613E+01    0.00000000E+00
   2.92597876E+01    0.00000000E+00
   2.99974538E+01    0.00000000E+00
   3.07537172E+01    0.00000000E+00
   3.15290468E+01    0.00000000E+00
   3.23239231E+01    0.00000000E+00
   3.31388390E+01    0.00000000E+00
   3.39742997E+01    0.00000000E+00
   3.48308231E+01    0.00000000E+00
   3.57089403E+01    0.00000000E+00
   3.66091956E+01    0.00000000E+00
   3.75321471E+01    0.00000000E+00
   3.84783671E+01    0.00000000E+00
   3.94484422E+01    0.00000000E+00
   4.04429738E+01    0.00000000E+00
   4.14625785E+01    0.00000000E+00
   4.25078883E+01    0.00000000E+00
   4.35795513E+01    0.00000000E+00
   4.46782320E+01    0.00000000E+00
   4.58046114E+01    0.00000000E+00
   4.69593879E+01    0.00000000E+00
   4.81432773E+01    0.00000000E+00
   4.93570137E+01    0.00000000E+00
   5.06013496E+01    0.00000000E+00
   5.18770562E+01    0.00000000E+00
   5.31849246E+01    0.00000000E+00
   5.45257656E+01    0.00000000E+00
   5.59004104E+01    0.00000000E+00
   5.73097113E+01    0.00000000E+00
   5.87545419E+01    0.00000000E+00
   6.02357981E+01    0.00000000E+00
   6.17543981E+01    0.00000000E+00
   6.33112834E+01    0.00000000E+00
   6.49074192E+01    0.00000000E+00
   6.65437950E+01    0.00000000E+00
   6.82214255E+01    0.00000000E+00
   6.99413505E+01    0.00000000E+00
   7.17046364E+01    0.00000000E+00
   7.35123764E+01    0.00000000E+00
   7.53656911E+01    0.00000000E+00
   7.72657297E+01    0.00000000E+00
   7.92136699E+01    0.00000000E+00
   8.12107196E+01    0.00000000E+00
   8.32581167E+01    0.00000000E+00
   8.53571305E+01    0.00000000E+00
   8.75090625E+01    0.00000000E+00
   8.97152466E+01    0.00000000E+00
   9.19770507E+01    0.00000000E+00
   9.42958769E+01    0.00000000E+00
   9.66731629E+01    0.00000000E+00
   9.91103824E+01    0.00000000E+00
   1.01609046E+02    0.00000000E+00
   1.04170704E+02    0.00000000E+00
   1.06796944E+02    0.00000000E+00
   1.09489393E+02    0.00000000E+00
   1.12249722E+02    0.00000000E+00
