# 
# Energy units: hartree
# Length units: bohr
#
# ----------------------------------
# |       r       |      v(r)      |
# ----------------------------------
   3.74165729E-05   -5.60713755E+00
   3.83598792E-05   -5.60713755E+00
   3.93269671E-05   -5.60713755E+00
   4.03184362E-05   -5.60713755E+00
   4.13349012E-05   -5.60713755E+00
   4.23769921E-05   -5.60713755E+00
   4.34453551E-05   -5.60713755E+00
   4.45406526E-05   -5.60713755E+00
   4.56635635E-05   -5.60713755E+00
   4.68147840E-05   -5.60713755E+00
   4.79950279E-05   -5.60713755E+00
   4.92050268E-05   -5.60713755E+00
   5.04455309E-05   -5.60713755E+00
   5.17173092E-05   -5.60713755E+00
   5.30211502E-05   -5.60713755E+00
   5.43578623E-05   -5.60713755E+00
   5.57282741E-05   -5.60713755E+00
   5.71332353E-05   -5.60713755E+00
   5.85736168E-05   -5.60713755E+00
   6.00503117E-05   -5.60713755E+00
   6.15642354E-05   -5.60713755E+00
   6.31163265E-05   -5.60713755E+00
   6.47075473E-05   -5.60713755E+00
   6.63388842E-05   -5.60713755E+00
   6.80113486E-05   -5.60713755E+00
   6.97259774E-05   -5.60713755E+00
   7.14838335E-05   -5.60713755E+00
   7.32860069E-05   -5.60713755E+00
   7.51336146E-05   -5.60713755E+00
   7.70278023E-05   -5.60713755E+00
   7.89697442E-05   -5.60713755E+00
   8.09606443E-05   -5.60713755E+00
   8.30017367E-05   -5.60713755E+00
   8.50942870E-05   -5.60713755E+00
   8.72395924E-05   -5.60713755E+00
   8.94389830E-05   -5.60713755E+00
   9.16938222E-05   -5.60713755E+00
   9.40055079E-05   -5.60713755E+00
   9.63754734E-05   -5.60713755E+00
   9.88051880E-05   -5.60713755E+00
   1.01296158E-04   -5.60713755E+00
   1.03849927E-04   -5.60713755E+00
   1.06468080E-04   -5.60713755E+00
   1.09152238E-04   -5.60713755E+00
   1.11904067E-04   -5.60713755E+00
   1.14725271E-04   -5.60713755E+00
   1.17617601E-04   -5.60713755E+00
   1.20582849E-04   -5.60713755E+00
   1.23622854E-04   -5.60713755E+00
   1.26739500E-04   -5.60713755E+00
   1.29934720E-04   -5.60713755E+00
   1.33210494E-04   -5.60713755E+00
   1.36568853E-04   -5.60713755E+00
   1.40011880E-04   -5.60713755E+00
   1.43541708E-04   -5.60713755E+00
   1.47160527E-04   -5.60713755E+00
   1.50870580E-04   -5.60713755E+00
   1.54674166E-04   -5.60713755E+00
   1.58573644E-04   -5.60713755E+00
   1.62571432E-04   -5.60713755E+00
   1.66670008E-04   -5.60713755E+00
   1.70871912E-04   -5.60713755E+00
   1.75179751E-04   -5.60713754E+00
   1.79596194E-04   -5.60713754E+00
   1.84123979E-04   -5.60713754E+00
   1.88765915E-04   -5.60713754E+00
   1.93524877E-04   -5.60713754E+00
   1.98403818E-04   -5.60713754E+00
   2.03405761E-04   -5.60713754E+00
   2.08533808E-04   -5.60713754E+00
   2.13791137E-04   -5.60713754E+00
   2.19181009E-04   -5.60713754E+00
   2.24706764E-04   -5.60713754E+00
   2.30371829E-04   -5.60713754E+00
   2.36179715E-04   -5.60713754E+00
   2.42134023E-04   -5.60713754E+00
   2.48238445E-04   -5.60713754E+00
   2.54496765E-04   -5.60713754E+00
   2.60912863E-04   -5.60713754E+00
   2.67490717E-04   -5.60713754E+00
   2.74234404E-04   -5.60713754E+00
   2.81148107E-04   -5.60713754E+00
   2.88236109E-04   -5.60713754E+00
   2.95502807E-04   -5.60713754E+00
   3.02952706E-04   -5.60713754E+00
   3.10590423E-04   -5.60713754E+00
   3.18420693E-04   -5.60713754E+00
   3.26448373E-04   -5.60713754E+00
   3.34678437E-04   -5.60713754E+00
   3.43115989E-04   -5.60713754E+00
   3.51766259E-04   -5.60713754E+00
   3.60634611E-04   -5.60713753E+00
   3.69726542E-04   -5.60713753E+00
   3.79047689E-04   -5.60713753E+00
   3.88603830E-04   -5.60713753E+00
   3.98400891E-04   -5.60713753E+00
   4.08444945E-04   -5.60713753E+00
   4.18742218E-04   -5.60713753E+00
   4.29299096E-04   -5.60713753E+00
   4.40122121E-04   -5.60713753E+00
   4.51218006E-04   -5.60713753E+00
   4.62593628E-04   -5.60713753E+00
   4.74256039E-04   -5.60713752E+00
   4.86212471E-04   -5.60713752E+00
   4.98470336E-04   -5.60713752E+00
   5.11037233E-04   -5.60713752E+00
   5.23920952E-04   -5.60713752E+00
   5.37129482E-04   -5.60713752E+00
   5.50671012E-04   -5.60713752E+00
   5.64553935E-04   -5.60713752E+00
   5.78786861E-04   -5.60713751E+00
   5.93378611E-04   -5.60713751E+00
   6.08338233E-04   -5.60713751E+00
   6.23675000E-04   -5.60713751E+00
   6.39398422E-04   -5.60713751E+00
   6.55518245E-04   -5.60713750E+00
   6.72044464E-04   -5.60713750E+00
   6.88987325E-04   -5.60713750E+00
   7.06357330E-04   -5.60713750E+00
   7.24165250E-04   -5.60713749E+00
   7.42422123E-04   -5.60713749E+00
   7.61139269E-04   -5.60713749E+00
   7.80328292E-04   -5.60713749E+00
   8.00001087E-04   -5.60713748E+00
   8.20169852E-04   -5.60713748E+00
   8.40847090E-04   -5.60713747E+00
   8.62045620E-04   -5.60713747E+00
   8.83778585E-04   -5.60713747E+00
   9.06059458E-04   -5.60713746E+00
   9.28902052E-04   -5.60713746E+00
   9.52320529E-04   -5.60713745E+00
   9.76329407E-04   -5.60713745E+00
   1.00094357E-03   -5.60713744E+00
   1.02617828E-03   -5.60713744E+00
   1.05204918E-03   -5.60713743E+00
   1.07857231E-03   -5.60713743E+00
   1.10576411E-03   -5.60713742E+00
   1.13364145E-03   -5.60713741E+00
   1.16222159E-03   -5.60713741E+00
   1.19152227E-03   -5.60713740E+00
   1.22156164E-03   -5.60713739E+00
   1.25235834E-03   -5.60713739E+00
   1.28393145E-03   -5.60713738E+00
   1.31630054E-03   -5.60713737E+00
   1.34948569E-03   -5.60713736E+00
   1.38350747E-03   -5.60713735E+00
   1.41838697E-03   -5.60713734E+00
   1.45414581E-03   -5.60713733E+00
   1.49080617E-03   -5.60713732E+00
   1.52839077E-03   -5.60713731E+00
   1.56692291E-03   -5.60713729E+00
   1.60642648E-03   -5.60713728E+00
   1.64692597E-03   -5.60713727E+00
   1.68844649E-03   -5.60713725E+00
   1.73101378E-03   -5.60713724E+00
   1.77465424E-03   -5.60713722E+00
   1.81939491E-03   -5.60713721E+00
   1.86526353E-03   -5.60713719E+00
   1.91228854E-03   -5.60713717E+00
   1.96049910E-03   -5.60713715E+00
   2.00992509E-03   -5.60713713E+00
   2.06059715E-03   -5.60713711E+00
   2.11254670E-03   -5.60713709E+00
   2.16580595E-03   -5.60713706E+00
   2.22040792E-03   -5.60713704E+00
   2.27638645E-03   -5.60713701E+00
   2.33377625E-03   -5.60713698E+00
   2.39261290E-03   -5.60713696E+00
   2.45293288E-03   -5.60713692E+00
   2.51477357E-03   -5.60713689E+00
   2.57817333E-03   -5.60713686E+00
   2.64317146E-03   -5.60713682E+00
   2.70980825E-03   -5.60713679E+00
   2.77812501E-03   -5.60713675E+00
   2.84816411E-03   -5.60713671E+00
   2.91996895E-03   -5.60713667E+00
   2.99358406E-03   -5.60713662E+00
   3.06905507E-03   -5.60713657E+00
   3.14642878E-03   -5.60713652E+00
   3.22575315E-03   -5.60713647E+00
   3.30707736E-03   -5.60713642E+00
   3.39045183E-03   -5.60713636E+00
   3.47592824E-03   -5.60713630E+00
   3.56355960E-03   -5.60713623E+00
   3.65340022E-03   -5.60713617E+00
   3.74550581E-03   -5.60713610E+00
   3.83993346E-03   -5.60713602E+00
   3.93674172E-03   -5.60713594E+00
   4.03599061E-03   -5.60713586E+00
   4.13774165E-03   -5.60713578E+00
   4.24205793E-03   -5.60713568E+00
   4.34900412E-03   -5.60713559E+00
   4.45864653E-03   -5.60713549E+00
   4.57105312E-03   -5.60713538E+00
   4.68629358E-03   -5.60713527E+00
   4.80443936E-03   -5.60713516E+00
   4.92556370E-03   -5.60713504E+00
   5.04974170E-03   -5.60713491E+00
   5.17705035E-03   -5.60713477E+00
   5.30756856E-03   -5.60713463E+00
   5.44137725E-03   -5.60713448E+00
   5.57855939E-03   -5.60713433E+00
   5.71920001E-03   -5.60713416E+00
   5.86338632E-03   -5.60713399E+00
   6.01120769E-03   -5.60713381E+00
   6.16275578E-03   -5.60713362E+00
   6.31812453E-03   -5.60713341E+00
   6.47741028E-03   -5.60713320E+00
   6.64071176E-03   -5.60713298E+00
   6.80813022E-03   -5.60713275E+00
   6.97976946E-03   -5.60713250E+00
   7.15573588E-03   -5.60713225E+00
   7.33613858E-03   -5.60713198E+00
   7.52108940E-03   -5.60713169E+00
   7.71070299E-03   -5.60713139E+00
   7.90509692E-03   -5.60713108E+00
   8.10439170E-03   -5.60713075E+00
   8.30871089E-03   -5.60713040E+00
   8.51818115E-03   -5.60713004E+00
   8.73293235E-03   -5.60712965E+00
   8.95309762E-03   -5.60712925E+00
   9.17881346E-03   -5.60712883E+00
   9.41021981E-03   -5.60712838E+00
   9.64746013E-03   -5.60712792E+00
   9.89068149E-03   -5.60712742E+00
   1.01400347E-02   -5.60712691E+00
   1.03956743E-02   -5.60712637E+00
   1.06577588E-02   -5.60712580E+00
   1.09264508E-02   -5.60712520E+00
   1.12019167E-02   -5.60712457E+00
   1.14843273E-02   -5.60712390E+00
   1.17738578E-02   -5.60712321E+00
   1.20706876E-02   -5.60712248E+00
   1.23750007E-02   -5.60712171E+00
   1.26869859E-02   -5.60712090E+00
   1.30068365E-02   -5.60712005E+00
   1.33347509E-02   -5.60711916E+00
   1.36709322E-02   -5.60711822E+00
   1.40155890E-02   -5.60711724E+00
   1.43689349E-02   -5.60711620E+00
   1.47311890E-02   -5.60711512E+00
   1.51025759E-02   -5.60711397E+00
   1.54833258E-02   -5.60711277E+00
   1.58736747E-02   -5.60711151E+00
   1.62738646E-02   -5.60711019E+00
   1.66841438E-02   -5.60710879E+00
   1.71047664E-02   -5.60710733E+00
   1.75359933E-02   -5.60710579E+00
   1.79780919E-02   -5.60710417E+00
   1.84313362E-02   -5.60710247E+00
   1.88960071E-02   -5.60710069E+00
   1.93723929E-02   -5.60709881E+00
   1.98607888E-02   -5.60709684E+00
   2.03614976E-02   -5.60709477E+00
   2.08748297E-02   -5.60709260E+00
   2.14011034E-02   -5.60709031E+00
   2.19406449E-02   -5.60708791E+00
   2.24937888E-02   -5.60708539E+00
   2.30608780E-02   -5.60708274E+00
   2.36422640E-02   -5.60707996E+00
   2.42383072E-02   -5.60707704E+00
   2.48493773E-02   -5.60707396E+00
   2.54758530E-02   -5.60707074E+00
   2.61181227E-02   -5.60706735E+00
   2.67765847E-02   -5.60706379E+00
   2.74516471E-02   -5.60706005E+00
   2.81437284E-02   -5.60705612E+00
   2.88532577E-02   -5.60705200E+00
   2.95806749E-02   -5.60704767E+00
   3.03264310E-02   -5.60704312E+00
   3.10909883E-02   -5.60703834E+00
   3.18748208E-02   -5.60703332E+00
   3.26784144E-02   -5.60702805E+00
   3.35022673E-02   -5.60702252E+00
   3.43468904E-02   -5.60701671E+00
   3.52128071E-02   -5.60701062E+00
   3.61005545E-02   -5.60700421E+00
   3.70106827E-02   -5.60699749E+00
   3.79437561E-02   -5.60699044E+00
   3.89003532E-02   -5.60698303E+00
   3.98810670E-02   -5.60697526E+00
   4.08865054E-02   -5.60696710E+00
   4.19172919E-02   -5.60695854E+00
   4.29740655E-02   -5.60694956E+00
   4.40574813E-02   -5.60694013E+00
   4.51682110E-02   -5.60693024E+00
   4.63069432E-02   -5.60691987E+00
   4.74743840E-02   -5.60690899E+00
   4.86712569E-02   -5.60689757E+00
   4.98983042E-02   -5.60688560E+00
   5.11562864E-02   -5.60687304E+00
   5.24459836E-02   -5.60685987E+00
   5.37681951E-02   -5.60684607E+00
   5.51237409E-02   -5.60683159E+00
   5.65134612E-02   -5.60681642E+00
   5.79382177E-02   -5.60680052E+00
   5.93988935E-02   -5.60678386E+00
   6.08963944E-02   -5.60676640E+00
   6.24316486E-02   -5.60674811E+00
   6.40056080E-02   -5.60672894E+00
   6.56192484E-02   -5.60670887E+00
   6.72735702E-02   -5.60668786E+00
   6.89695989E-02   -5.60666585E+00
   7.07083860E-02   -5.60664282E+00
   7.24910096E-02   -5.60661871E+00
   7.43185748E-02   -5.60659347E+00
   7.61922146E-02   -5.60656707E+00
   7.81130905E-02   -5.60653946E+00
   8.00823935E-02   -5.60651057E+00
   8.21013445E-02   -5.60648037E+00
   8.41711951E-02   -5.60644879E+00
   8.62932285E-02   -5.60641578E+00
   8.84687603E-02   -5.60638129E+00
   9.06991393E-02   -5.60634525E+00
   9.29857482E-02   -5.60630760E+00
   9.53300046E-02   -5.60626828E+00
   9.77333619E-02   -5.60622722E+00
   1.00197310E-01   -5.60618435E+00
   1.02723377E-01   -5.60613961E+00
   1.05313128E-01   -5.60609292E+00
   1.07968169E-01   -5.60604420E+00
   1.10690146E-01   -5.60599338E+00
   1.13480746E-01   -5.60594036E+00
   1.16341700E-01   -5.60588507E+00
   1.19274782E-01   -5.60582741E+00
   1.22281809E-01   -5.60576728E+00
   1.25364646E-01   -5.60570458E+00
   1.28525205E-01   -5.60563919E+00
   1.31765443E-01   -5.60557101E+00
   1.35087372E-01   -5.60549989E+00
   1.38493049E-01   -5.60542571E+00
   1.41984586E-01   -5.60534829E+00
   1.45564149E-01   -5.60526749E+00
   1.49233955E-01   -5.60518310E+00
   1.52996281E-01   -5.60509492E+00
   1.56853458E-01   -5.60500272E+00
   1.60807878E-01   -5.60490623E+00
   1.64861993E-01   -5.60480514E+00
   1.69018316E-01   -5.60469912E+00
   1.73279423E-01   -5.60458777E+00
   1.77647957E-01   -5.60447065E+00
   1.82126626E-01   -5.60434725E+00
   1.86718206E-01   -5.60421696E+00
   1.91425544E-01   -5.60407910E+00
   1.96251559E-01   -5.60393288E+00
   2.01199241E-01   -5.60377738E+00
   2.06271660E-01   -5.60361154E+00
   2.11471958E-01   -5.60343412E+00
   2.16803361E-01   -5.60324369E+00
   2.22269174E-01   -5.60303861E+00
   2.27872785E-01   -5.60281695E+00
   2.33617667E-01   -5.60257649E+00
   2.39507384E-01   -5.60231467E+00
   2.45545586E-01   -5.60202852E+00
   2.51736017E-01   -5.60171461E+00
   2.58082514E-01   -5.60136899E+00
   2.64589012E-01   -5.60098712E+00
   2.71259545E-01   -5.60056374E+00
   2.78098248E-01   -5.60009284E+00
   2.85109361E-01   -5.59956750E+00
   2.92297231E-01   -5.59897981E+00
   2.99666313E-01   -5.59832071E+00
   3.07221177E-01   -5.59757984E+00
   3.14966506E-01   -5.59674541E+00
   3.22907102E-01   -5.59580397E+00
   3.31047888E-01   -5.59474025E+00
   3.39393910E-01   -5.59353693E+00
   3.47950344E-01   -5.59217438E+00
   3.56722493E-01   -5.59063043E+00
   3.65715795E-01   -5.58888008E+00
   3.74935828E-01   -5.58689519E+00
   3.84388306E-01   -5.58464414E+00
   3.94079089E-01   -5.58209153E+00
   4.04014186E-01   -5.57919776E+00
   4.14199756E-01   -5.57591869E+00
   4.24642114E-01   -5.57220521E+00
   4.35347733E-01   -5.56800282E+00
   4.46323251E-01   -5.56325123E+00
   4.57575471E-01   -5.55788391E+00
   4.69111370E-01   -5.55182767E+00
   4.80938100E-01   -5.54500223E+00
   4.93062993E-01   -5.53731984E+00
   5.05493566E-01   -5.52868484E+00
   5.18237525E-01   -5.51899338E+00
   5.31302770E-01   -5.50813308E+00
   5.44697403E-01   -5.49598280E+00
   5.58429726E-01   -5.48241247E+00
   5.72508255E-01   -5.46728301E+00
   5.86941715E-01   -5.45044636E+00
   6.01739057E-01   -5.43174560E+00
   6.16909453E-01   -5.41101523E+00
   6.32462309E-01   -5.38808164E+00
   6.48407267E-01   -5.36276371E+00
   6.64754212E-01   -5.33487363E+00
   6.81513278E-01   -5.30421797E+00
   6.98694856E-01   -5.27059904E+00
   7.16309598E-01   -5.23381649E+00
   7.34368423E-01   -5.19366939E+00
   7.52882528E-01   -5.14995864E+00
   7.71863390E-01   -5.10248994E+00
   7.91322778E-01   -5.05107734E+00
   8.11272754E-01   -4.99554749E+00
   8.31725688E-01   -4.93574467E+00
   8.52694259E-01   -4.87153675E+00
   8.74191468E-01   -4.80282210E+00
   8.96230640E-01   -4.72953752E+00
   9.18825441E-01   -4.65166702E+00
   9.41989877E-01   -4.56925127E+00
   9.65738310E-01   -4.48239712E+00
   9.90085463E-01   -4.39128640E+00
   1.01504643E+00   -4.29618268E+00
   1.04063669E+00   -4.19743458E+00
   1.06687210E+00   -4.09547372E+00
   1.09376893E+00   -3.99080612E+00
   1.12134385E+00   -3.88399628E+00
   1.14961396E+00   -3.77564578E+00
   1.17859679E+00   -3.66637066E+00
   1.20831030E+00   -3.55678738E+00
   1.23877292E+00   -3.44752070E+00
   1.27000352E+00   -3.33922141E+00
   1.30202148E+00   -3.23256745E+00
   1.33484664E+00   -3.12826245E+00
   1.36849936E+00   -3.02702122E+00
   1.40300049E+00   -2.92954350E+00
   1.43837142E+00   -2.83648055E+00
   1.47463409E+00   -2.74839469E+00
   1.51181098E+00   -2.66571227E+00
   1.54992513E+00   -2.58867159E+00
   1.58900017E+00   -2.51726969E+00
   1.62906033E+00   -2.45121429E+00
   1.67013044E+00   -2.38989208E+00
   1.71223597E+00   -2.33237058E+00
   1.75540301E+00   -2.27745940E+00
   1.79965834E+00   -2.22386916E+00
   1.84502939E+00   -2.17052227E+00
   1.89154428E+00   -2.11709268E+00
   1.93923185E+00   -2.06453958E+00
   1.98812168E+00   -2.01338275E+00
   2.03824406E+00   -1.96356885E+00
   2.08963007E+00   -1.91504737E+00
   2.14231157E+00   -1.86777236E+00
   2.19632122E+00   -1.82170179E+00
   2.25169250E+00   -1.77679695E+00
   2.30845974E+00   -1.73302191E+00
   2.36665814E+00   -1.69034314E+00
   2.42632377E+00   -1.64872915E+00
   2.48749363E+00   -1.60815019E+00
   2.55020564E+00   -1.56857805E+00
   2.61449867E+00   -1.52998579E+00
   2.68041260E+00   -1.49234767E+00
   2.74798827E+00   -1.45563893E+00
   2.81726759E+00   -1.41983576E+00
   2.88829350E+00   -1.38491513E+00
   2.96111004E+00   -1.35085478E+00
   3.03576235E+00   -1.31763315E+00
   3.11229672E+00   -1.28522929E+00
   3.19076059E+00   -1.25362287E+00
   3.27120260E+00   -1.22279411E+00
   3.35367264E+00   -1.19272375E+00
   3.43822182E+00   -1.16339307E+00
   3.52490256E+00   -1.13478380E+00
   3.61376860E+00   -1.10687817E+00
   3.70487504E+00   -1.07965883E+00
   3.79827835E+00   -1.05310889E+00
   3.89403645E+00   -1.02721187E+00
   3.99220870E+00   -1.00195170E+00
   4.09285596E+00   -9.77312720E-01
   4.19604063E+00   -9.53279645E-01
   4.30182668E+00   -9.29837572E-01
   4.41027970E+00   -9.06971966E-01
   4.52146691E+00   -8.84668650E-01
   4.63545726E+00   -8.62913795E-01
   4.75232141E+00   -8.41693914E-01
   4.87213182E+00   -8.20995851E-01
   4.99496275E+00   -8.00806774E-01
   5.12089037E+00   -7.81114165E-01
   5.24999273E+00   -7.61905817E-01
   5.38234989E+00   -7.43169821E-01
   5.51804389E+00   -7.24894561E-01
   5.65715886E+00   -7.07068707E-01
   5.79978105E+00   -6.89681208E-01
   5.94599888E+00   -6.72721284E-01
   6.09590299E+00   -6.56178421E-01
   6.24958632E+00   -6.40042363E-01
   6.40714416E+00   -6.24303107E-01
   6.56867416E+00   -6.08950893E-01
   6.73427650E+00   -5.93976206E-01
   6.90405381E+00   -5.79369760E-01
   7.07811137E+00   -5.65122501E-01
   7.25655709E+00   -5.51225595E-01
   7.43950158E+00   -5.37670428E-01
   7.62705827E+00   -5.24448596E-01
   7.81934344E+00   -5.11551901E-01
   8.01647630E+00   -4.98972348E-01
   8.21857905E+00   -4.86702139E-01
   8.42577700E+00   -4.74733665E-01
   8.63819861E+00   -4.63059508E-01
   8.85597556E+00   -4.51672430E-01
   9.07924287E+00   -4.40565371E-01
   9.30813895E+00   -4.29731445E-01
   9.54280571E+00   -4.19163936E-01
   9.78338864E+00   -4.08856292E-01
   1.00300369E+01   -3.98802123E-01
   1.02829034E+01   -3.88995195E-01
   1.05421448E+01   -3.79429430E-01
   1.08079220E+01   -3.70098895E-01
   1.10803997E+01   -3.60997808E-01
   1.13597468E+01   -3.52120525E-01
   1.16461365E+01   -3.43461543E-01
   1.19397463E+01   -3.35015493E-01
   1.22407583E+01   -3.26777140E-01
   1.25493591E+01   -3.18741377E-01
   1.28657400E+01   -3.10903220E-01
   1.31900972E+01   -3.03257811E-01
   1.35226317E+01   -2.95800410E-01
   1.38635497E+01   -2.88526394E-01
   1.42130626E+01   -2.81431252E-01
   1.45713870E+01   -2.74510587E-01
   1.49387451E+01   -2.67760108E-01
   1.53153646E+01   -2.61175630E-01
   1.57014791E+01   -2.54753070E-01
   1.60973278E+01   -2.48488447E-01
   1.65031563E+01   -2.42377878E-01
   1.69192161E+01   -2.36417573E-01
   1.73457651E+01   -2.30603837E-01
   1.77830678E+01   -2.24933067E-01
   1.82313954E+01   -2.19401747E-01
   1.86910257E+01   -2.14006447E-01
   1.91622436E+01   -2.08743823E-01
   1.96453415E+01   -2.03610612E-01
   2.01406186E+01   -1.98603631E-01
   2.06483822E+01   -1.93719777E-01
   2.11689469E+01   -1.88956022E-01
   2.17026356E+01   -1.84309412E-01
   2.22497791E+01   -1.79777066E-01
   2.28107165E+01   -1.75356175E-01
   2.33857957E+01   -1.71043998E-01
   2.39753732E+01   -1.66837862E-01
   2.45798144E+01   -1.62735159E-01
   2.51994942E+01   -1.58733345E-01
   2.58347967E+01   -1.54829939E-01
   2.64861157E+01   -1.51022522E-01
   2.71538551E+01   -1.47308733E-01
   2.78384288E+01   -1.43686270E-01
   2.85402613E+01   -1.40152887E-01
   2.92597876E+01   -1.36706392E-01
   2.99974538E+01   -1.33344651E-01
   3.07537172E+01   -1.30065578E-01
   3.15290468E+01   -1.26867140E-01
   3.23239231E+01   -1.23747355E-01
   3.31388390E+01   -1.20704289E-01
   3.39742997E+01   -1.17736055E-01
   3.48308231E+01   -1.14840812E-01
   3.57089403E+01   -1.12016766E-01
   3.66091956E+01   -1.09262166E-01
   3.75321471E+01   -1.06575304E-01
   3.84783671E+01   -1.03954515E-01
   3.94484422E+01   -1.01398174E-01
   4.04429738E+01   -9.89046952E-02
   4.14625785E+01   -9.64725337E-02
   4.25078883E+01   -9.41001814E-02
   4.35795513E+01   -9.17861675E-02
   4.46782320E+01   -8.95290574E-02
   4.58046114E+01   -8.73274519E-02
   4.69593879E+01   -8.51799859E-02
   4.81432773E+01   -8.30853282E-02
   4.93570137E+01   -8.10421802E-02
   5.06013496E+01   -7.90492751E-02
   5.18770562E+01   -7.71053774E-02
   5.31849246E+01   -7.52092821E-02
   5.45257656E+01   -7.33598136E-02
   5.59004104E+01   -7.15558253E-02
   5.73097113E+01   -6.97961988E-02
   5.87545419E+01   -6.80798432E-02
   6.02357981E+01   -6.64056944E-02
   6.17543981E+01   -6.47727146E-02
   6.33112834E+01   -6.31798913E-02
   6.49074192E+01   -6.16262370E-02
   6.65437950E+01   -6.01107886E-02
   6.82214255E+01   -5.86326066E-02
   6.99413505E+01   -5.71907745E-02
   7.17046364E+01   -5.57843984E-02
   7.35123764E+01   -5.44126064E-02
   7.53656911E+01   -5.30745481E-02
   7.72657297E+01   -5.17693940E-02
   7.92136699E+01   -5.04963348E-02
   8.12107196E+01   -4.92545814E-02
   8.32581167E+01   -4.80433639E-02
   8.53571305E+01   -4.68619315E-02
   8.75090625E+01   -4.57095515E-02
   8.97152466E+01   -4.45855097E-02
   9.19770507E+01   -4.34891092E-02
   9.42958769E+01   -4.24196702E-02
   9.66731629E+01   -4.13765298E-02
   9.91103824E+01   -4.03590411E-02
   1.01609046E+02   -3.93665735E-02
   1.04170704E+02   -3.83985117E-02
   1.06796944E+02   -3.74542554E-02
   1.09489393E+02   -3.65332192E-02
   1.12249722E+02   -3.56348323E-02
