# 
# Energy units: hartree
# Length units: bohr
#
# -----------------------------------
# |       r       |       w(r)      |
# -----------------------------------
   3.74165729E-05   -8.77757364E-04
   3.83598792E-05   -8.99886436E-04
   3.93269671E-05   -9.22573402E-04
   4.03184362E-05   -9.45832328E-04
   4.13349012E-05   -9.69677632E-04
   4.23769921E-05   -9.94124099E-04
   4.34453551E-05   -1.01918688E-03
   4.45406526E-05   -1.04488152E-03
   4.56635635E-05   -1.07122395E-03
   4.68147840E-05   -1.09823049E-03
   4.79950279E-05   -1.12591790E-03
   4.92050268E-05   -1.15430332E-03
   5.04455309E-05   -1.18340437E-03
   5.17173092E-05   -1.21323909E-03
   5.30211502E-05   -1.24382596E-03
   5.43578623E-05   -1.27518396E-03
   5.57282741E-05   -1.30733252E-03
   5.71332353E-05   -1.34029158E-03
   5.85736168E-05   -1.37408157E-03
   6.00503117E-05   -1.40872343E-03
   6.15642354E-05   -1.44423864E-03
   6.31163265E-05   -1.48064923E-03
   6.47075473E-05   -1.51797776E-03
   6.63388842E-05   -1.55624738E-03
   6.80113486E-05   -1.59548181E-03
   6.97259774E-05   -1.63570537E-03
   7.14838335E-05   -1.67694301E-03
   7.32860069E-05   -1.71922029E-03
   7.51336146E-05   -1.76256342E-03
   7.70278023E-05   -1.80699926E-03
   7.89697442E-05   -1.85255538E-03
   8.09606443E-05   -1.89926000E-03
   8.30017367E-05   -1.94714210E-03
   8.50942870E-05   -1.99623134E-03
   8.72395924E-05   -2.04655817E-03
   8.94389830E-05   -2.09815379E-03
   9.16938222E-05   -2.15105017E-03
   9.40055079E-05   -2.20528013E-03
   9.63754734E-05   -2.26087727E-03
   9.88051880E-05   -2.31787606E-03
   1.01296158E-04   -2.37631185E-03
   1.03849927E-04   -2.43622086E-03
   1.06468080E-04   -2.49764023E-03
   1.09152238E-04   -2.56060804E-03
   1.11904067E-04   -2.62516332E-03
   1.14725271E-04   -2.69134610E-03
   1.17617601E-04   -2.75919741E-03
   1.20582849E-04   -2.82875931E-03
   1.23622854E-04   -2.90007493E-03
   1.26739500E-04   -2.97318849E-03
   1.29934720E-04   -3.04814530E-03
   1.33210494E-04   -3.12499184E-03
   1.36568853E-04   -3.20377576E-03
   1.40011880E-04   -3.28454589E-03
   1.43541708E-04   -3.36735231E-03
   1.47160527E-04   -3.45224635E-03
   1.50870580E-04   -3.53928065E-03
   1.54674166E-04   -3.62850916E-03
   1.58573644E-04   -3.71998720E-03
   1.62571432E-04   -3.81377149E-03
   1.66670008E-04   -3.90992017E-03
   1.70871912E-04   -4.00849284E-03
   1.75179751E-04   -4.10955062E-03
   1.79596194E-04   -4.21315615E-03
   1.84123979E-04   -4.31937368E-03
   1.88765915E-04   -4.42826904E-03
   1.93524877E-04   -4.53990976E-03
   1.98403818E-04   -4.65436504E-03
   2.03405761E-04   -4.77170584E-03
   2.08533808E-04   -4.89200490E-03
   2.13791137E-04   -5.01533682E-03
   2.19181009E-04   -5.14177804E-03
   2.24706764E-04   -5.27140696E-03
   2.30371829E-04   -5.40430394E-03
   2.36179715E-04   -5.54055137E-03
   2.42134023E-04   -5.68023372E-03
   2.48238445E-04   -5.82343758E-03
   2.54496765E-04   -5.97025175E-03
   2.60912863E-04   -6.12076723E-03
   2.67490717E-04   -6.27507733E-03
   2.74234404E-04   -6.43327773E-03
   2.81148107E-04   -6.59546651E-03
   2.88236109E-04   -6.76174420E-03
   2.95502807E-04   -6.93221390E-03
   3.02952706E-04   -7.10698129E-03
   3.10590423E-04   -7.28615472E-03
   3.18420693E-04   -7.46984527E-03
   3.26448373E-04   -7.65816681E-03
   3.34678437E-04   -7.85123611E-03
   3.43115989E-04   -8.04917284E-03
   3.51766259E-04   -8.25209973E-03
   3.60634611E-04   -8.46014259E-03
   3.69726542E-04   -8.67343038E-03
   3.79047689E-04   -8.89209533E-03
   3.88603830E-04   -9.11627302E-03
   3.98400891E-04   -9.34610241E-03
   4.08444945E-04   -9.58172599E-03
   4.18742218E-04   -9.82328984E-03
   4.29299096E-04   -1.00709437E-02
   4.40122121E-04   -1.03248411E-02
   4.51218006E-04   -1.05851395E-02
   4.62593628E-04   -1.08520003E-02
   4.74256039E-04   -1.11255888E-02
   4.86212471E-04   -1.14060747E-02
   4.98470336E-04   -1.16936318E-02
   5.11037233E-04   -1.19884385E-02
   5.23920952E-04   -1.22906775E-02
   5.37129482E-04   -1.26005362E-02
   5.50671012E-04   -1.29182067E-02
   5.64553935E-04   -1.32438859E-02
   5.78786861E-04   -1.35777756E-02
   5.93378611E-04   -1.39200830E-02
   6.08338233E-04   -1.42710203E-02
   6.23675000E-04   -1.46308049E-02
   6.39398422E-04   -1.49996599E-02
   6.55518245E-04   -1.53778140E-02
   6.72044464E-04   -1.57655017E-02
   6.88987325E-04   -1.61629632E-02
   7.06357330E-04   -1.65704450E-02
   7.24165250E-04   -1.69881996E-02
   7.42422123E-04   -1.74164862E-02
   7.61139269E-04   -1.78555701E-02
   7.80328292E-04   -1.83057236E-02
   8.00001087E-04   -1.87672257E-02
   8.20169852E-04   -1.92403625E-02
   8.40847090E-04   -1.97254274E-02
   8.62045620E-04   -2.02227210E-02
   8.83778585E-04   -2.07325517E-02
   9.06059458E-04   -2.12552355E-02
   9.28902052E-04   -2.17910963E-02
   9.52320529E-04   -2.23404665E-02
   9.76329407E-04   -2.29036865E-02
   1.00094357E-03   -2.34811055E-02
   1.02617828E-03   -2.40730815E-02
   1.05204918E-03   -2.46799814E-02
   1.07857231E-03   -2.53021815E-02
   1.10576411E-03   -2.59400674E-02
   1.13364145E-03   -2.65940345E-02
   1.16222159E-03   -2.72644884E-02
   1.19152227E-03   -2.79518445E-02
   1.22156164E-03   -2.86565289E-02
   1.25235834E-03   -2.93789786E-02
   1.28393145E-03   -3.01196412E-02
   1.31630054E-03   -3.08789760E-02
   1.34948569E-03   -3.16574536E-02
   1.38350747E-03   -3.24555565E-02
   1.41838697E-03   -3.32737796E-02
   1.45414581E-03   -3.41126299E-02
   1.49080617E-03   -3.49726275E-02
   1.52839077E-03   -3.58543053E-02
   1.56692291E-03   -3.67582100E-02
   1.60642648E-03   -3.76849017E-02
   1.64692597E-03   -3.86349549E-02
   1.68844649E-03   -3.96089584E-02
   1.73101378E-03   -4.06075160E-02
   1.77465424E-03   -4.16312465E-02
   1.81939491E-03   -4.26807844E-02
   1.86526353E-03   -4.37567803E-02
   1.91228854E-03   -4.48599010E-02
   1.96049910E-03   -4.59908303E-02
   2.00992509E-03   -4.71502689E-02
   2.06059715E-03   -4.83389356E-02
   2.11254670E-03   -4.95575669E-02
   2.16580595E-03   -5.08069181E-02
   2.22040792E-03   -5.20877635E-02
   2.27638645E-03   -5.34008967E-02
   2.33377625E-03   -5.47471315E-02
   2.39261290E-03   -5.61273023E-02
   2.45293288E-03   -5.75422641E-02
   2.51477357E-03   -5.89928939E-02
   2.57817333E-03   -6.04800904E-02
   2.64317146E-03   -6.20047751E-02
   2.70980825E-03   -6.35678929E-02
   2.77812501E-03   -6.51704121E-02
   2.84816411E-03   -6.68133256E-02
   2.91996895E-03   -6.84976513E-02
   2.99358406E-03   -7.02244326E-02
   3.06905507E-03   -7.19947394E-02
   3.14642878E-03   -7.38096682E-02
   3.22575315E-03   -7.56703434E-02
   3.30707736E-03   -7.75779174E-02
   3.39045183E-03   -7.95335720E-02
   3.47592824E-03   -8.15385182E-02
   3.56355960E-03   -8.35939979E-02
   3.65340022E-03   -8.57012841E-02
   3.74550581E-03   -8.78616818E-02
   3.83993346E-03   -9.00765287E-02
   3.93674172E-03   -9.23471963E-02
   4.03599061E-03   -9.46750906E-02
   4.13774165E-03   -9.70616528E-02
   4.24205793E-03   -9.95083604E-02
   4.34900412E-03   -1.02016728E-01
   4.45864653E-03   -1.04588308E-01
   4.57105312E-03   -1.07224693E-01
   4.68629358E-03   -1.09927514E-01
   4.80443936E-03   -1.12698443E-01
   4.92556370E-03   -1.15539195E-01
   5.04974170E-03   -1.18451528E-01
   5.17705035E-03   -1.21437244E-01
   5.30756856E-03   -1.24498189E-01
   5.44137725E-03   -1.27636257E-01
   5.57855939E-03   -1.30853388E-01
   5.71920001E-03   -1.34151573E-01
   5.86338632E-03   -1.37532849E-01
   6.01120769E-03   -1.40999308E-01
   6.16275578E-03   -1.44553091E-01
   6.31812453E-03   -1.48196396E-01
   6.47741028E-03   -1.51931474E-01
   6.64071176E-03   -1.55760632E-01
   6.80813022E-03   -1.59686235E-01
   6.97976946E-03   -1.63710708E-01
   7.15573588E-03   -1.67836536E-01
   7.33613858E-03   -1.72066266E-01
   7.52108940E-03   -1.76402508E-01
   7.71070299E-03   -1.80847939E-01
   7.90509692E-03   -1.85405300E-01
   8.10439170E-03   -1.90077403E-01
   8.30871089E-03   -1.94867128E-01
   8.51818115E-03   -1.99777428E-01
   8.73293235E-03   -2.04811329E-01
   8.95309762E-03   -2.09971932E-01
   9.17881346E-03   -2.15262415E-01
   9.41021981E-03   -2.20686035E-01
   9.64746013E-03   -2.26246130E-01
   9.89068149E-03   -2.31946120E-01
   1.01400347E-02   -2.37789511E-01
   1.03956743E-02   -2.43779895E-01
   1.06577588E-02   -2.49920952E-01
   1.09264508E-02   -2.56216453E-01
   1.12019167E-02   -2.62670264E-01
   1.14843273E-02   -2.69286343E-01
   1.17738578E-02   -2.76068747E-01
   1.20706876E-02   -2.83021634E-01
   1.23750007E-02   -2.90149261E-01
   1.26869859E-02   -2.97455991E-01
   1.30068365E-02   -3.04946295E-01
   1.33347509E-02   -3.12624749E-01
   1.36709322E-02   -3.20496046E-01
   1.40155890E-02   -3.28564988E-01
   1.43689349E-02   -3.36836497E-01
   1.47311890E-02   -3.45315613E-01
   1.51025759E-02   -3.54007498E-01
   1.54833258E-02   -3.62917438E-01
   1.58736747E-02   -3.72050848E-01
   1.62738646E-02   -3.81413271E-01
   1.66841438E-02   -3.91010384E-01
   1.71047664E-02   -4.00847998E-01
   1.75359933E-02   -4.10932065E-01
   1.79780919E-02   -4.21268675E-01
   1.84313362E-02   -4.31864066E-01
   1.88960071E-02   -4.42724619E-01
   1.93723929E-02   -4.53856867E-01
   1.98607888E-02   -4.65267496E-01
   2.03614976E-02   -4.76963347E-01
   2.08748297E-02   -4.88951419E-01
   2.14011034E-02   -5.01238875E-01
   2.19406449E-02   -5.13833040E-01
   2.24937888E-02   -5.26741407E-01
   2.30608780E-02   -5.39971640E-01
   2.36422640E-02   -5.53531576E-01
   2.42383072E-02   -5.67429226E-01
   2.48493773E-02   -5.81672782E-01
   2.54758530E-02   -5.96270616E-01
   2.61181227E-02   -6.11231283E-01
   2.67765847E-02   -6.26563525E-01
   2.74516471E-02   -6.42276274E-01
   2.81437284E-02   -6.58378651E-01
   2.88532577E-02   -6.74879970E-01
   2.95806749E-02   -6.91789740E-01
   3.03264310E-02   -7.09117668E-01
   3.10909883E-02   -7.26873657E-01
   3.18748208E-02   -7.45067812E-01
   3.26784144E-02   -7.63710436E-01
   3.35022673E-02   -7.82812035E-01
   3.43468904E-02   -8.02383316E-01
   3.52128071E-02   -8.22435187E-01
   3.61005545E-02   -8.42978760E-01
   3.70106827E-02   -8.64025344E-01
   3.79437561E-02   -8.85586450E-01
   3.89003532E-02   -9.07673784E-01
   3.98810670E-02   -9.30299249E-01
   4.08865054E-02   -9.53474939E-01
   4.19172919E-02   -9.77213136E-01
   4.29740655E-02   -1.00152630E+00
   4.40574813E-02   -1.02642709E+00
   4.51682110E-02   -1.05192830E+00
   4.63069432E-02   -1.07804291E+00
   4.74743840E-02   -1.10478406E+00
   4.86712569E-02   -1.13216503E+00
   4.98983042E-02   -1.16019921E+00
   5.11562864E-02   -1.18890014E+00
   5.24459836E-02   -1.21828145E+00
   5.37681951E-02   -1.24835687E+00
   5.51237409E-02   -1.27914018E+00
   5.65134612E-02   -1.31064521E+00
   5.79382177E-02   -1.34288585E+00
   5.93988935E-02   -1.37587594E+00
   6.08963944E-02   -1.40962932E+00
   6.24316486E-02   -1.44415976E+00
   6.40056080E-02   -1.47948093E+00
   6.56192484E-02   -1.51560636E+00
   6.72735702E-02   -1.55254941E+00
   6.89695989E-02   -1.59032320E+00
   7.07083860E-02   -1.62894057E+00
   7.24910096E-02   -1.66841401E+00
   7.43185748E-02   -1.70875562E+00
   7.61922146E-02   -1.74997701E+00
   7.81130905E-02   -1.79208924E+00
   8.00823935E-02   -1.83510273E+00
   8.21013445E-02   -1.87902716E+00
   8.41711951E-02   -1.92387139E+00
   8.62932285E-02   -1.96964330E+00
   8.84687603E-02   -2.01634973E+00
   9.06991393E-02   -2.06399628E+00
   9.29857482E-02   -2.11258721E+00
   9.53300046E-02   -2.16212527E+00
   9.77333619E-02   -2.21261149E+00
   1.00197310E-01   -2.26404503E+00
   1.02723377E-01   -2.31642297E+00
   1.05313128E-01   -2.36974002E+00
   1.07968169E-01   -2.42398837E+00
   1.10690146E-01   -2.47915731E+00
   1.13480746E-01   -2.53523303E+00
   1.16341700E-01   -2.59219826E+00
   1.19274782E-01   -2.65003189E+00
   1.22281809E-01   -2.70870867E+00
   1.25364646E-01   -2.76819873E+00
   1.28525205E-01   -2.82846720E+00
   1.31765443E-01   -2.88947369E+00
   1.35087372E-01   -2.95117180E+00
   1.38493049E-01   -3.01350857E+00
   1.41984586E-01   -3.07642389E+00
   1.45564149E-01   -3.13984988E+00
   1.49233955E-01   -3.20371019E+00
   1.52996281E-01   -3.26791929E+00
   1.56853458E-01   -3.33238172E+00
   1.60807878E-01   -3.39699130E+00
   1.64861993E-01   -3.46163022E+00
   1.69018316E-01   -3.52616820E+00
   1.73279423E-01   -3.59046155E+00
   1.77647957E-01   -3.65435218E+00
   1.82126626E-01   -3.71766665E+00
   1.86718206E-01   -3.78021511E+00
   1.91425544E-01   -3.84179029E+00
   1.96251559E-01   -3.90216647E+00
   2.01199241E-01   -3.96109849E+00
   2.06271660E-01   -4.01832074E+00
   2.11471958E-01   -4.07354626E+00
   2.16803361E-01   -4.12646592E+00
   2.22269174E-01   -4.17674767E+00
   2.27872785E-01   -4.22403600E+00
   2.33617667E-01   -4.26795156E+00
   2.39507384E-01   -4.30809103E+00
   2.45545586E-01   -4.34402731E+00
   2.51736017E-01   -4.37531002E+00
   2.58082514E-01   -4.40146651E+00
   2.64589012E-01   -4.42200325E+00
   2.71259545E-01   -4.43640792E+00
   2.78098248E-01   -4.44415210E+00
   2.85109361E-01   -4.44469466E+00
   2.92297231E-01   -4.43748611E+00
   2.99666313E-01   -4.42197371E+00
   3.07221177E-01   -4.39760767E+00
   3.14966506E-01   -4.36384834E+00
   3.22907102E-01   -4.32017452E+00
   3.31047888E-01   -4.26609289E+00
   3.39393910E-01   -4.20114851E+00
   3.47950344E-01   -4.12493640E+00
   3.56722493E-01   -4.03711404E+00
   3.65715795E-01   -3.93741475E+00
   3.74935828E-01   -3.82566154E+00
   3.84388306E-01   -3.70178131E+00
   3.94079089E-01   -3.56581891E+00
   4.04014186E-01   -3.41795073E+00
   4.14199756E-01   -3.25849707E+00
   4.24642114E-01   -3.08793296E+00
   4.35347733E-01   -2.90689647E+00
   4.46323251E-01   -2.71619405E+00
   4.57575471E-01   -2.51680203E+00
   4.69111370E-01   -2.30986363E+00
   4.80938100E-01   -2.09668087E+00
   4.93062993E-01   -1.87870090E+00
   5.05493566E-01   -1.65749647E+00
   5.18237525E-01   -1.43474034E+00
   5.31302770E-01   -1.21217417E+00
   5.44697403E-01   -9.91572080E-01
   5.58429726E-01   -7.74700216E-01
   5.72508255E-01   -5.63273421E-01
   5.86941715E-01   -3.58910832E-01
   6.01739057E-01   -1.63092404E-01
   6.16909453E-01    2.28813374E-02
   6.32462309E-01    1.97923918E-01
   6.48407267E-01    3.61189436E-01
   6.64754212E-01    5.12088663E-01
   6.81513278E-01    6.50292613E-01
   6.98694856E-01    7.75721803E-01
   7.16309598E-01    8.88519875E-01
   7.34368423E-01    9.89010706E-01
   7.52882528E-01    1.07763864E+00
   7.71863390E-01    1.15489207E+00
   7.91322778E-01    1.22121129E+00
   8.11272754E-01    1.27688250E+00
   8.31725688E-01    1.32192162E+00
   8.52694259E-01    1.35595402E+00
   8.74191468E-01    1.37810093E+00
   8.96230640E-01    1.38688980E+00
   9.18825441E-01    1.38021551E+00
   9.41989877E-01    1.35539139E+00
   9.65738310E-01    1.30934213E+00
   9.90085463E-01    1.23899918E+00
   1.01504643E+00    1.14195535E+00
   1.04063669E+00    1.01740343E+00
   1.06687210E+00    8.67306612E-01
   1.09376893E+00    6.97611320E-01
   1.12134385E+00    5.19117302E-01
   1.14961396E+00    3.47401917E-01
   1.17859679E+00    2.01032279E-01
   1.20831030E+00    9.72854001E-02
   1.23877292E+00    4.47586000E-02
   1.27000352E+00    3.24248620E-02
   1.30202148E+00    2.82690608E-02
   1.33484664E+00    2.33796905E-02
   1.36849936E+00    1.80997329E-02
   1.40300049E+00    1.27791725E-02
   1.43837142E+00    7.75511433E-03
   1.47463409E+00    3.33037790E-03
   1.51181098E+00   -2.48720015E-04
   1.54992513E+00   -2.81425727E-03
   1.58900017E+00   -4.29653339E-03
   1.62906033E+00   -4.73917236E-03
   1.67013044E+00   -4.30566995E-03
   1.71223597E+00   -3.27196100E-03
   1.75540301E+00   -1.99762920E-03
   1.79965834E+00   -8.66011013E-04
   1.84502939E+00   -1.80490268E-04
   1.89154428E+00   -7.95483361E-07
   1.93923185E+00    0.00000000E+00
   1.98812168E+00    0.00000000E+00
   2.03824406E+00    0.00000000E+00
   2.08963007E+00    0.00000000E+00
   2.14231157E+00    0.00000000E+00
   2.19632122E+00    0.00000000E+00
   2.25169250E+00    0.00000000E+00
   2.30845974E+00    0.00000000E+00
   2.36665814E+00    0.00000000E+00
   2.42632377E+00    0.00000000E+00
   2.48749363E+00    0.00000000E+00
   2.55020564E+00    0.00000000E+00
   2.61449867E+00    0.00000000E+00
   2.68041260E+00    0.00000000E+00
   2.74798827E+00    0.00000000E+00
   2.81726759E+00    0.00000000E+00
   2.88829350E+00    0.00000000E+00
   2.96111004E+00    0.00000000E+00
   3.03576235E+00    0.00000000E+00
   3.11229672E+00    0.00000000E+00
   3.19076059E+00    0.00000000E+00
   3.27120260E+00    0.00000000E+00
   3.35367264E+00    0.00000000E+00
   3.43822182E+00    0.00000000E+00
   3.52490256E+00    0.00000000E+00
   3.61376860E+00    0.00000000E+00
   3.70487504E+00    0.00000000E+00
   3.79827835E+00    0.00000000E+00
   3.89403645E+00    0.00000000E+00
   3.99220870E+00    0.00000000E+00
   4.09285596E+00    0.00000000E+00
   4.19604063E+00    0.00000000E+00
   4.30182668E+00    0.00000000E+00
   4.41027970E+00    0.00000000E+00
   4.52146691E+00    0.00000000E+00
   4.63545726E+00    0.00000000E+00
   4.75232141E+00    0.00000000E+00
   4.87213182E+00    0.00000000E+00
   4.99496275E+00    0.00000000E+00
   5.12089037E+00    0.00000000E+00
   5.24999273E+00    0.00000000E+00
   5.38234989E+00    0.00000000E+00
   5.51804389E+00    0.00000000E+00
   5.65715886E+00    0.00000000E+00
   5.79978105E+00    0.00000000E+00
   5.94599888E+00    0.00000000E+00
   6.09590299E+00    0.00000000E+00
   6.24958632E+00    0.00000000E+00
   6.40714416E+00    0.00000000E+00
   6.56867416E+00    0.00000000E+00
   6.73427650E+00    0.00000000E+00
   6.90405381E+00    0.00000000E+00
   7.07811137E+00    0.00000000E+00
   7.25655709E+00    0.00000000E+00
   7.43950158E+00    0.00000000E+00
   7.62705827E+00    0.00000000E+00
   7.81934344E+00    0.00000000E+00
   8.01647630E+00    0.00000000E+00
   8.21857905E+00    0.00000000E+00
   8.42577700E+00    0.00000000E+00
   8.63819861E+00    0.00000000E+00
   8.85597556E+00    0.00000000E+00
   9.07924287E+00    0.00000000E+00
   9.30813895E+00    0.00000000E+00
   9.54280571E+00    0.00000000E+00
   9.78338864E+00    0.00000000E+00
   1.00300369E+01    0.00000000E+00
   1.02829034E+01    0.00000000E+00
   1.05421448E+01    0.00000000E+00
   1.08079220E+01    0.00000000E+00
   1.10803997E+01    0.00000000E+00
   1.13597468E+01    0.00000000E+00
   1.16461365E+01    0.00000000E+00
   1.19397463E+01    0.00000000E+00
   1.22407583E+01    0.00000000E+00
   1.25493591E+01    0.00000000E+00
   1.28657400E+01    0.00000000E+00
   1.31900972E+01    0.00000000E+00
   1.35226317E+01    0.00000000E+00
   1.38635497E+01    0.00000000E+00
   1.42130626E+01    0.00000000E+00
   1.45713870E+01    0.00000000E+00
   1.49387451E+01    0.00000000E+00
   1.53153646E+01    0.00000000E+00
   1.57014791E+01    0.00000000E+00
   1.60973278E+01    0.00000000E+00
   1.65031563E+01    0.00000000E+00
   1.69192161E+01    0.00000000E+00
   1.73457651E+01    0.00000000E+00
   1.77830678E+01    0.00000000E+00
   1.82313954E+01    0.00000000E+00
   1.86910257E+01    0.00000000E+00
   1.91622436E+01    0.00000000E+00
   1.96453415E+01    0.00000000E+00
   2.01406186E+01    0.00000000E+00
   2.06483822E+01    0.00000000E+00
   2.11689469E+01    0.00000000E+00
   2.17026356E+01    0.00000000E+00
   2.22497791E+01    0.00000000E+00
   2.28107165E+01    0.00000000E+00
   2.33857957E+01    0.00000000E+00
   2.39753732E+01    0.00000000E+00
   2.45798144E+01    0.00000000E+00
   2.51994942E+01    0.00000000E+00
   2.58347967E+01    0.00000000E+00
   2.64861157E+01    0.00000000E+00
   2.71538551E+01    0.00000000E+00
   2.78384288E+01    0.00000000E+00
   2.85402613E+01    0.00000000E+00
   2.92597876E+01    0.00000000E+00
   2.99974538E+01    0.00000000E+00
   3.07537172E+01    0.00000000E+00
   3.15290468E+01    0.00000000E+00
   3.23239231E+01    0.00000000E+00
   3.31388390E+01    0.00000000E+00
   3.39742997E+01    0.00000000E+00
   3.48308231E+01    0.00000000E+00
   3.57089403E+01    0.00000000E+00
   3.66091956E+01    0.00000000E+00
   3.75321471E+01    0.00000000E+00
   3.84783671E+01    0.00000000E+00
   3.94484422E+01    0.00000000E+00
   4.04429738E+01    0.00000000E+00
   4.14625785E+01    0.00000000E+00
   4.25078883E+01    0.00000000E+00
   4.35795513E+01    0.00000000E+00
   4.46782320E+01    0.00000000E+00
   4.58046114E+01    0.00000000E+00
   4.69593879E+01    0.00000000E+00
   4.81432773E+01    0.00000000E+00
   4.93570137E+01    0.00000000E+00
   5.06013496E+01    0.00000000E+00
   5.18770562E+01    0.00000000E+00
   5.31849246E+01    0.00000000E+00
   5.45257656E+01    0.00000000E+00
   5.59004104E+01    0.00000000E+00
   5.73097113E+01    0.00000000E+00
   5.87545419E+01    0.00000000E+00
   6.02357981E+01    0.00000000E+00
   6.17543981E+01    0.00000000E+00
   6.33112834E+01    0.00000000E+00
   6.49074192E+01    0.00000000E+00
   6.65437950E+01    0.00000000E+00
   6.82214255E+01    0.00000000E+00
   6.99413505E+01    0.00000000E+00
   7.17046364E+01    0.00000000E+00
   7.35123764E+01    0.00000000E+00
   7.53656911E+01    0.00000000E+00
   7.72657297E+01    0.00000000E+00
   7.92136699E+01    0.00000000E+00
   8.12107196E+01    0.00000000E+00
   8.32581167E+01    0.00000000E+00
   8.53571305E+01    0.00000000E+00
   8.75090625E+01    0.00000000E+00
   8.97152466E+01    0.00000000E+00
   9.19770507E+01    0.00000000E+00
   9.42958769E+01    0.00000000E+00
   9.66731629E+01    0.00000000E+00
   9.91103824E+01    0.00000000E+00
   1.01609046E+02    0.00000000E+00
   1.04170704E+02    0.00000000E+00
   1.06796944E+02    0.00000000E+00
   1.09489393E+02    0.00000000E+00
   1.12249722E+02    0.00000000E+00
