# 
# Energy units: hartree
# Length units: bohr
#
# -----------------------------------
# |       r       |       w(r)      |
# -----------------------------------
   3.74165729E-05   -2.83473157E+00
   3.83598792E-05   -2.83473157E+00
   3.93269671E-05   -2.83473157E+00
   4.03184362E-05   -2.83473157E+00
   4.13349012E-05   -2.83473157E+00
   4.23769921E-05   -2.83473156E+00
   4.34453551E-05   -2.83473156E+00
   4.45406526E-05   -2.83473156E+00
   4.56635635E-05   -2.83473156E+00
   4.68147840E-05   -2.83473156E+00
   4.79950279E-05   -2.83473156E+00
   4.92050268E-05   -2.83473156E+00
   5.04455309E-05   -2.83473156E+00
   5.17173092E-05   -2.83473156E+00
   5.30211502E-05   -2.83473156E+00
   5.43578623E-05   -2.83473156E+00
   5.57282741E-05   -2.83473155E+00
   5.71332353E-05   -2.83473155E+00
   5.85736168E-05   -2.83473155E+00
   6.00503117E-05   -2.83473155E+00
   6.15642354E-05   -2.83473155E+00
   6.31163265E-05   -2.83473155E+00
   6.47075473E-05   -2.83473155E+00
   6.63388842E-05   -2.83473154E+00
   6.80113486E-05   -2.83473154E+00
   6.97259774E-05   -2.83473154E+00
   7.14838335E-05   -2.83473154E+00
   7.32860069E-05   -2.83473154E+00
   7.51336146E-05   -2.83473154E+00
   7.70278023E-05   -2.83473153E+00
   7.89697442E-05   -2.83473153E+00
   8.09606443E-05   -2.83473153E+00
   8.30017367E-05   -2.83473153E+00
   8.50942870E-05   -2.83473152E+00
   8.72395924E-05   -2.83473152E+00
   8.94389830E-05   -2.83473152E+00
   9.16938222E-05   -2.83473151E+00
   9.40055079E-05   -2.83473151E+00
   9.63754734E-05   -2.83473151E+00
   9.88051880E-05   -2.83473150E+00
   1.01296158E-04   -2.83473150E+00
   1.03849927E-04   -2.83473150E+00
   1.06468080E-04   -2.83473149E+00
   1.09152238E-04   -2.83473149E+00
   1.11904067E-04   -2.83473148E+00
   1.14725271E-04   -2.83473148E+00
   1.17617601E-04   -2.83473147E+00
   1.20582849E-04   -2.83473147E+00
   1.23622854E-04   -2.83473146E+00
   1.26739500E-04   -2.83473146E+00
   1.29934720E-04   -2.83473145E+00
   1.33210494E-04   -2.83473144E+00
   1.36568853E-04   -2.83473144E+00
   1.40011880E-04   -2.83473143E+00
   1.43541708E-04   -2.83473142E+00
   1.47160527E-04   -2.83473141E+00
   1.50870580E-04   -2.83473140E+00
   1.54674166E-04   -2.83473140E+00
   1.58573644E-04   -2.83473139E+00
   1.62571432E-04   -2.83473138E+00
   1.66670008E-04   -2.83473137E+00
   1.70871912E-04   -2.83473135E+00
   1.75179751E-04   -2.83473134E+00
   1.79596194E-04   -2.83473133E+00
   1.84123979E-04   -2.83473132E+00
   1.88765915E-04   -2.83473131E+00
   1.93524877E-04   -2.83473129E+00
   1.98403818E-04   -2.83473128E+00
   2.03405761E-04   -2.83473126E+00
   2.08533808E-04   -2.83473125E+00
   2.13791137E-04   -2.83473123E+00
   2.19181009E-04   -2.83473121E+00
   2.24706764E-04   -2.83473119E+00
   2.30371829E-04   -2.83473117E+00
   2.36179715E-04   -2.83473115E+00
   2.42134023E-04   -2.83473113E+00
   2.48238445E-04   -2.83473111E+00
   2.54496765E-04   -2.83473108E+00
   2.60912863E-04   -2.83473106E+00
   2.67490717E-04   -2.83473103E+00
   2.74234404E-04   -2.83473100E+00
   2.81148107E-04   -2.83473097E+00
   2.88236109E-04   -2.83473094E+00
   2.95502807E-04   -2.83473091E+00
   3.02952706E-04   -2.83473088E+00
   3.10590423E-04   -2.83473084E+00
   3.18420693E-04   -2.83473080E+00
   3.26448373E-04   -2.83473076E+00
   3.34678437E-04   -2.83473072E+00
   3.43115989E-04   -2.83473068E+00
   3.51766259E-04   -2.83473063E+00
   3.60634611E-04   -2.83473058E+00
   3.69726542E-04   -2.83473053E+00
   3.79047689E-04   -2.83473048E+00
   3.88603830E-04   -2.83473042E+00
   3.98400891E-04   -2.83473036E+00
   4.08444945E-04   -2.83473030E+00
   4.18742218E-04   -2.83473024E+00
   4.29299096E-04   -2.83473017E+00
   4.40122121E-04   -2.83473010E+00
   4.51218006E-04   -2.83473002E+00
   4.62593628E-04   -2.83472994E+00
   4.74256039E-04   -2.83472986E+00
   4.86212471E-04   -2.83472977E+00
   4.98470336E-04   -2.83472968E+00
   5.11037233E-04   -2.83472958E+00
   5.23920952E-04   -2.83472948E+00
   5.37129482E-04   -2.83472937E+00
   5.50671012E-04   -2.83472926E+00
   5.64553935E-04   -2.83472914E+00
   5.78786861E-04   -2.83472901E+00
   5.93378611E-04   -2.83472888E+00
   6.08338233E-04   -2.83472874E+00
   6.23675000E-04   -2.83472860E+00
   6.39398422E-04   -2.83472845E+00
   6.55518245E-04   -2.83472829E+00
   6.72044464E-04   -2.83472812E+00
   6.88987325E-04   -2.83472794E+00
   7.06357330E-04   -2.83472776E+00
   7.24165250E-04   -2.83472756E+00
   7.42422123E-04   -2.83472736E+00
   7.61139269E-04   -2.83472714E+00
   7.80328292E-04   -2.83472692E+00
   8.00001087E-04   -2.83472668E+00
   8.20169852E-04   -2.83472643E+00
   8.40847090E-04   -2.83472616E+00
   8.62045620E-04   -2.83472589E+00
   8.83778585E-04   -2.83472560E+00
   9.06059458E-04   -2.83472529E+00
   9.28902052E-04   -2.83472497E+00
   9.52320529E-04   -2.83472463E+00
   9.76329407E-04   -2.83472428E+00
   1.00094357E-03   -2.83472391E+00
   1.02617828E-03   -2.83472351E+00
   1.05204918E-03   -2.83472310E+00
   1.07857231E-03   -2.83472267E+00
   1.10576411E-03   -2.83472222E+00
   1.13364145E-03   -2.83472174E+00
   1.16222159E-03   -2.83472123E+00
   1.19152227E-03   -2.83472071E+00
   1.22156164E-03   -2.83472015E+00
   1.25235834E-03   -2.83471957E+00
   1.28393145E-03   -2.83471895E+00
   1.31630054E-03   -2.83471831E+00
   1.34948569E-03   -2.83471763E+00
   1.38350747E-03   -2.83471692E+00
   1.41838697E-03   -2.83471617E+00
   1.45414581E-03   -2.83471539E+00
   1.49080617E-03   -2.83471456E+00
   1.52839077E-03   -2.83471369E+00
   1.56692291E-03   -2.83471278E+00
   1.60642648E-03   -2.83471182E+00
   1.64692597E-03   -2.83471081E+00
   1.68844649E-03   -2.83470975E+00
   1.73101378E-03   -2.83470863E+00
   1.77465424E-03   -2.83470746E+00
   1.81939491E-03   -2.83470623E+00
   1.86526353E-03   -2.83470493E+00
   1.91228854E-03   -2.83470357E+00
   1.96049910E-03   -2.83470214E+00
   2.00992509E-03   -2.83470064E+00
   2.06059715E-03   -2.83469906E+00
   2.11254670E-03   -2.83469740E+00
   2.16580595E-03   -2.83469565E+00
   2.22040792E-03   -2.83469382E+00
   2.27638645E-03   -2.83469189E+00
   2.33377625E-03   -2.83468987E+00
   2.39261290E-03   -2.83468774E+00
   2.45293288E-03   -2.83468550E+00
   2.51477357E-03   -2.83468314E+00
   2.57817333E-03   -2.83468067E+00
   2.64317146E-03   -2.83467807E+00
   2.70980825E-03   -2.83467534E+00
   2.77812501E-03   -2.83467247E+00
   2.84816411E-03   -2.83466945E+00
   2.91996895E-03   -2.83466628E+00
   2.99358406E-03   -2.83466294E+00
   3.06905507E-03   -2.83465944E+00
   3.14642878E-03   -2.83465575E+00
   3.22575315E-03   -2.83465188E+00
   3.30707736E-03   -2.83464781E+00
   3.39045183E-03   -2.83464353E+00
   3.47592824E-03   -2.83463903E+00
   3.56355960E-03   -2.83463431E+00
   3.65340022E-03   -2.83462934E+00
   3.74550581E-03   -2.83462412E+00
   3.83993346E-03   -2.83461863E+00
   3.93674172E-03   -2.83461286E+00
   4.03599061E-03   -2.83460680E+00
   4.13774165E-03   -2.83460043E+00
   4.24205793E-03   -2.83459373E+00
   4.34900412E-03   -2.83458669E+00
   4.45864653E-03   -2.83457928E+00
   4.57105312E-03   -2.83457151E+00
   4.68629358E-03   -2.83456333E+00
   4.80443936E-03   -2.83455473E+00
   4.92556370E-03   -2.83454570E+00
   5.04974170E-03   -2.83453621E+00
   5.17705035E-03   -2.83452623E+00
   5.30756856E-03   -2.83451574E+00
   5.44137725E-03   -2.83450471E+00
   5.57855939E-03   -2.83449312E+00
   5.71920001E-03   -2.83448093E+00
   5.86338632E-03   -2.83446813E+00
   6.01120769E-03   -2.83445467E+00
   6.16275578E-03   -2.83444052E+00
   6.31812453E-03   -2.83442565E+00
   6.47741028E-03   -2.83441001E+00
   6.64071176E-03   -2.83439358E+00
   6.80813022E-03   -2.83437631E+00
   6.97976946E-03   -2.83435815E+00
   7.15573588E-03   -2.83433907E+00
   7.33613858E-03   -2.83431900E+00
   7.52108940E-03   -2.83429791E+00
   7.71070299E-03   -2.83427575E+00
   7.90509692E-03   -2.83425244E+00
   8.10439170E-03   -2.83422795E+00
   8.30871089E-03   -2.83420220E+00
   8.51818115E-03   -2.83417513E+00
   8.73293235E-03   -2.83414668E+00
   8.95309762E-03   -2.83411677E+00
   9.17881346E-03   -2.83408532E+00
   9.41021981E-03   -2.83405227E+00
   9.64746013E-03   -2.83401752E+00
   9.89068149E-03   -2.83398099E+00
   1.01400347E-02   -2.83394259E+00
   1.03956743E-02   -2.83390222E+00
   1.06577588E-02   -2.83385978E+00
   1.09264508E-02   -2.83381517E+00
   1.12019167E-02   -2.83376826E+00
   1.14843273E-02   -2.83371895E+00
   1.17738578E-02   -2.83366710E+00
   1.20706876E-02   -2.83361260E+00
   1.23750007E-02   -2.83355529E+00
   1.26869859E-02   -2.83349504E+00
   1.30068365E-02   -2.83343170E+00
   1.33347509E-02   -2.83336510E+00
   1.36709322E-02   -2.83329507E+00
   1.40155890E-02   -2.83322144E+00
   1.43689349E-02   -2.83314403E+00
   1.47311890E-02   -2.83306262E+00
   1.51025759E-02   -2.83297703E+00
   1.54833258E-02   -2.83288702E+00
   1.58736747E-02   -2.83279237E+00
   1.62738646E-02   -2.83269285E+00
   1.66841438E-02   -2.83258818E+00
   1.71047664E-02   -2.83247812E+00
   1.75359933E-02   -2.83236237E+00
   1.79780919E-02   -2.83224063E+00
   1.84313362E-02   -2.83211260E+00
   1.88960071E-02   -2.83197795E+00
   1.93723929E-02   -2.83183632E+00
   1.98607888E-02   -2.83168735E+00
   2.03614976E-02   -2.83153066E+00
   2.08748297E-02   -2.83136583E+00
   2.14011034E-02   -2.83119244E+00
   2.19406449E-02   -2.83101004E+00
   2.24937888E-02   -2.83081815E+00
   2.30608780E-02   -2.83061627E+00
   2.36422640E-02   -2.83040386E+00
   2.42383072E-02   -2.83018036E+00
   2.48493773E-02   -2.82994520E+00
   2.54758530E-02   -2.82969773E+00
   2.61181227E-02   -2.82943730E+00
   2.67765847E-02   -2.82916323E+00
   2.74516471E-02   -2.82887477E+00
   2.81437284E-02   -2.82857114E+00
   2.88532577E-02   -2.82825154E+00
   2.95806749E-02   -2.82791509E+00
   3.03264310E-02   -2.82756088E+00
   3.10909883E-02   -2.82718794E+00
   3.18748208E-02   -2.82679525E+00
   3.26784144E-02   -2.82638172E+00
   3.35022673E-02   -2.82594622E+00
   3.43468904E-02   -2.82548753E+00
   3.52128071E-02   -2.82500436E+00
   3.61005545E-02   -2.82449536E+00
   3.70106827E-02   -2.82395909E+00
   3.79437561E-02   -2.82339403E+00
   3.89003532E-02   -2.82279855E+00
   3.98810670E-02   -2.82217095E+00
   4.08865054E-02   -2.82150941E+00
   4.19172919E-02   -2.82081199E+00
   4.29740655E-02   -2.82007665E+00
   4.40574813E-02   -2.81930121E+00
   4.51682110E-02   -2.81848337E+00
   4.63069432E-02   -2.81762068E+00
   4.74743840E-02   -2.81671052E+00
   4.86712569E-02   -2.81575012E+00
   4.98983042E-02   -2.81473652E+00
   5.11562864E-02   -2.81366660E+00
   5.24459836E-02   -2.81253700E+00
   5.37681951E-02   -2.81134416E+00
   5.51237409E-02   -2.81008429E+00
   5.65134612E-02   -2.80875334E+00
   5.79382177E-02   -2.80734700E+00
   5.93988935E-02   -2.80586066E+00
   6.08963944E-02   -2.80428941E+00
   6.24316486E-02   -2.80262801E+00
   6.40056080E-02   -2.80087084E+00
   6.56192484E-02   -2.79901192E+00
   6.72735702E-02   -2.79704486E+00
   6.89695989E-02   -2.79496279E+00
   7.07083860E-02   -2.79275839E+00
   7.24910096E-02   -2.79042383E+00
   7.43185748E-02   -2.78795069E+00
   7.61922146E-02   -2.78533000E+00
   7.81130905E-02   -2.78255211E+00
   8.00823935E-02   -2.77960669E+00
   8.21013445E-02   -2.77648267E+00
   8.41711951E-02   -2.77316817E+00
   8.62932285E-02   -2.76965045E+00
   8.84687603E-02   -2.76591583E+00
   9.06991393E-02   -2.76194965E+00
   9.29857482E-02   -2.75773615E+00
   9.53300046E-02   -2.75325842E+00
   9.77333619E-02   -2.74849828E+00
   1.00197310E-01   -2.74343625E+00
   1.02723377E-01   -2.73805137E+00
   1.05313128E-01   -2.73232114E+00
   1.07968169E-01   -2.72622140E+00
   1.10690146E-01   -2.71972619E+00
   1.13480746E-01   -2.71280764E+00
   1.16341700E-01   -2.70543584E+00
   1.19274782E-01   -2.69757865E+00
   1.22281809E-01   -2.68920161E+00
   1.25364646E-01   -2.68026773E+00
   1.28525205E-01   -2.67073735E+00
   1.31765443E-01   -2.66056795E+00
   1.35087372E-01   -2.64971398E+00
   1.38493049E-01   -2.63812666E+00
   1.41984586E-01   -2.62575383E+00
   1.45564149E-01   -2.61253968E+00
   1.49233955E-01   -2.59842464E+00
   1.52996281E-01   -2.58334510E+00
   1.56853458E-01   -2.56723331E+00
   1.60807878E-01   -2.55001712E+00
   1.64861993E-01   -2.53161982E+00
   1.69018316E-01   -2.51196002E+00
   1.73279423E-01   -2.49095145E+00
   1.77647957E-01   -2.46850290E+00
   1.82126626E-01   -2.44451810E+00
   1.86718206E-01   -2.41889568E+00
   1.91425544E-01   -2.39152920E+00
   1.96251559E-01   -2.36230718E+00
   2.01199241E-01   -2.33111330E+00
   2.06271660E-01   -2.29782654E+00
   2.11471958E-01   -2.26232157E+00
   2.16803361E-01   -2.22446916E+00
   2.22269174E-01   -2.18413673E+00
   2.27872785E-01   -2.14118905E+00
   2.33617667E-01   -2.09548917E+00
   2.39507384E-01   -2.04689941E+00
   2.45545586E-01   -1.99528266E+00
   2.51736017E-01   -1.94050384E+00
   2.58082514E-01   -1.88243163E+00
   2.64589012E-01   -1.82094043E+00
   2.71259545E-01   -1.75591258E+00
   2.78098248E-01   -1.68724091E+00
   2.85109361E-01   -1.61483145E+00
   2.92297231E-01   -1.53860651E+00
   2.99666313E-01   -1.45850800E+00
   3.07221177E-01   -1.37450090E+00
   3.14966506E-01   -1.28657699E+00
   3.22907102E-01   -1.19475870E+00
   3.31047888E-01   -1.09910297E+00
   3.39393910E-01   -9.99705155E-01
   3.47950344E-01   -8.96702681E-01
   3.56722493E-01   -7.90278513E-01
   3.65715795E-01   -6.80664121E-01
   3.74935828E-01   -5.68141861E-01
   3.84388306E-01   -4.53046536E-01
   3.94079089E-01   -3.35765950E-01
   4.04014186E-01   -2.16740239E-01
   4.14199756E-01   -9.64597723E-02
   4.24642114E-01    2.45385662E-02
   4.35347733E-01    1.45676879E-01
   4.46323251E-01    2.66343656E-01
   4.57575471E-01    3.85903138E-01
   4.69111370E-01    5.03706602E-01
   4.80938100E-01    6.19105468E-01
   4.93062993E-01    7.31465975E-01
   5.05493566E-01    8.40185069E-01
   5.18237525E-01    9.44707000E-01
   5.31302770E-01    1.04453999E+00
   5.44697403E-01    1.13927222E+00
   5.58429726E-01    1.22858612E+00
   5.72508255E-01    1.31227018E+00
   5.86941715E-01    1.39022685E+00
   6.01739057E-01    1.46247561E+00
   6.16909453E-01    1.52914989E+00
   6.32462309E-01    1.59048639E+00
   6.48407267E-01    1.64680571E+00
   6.64754212E-01    1.69848275E+00
   6.81513278E-01    1.74590534E+00
   6.98694856E-01    1.78941990E+00
   7.16309598E-01    1.82926236E+00
   7.34368423E-01    1.86547334E+00
   7.52882528E-01    1.89779705E+00
   7.71863390E-01    1.92556478E+00
   7.91322778E-01    1.94756701E+00
   8.11272754E-01    1.96192270E+00
   8.31725688E-01    1.96596273E+00
   8.52694259E-01    1.95615611E+00
   8.74191468E-01    1.92812342E+00
   8.96230640E-01    1.87680097E+00
   9.18825441E-01    1.79683613E+00
   9.41989877E-01    1.68330075E+00
   9.65738310E-01    1.53278837E+00
   9.90085463E-01    1.34489063E+00
   1.01504643E+00    1.12390405E+00
   1.04063669E+00    8.80391377E-01
   1.06687210E+00    6.31937037E-01
   1.09376893E+00    4.02177114E-01
   1.12134385E+00    2.17085172E-01
   1.14961396E+00    9.76694324E-02
   1.17859679E+00    4.86296857E-02
   1.20831030E+00    4.31033732E-02
   1.23877292E+00    4.07835225E-02
   1.27000352E+00    3.69614139E-02
   1.30202148E+00    3.19872890E-02
   1.33484664E+00    2.62499458E-02
   1.36849936E+00    2.01564405E-02
   1.40300049E+00    1.41099312E-02
   1.43837142E+00    8.48631189E-03
   1.47463409E+00    3.61044230E-03
   1.51181098E+00   -2.67017840E-04
   1.54992513E+00   -2.99075827E-03
   1.58900017E+00   -4.51801353E-03
   1.62906033E+00   -4.92907914E-03
   1.67013044E+00   -4.42749578E-03
   1.71223597E+00   -3.32504627E-03
   1.75540301E+00   -2.00535946E-03
   1.79965834E+00   -8.58423529E-04
   1.84502939E+00   -1.76580646E-04
   1.89154428E+00   -7.67783580E-07
   1.93923185E+00    0.00000000E+00
   1.98812168E+00    0.00000000E+00
   2.03824406E+00    0.00000000E+00
   2.08963007E+00    0.00000000E+00
   2.14231157E+00    0.00000000E+00
   2.19632122E+00    0.00000000E+00
   2.25169250E+00    0.00000000E+00
   2.30845974E+00    0.00000000E+00
   2.36665814E+00    0.00000000E+00
   2.42632377E+00    0.00000000E+00
   2.48749363E+00    0.00000000E+00
   2.55020564E+00    0.00000000E+00
   2.61449867E+00    0.00000000E+00
   2.68041260E+00    0.00000000E+00
   2.74798827E+00    0.00000000E+00
   2.81726759E+00    0.00000000E+00
   2.88829350E+00    0.00000000E+00
   2.96111004E+00    0.00000000E+00
   3.03576235E+00    0.00000000E+00
   3.11229672E+00    0.00000000E+00
   3.19076059E+00    0.00000000E+00
   3.27120260E+00    0.00000000E+00
   3.35367264E+00    0.00000000E+00
   3.43822182E+00    0.00000000E+00
   3.52490256E+00    0.00000000E+00
   3.61376860E+00    0.00000000E+00
   3.70487504E+00    0.00000000E+00
   3.79827835E+00    0.00000000E+00
   3.89403645E+00    0.00000000E+00
   3.99220870E+00    0.00000000E+00
   4.09285596E+00    0.00000000E+00
   4.19604063E+00    0.00000000E+00
   4.30182668E+00    0.00000000E+00
   4.41027970E+00    0.00000000E+00
   4.52146691E+00    0.00000000E+00
   4.63545726E+00    0.00000000E+00
   4.75232141E+00    0.00000000E+00
   4.87213182E+00    0.00000000E+00
   4.99496275E+00    0.00000000E+00
   5.12089037E+00    0.00000000E+00
   5.24999273E+00    0.00000000E+00
   5.38234989E+00    0.00000000E+00
   5.51804389E+00    0.00000000E+00
   5.65715886E+00    0.00000000E+00
   5.79978105E+00    0.00000000E+00
   5.94599888E+00    0.00000000E+00
   6.09590299E+00    0.00000000E+00
   6.24958632E+00    0.00000000E+00
   6.40714416E+00    0.00000000E+00
   6.56867416E+00    0.00000000E+00
   6.73427650E+00    0.00000000E+00
   6.90405381E+00    0.00000000E+00
   7.07811137E+00    0.00000000E+00
   7.25655709E+00    0.00000000E+00
   7.43950158E+00    0.00000000E+00
   7.62705827E+00    0.00000000E+00
   7.81934344E+00    0.00000000E+00
   8.01647630E+00    0.00000000E+00
   8.21857905E+00    0.00000000E+00
   8.42577700E+00    0.00000000E+00
   8.63819861E+00    0.00000000E+00
   8.85597556E+00    0.00000000E+00
   9.07924287E+00    0.00000000E+00
   9.30813895E+00    0.00000000E+00
   9.54280571E+00    0.00000000E+00
   9.78338864E+00    0.00000000E+00
   1.00300369E+01    0.00000000E+00
   1.02829034E+01    0.00000000E+00
   1.05421448E+01    0.00000000E+00
   1.08079220E+01    0.00000000E+00
   1.10803997E+01    0.00000000E+00
   1.13597468E+01    0.00000000E+00
   1.16461365E+01    0.00000000E+00
   1.19397463E+01    0.00000000E+00
   1.22407583E+01    0.00000000E+00
   1.25493591E+01    0.00000000E+00
   1.28657400E+01    0.00000000E+00
   1.31900972E+01    0.00000000E+00
   1.35226317E+01    0.00000000E+00
   1.38635497E+01    0.00000000E+00
   1.42130626E+01    0.00000000E+00
   1.45713870E+01    0.00000000E+00
   1.49387451E+01    0.00000000E+00
   1.53153646E+01    0.00000000E+00
   1.57014791E+01    0.00000000E+00
   1.60973278E+01    0.00000000E+00
   1.65031563E+01    0.00000000E+00
   1.69192161E+01    0.00000000E+00
   1.73457651E+01    0.00000000E+00
   1.77830678E+01    0.00000000E+00
   1.82313954E+01    0.00000000E+00
   1.86910257E+01    0.00000000E+00
   1.91622436E+01    0.00000000E+00
   1.96453415E+01    0.00000000E+00
   2.01406186E+01    0.00000000E+00
   2.06483822E+01    0.00000000E+00
   2.11689469E+01    0.00000000E+00
   2.17026356E+01    0.00000000E+00
   2.22497791E+01    0.00000000E+00
   2.28107165E+01    0.00000000E+00
   2.33857957E+01    0.00000000E+00
   2.39753732E+01    0.00000000E+00
   2.45798144E+01    0.00000000E+00
   2.51994942E+01    0.00000000E+00
   2.58347967E+01    0.00000000E+00
   2.64861157E+01    0.00000000E+00
   2.71538551E+01    0.00000000E+00
   2.78384288E+01    0.00000000E+00
   2.85402613E+01    0.00000000E+00
   2.92597876E+01    0.00000000E+00
   2.99974538E+01    0.00000000E+00
   3.07537172E+01    0.00000000E+00
   3.15290468E+01    0.00000000E+00
   3.23239231E+01    0.00000000E+00
   3.31388390E+01    0.00000000E+00
   3.39742997E+01    0.00000000E+00
   3.48308231E+01    0.00000000E+00
   3.57089403E+01    0.00000000E+00
   3.66091956E+01    0.00000000E+00
   3.75321471E+01    0.00000000E+00
   3.84783671E+01    0.00000000E+00
   3.94484422E+01    0.00000000E+00
   4.04429738E+01    0.00000000E+00
   4.14625785E+01    0.00000000E+00
   4.25078883E+01    0.00000000E+00
   4.35795513E+01    0.00000000E+00
   4.46782320E+01    0.00000000E+00
   4.58046114E+01    0.00000000E+00
   4.69593879E+01    0.00000000E+00
   4.81432773E+01    0.00000000E+00
   4.93570137E+01    0.00000000E+00
   5.06013496E+01    0.00000000E+00
   5.18770562E+01    0.00000000E+00
   5.31849246E+01    0.00000000E+00
   5.45257656E+01    0.00000000E+00
   5.59004104E+01    0.00000000E+00
   5.73097113E+01    0.00000000E+00
   5.87545419E+01    0.00000000E+00
   6.02357981E+01    0.00000000E+00
   6.17543981E+01    0.00000000E+00
   6.33112834E+01    0.00000000E+00
   6.49074192E+01    0.00000000E+00
   6.65437950E+01    0.00000000E+00
   6.82214255E+01    0.00000000E+00
   6.99413505E+01    0.00000000E+00
   7.17046364E+01    0.00000000E+00
   7.35123764E+01    0.00000000E+00
   7.53656911E+01    0.00000000E+00
   7.72657297E+01    0.00000000E+00
   7.92136699E+01    0.00000000E+00
   8.12107196E+01    0.00000000E+00
   8.32581167E+01    0.00000000E+00
   8.53571305E+01    0.00000000E+00
   8.75090625E+01    0.00000000E+00
   8.97152466E+01    0.00000000E+00
   9.19770507E+01    0.00000000E+00
   9.42958769E+01    0.00000000E+00
   9.66731629E+01    0.00000000E+00
   9.91103824E+01    0.00000000E+00
   1.01609046E+02    0.00000000E+00
   1.04170704E+02    0.00000000E+00
   1.06796944E+02    0.00000000E+00
   1.09489393E+02    0.00000000E+00
   1.12249722E+02    0.00000000E+00
