#
# Radial density.
# Length units: bohr
#
# -----------------------------------------------------------------------
# |       r       |      n(r)       |    grad_n(r)    |    lapl_n(r)    |
# -----------------------------------------------------------------------
   3.74165729E-05    1.90014851E+03   -5.48674719E+05   -1.81594467E+10
   3.83598792E-05    1.89964097E+03   -5.38167219E+05   -1.69741612E+10
   3.93269671E-05    1.89912458E+03   -5.27554169E+05   -1.59927386E+10
   4.03184362E-05    1.89860347E+03   -5.17008132E+05   -1.52411626E+10
   4.13349012E-05    1.89808161E+03   -5.06695255E+05   -1.46208894E+10
   4.23769921E-05    1.89755919E+03   -4.96625298E+05   -1.39936092E+10
   4.34453551E-05    1.89703489E+03   -4.86744620E+05   -1.33416543E+10
   4.45406526E-05    1.89650750E+03   -4.77005119E+05   -1.26995630E+10
   4.56635635E-05    1.89597714E+03   -4.67411714E+05   -1.21039912E+10
   4.68147840E-05    1.89544425E+03   -4.57982931E+05   -1.15519594E+10
   4.79950279E-05    1.89490913E+03   -4.48731676E+05   -1.10318651E+10
   4.92050268E-05    1.89437176E+03   -4.39656489E+05   -1.05331014E+10
   5.04455309E-05    1.89383201E+03   -4.30751707E+05   -1.00546707E+10
   5.17173092E-05    1.89328979E+03   -4.22013729E+05   -9.59925515E+09
   5.30211502E-05    1.89274517E+03   -4.13443814E+05   -9.16750065E+09
   5.43578623E-05    1.89219815E+03   -4.05042001E+05   -8.75694603E+09
   5.57282741E-05    1.89164875E+03   -3.96807853E+05   -8.36683013E+09
   5.71332353E-05    1.89109697E+03   -3.88740610E+05   -7.99518400E+09
   5.85736168E-05    1.89054278E+03   -3.80837620E+05   -7.64053427E+09
   6.00503117E-05    1.88998615E+03   -3.73097095E+05   -7.30332566E+09
   6.15642354E-05    1.88942709E+03   -3.65518262E+05   -6.98229226E+09
   6.31163265E-05    1.88886558E+03   -3.58098564E+05   -6.67596955E+09
   6.47075473E-05    1.88830158E+03   -3.50836077E+05   -6.38463046E+09
   6.63388842E-05    1.88773509E+03   -3.43729624E+05   -6.10705968E+09
   6.80113486E-05    1.88716608E+03   -3.36776221E+05   -5.84191540E+09
   6.97259774E-05    1.88659450E+03   -3.29973483E+05   -5.58959644E+09
   7.14838335E-05    1.88602035E+03   -3.23320152E+05   -5.34923432E+09
   7.32860069E-05    1.88544359E+03   -3.16813238E+05   -5.11944994E+09
   7.51336146E-05    1.88486416E+03   -3.10449961E+05   -4.90060343E+09
   7.70278023E-05    1.88428205E+03   -3.04229025E+05   -4.69219986E+09
   7.89697442E-05    1.88369721E+03   -2.98147573E+05   -4.49279926E+09
   8.09606443E-05    1.88310958E+03   -2.92202384E+05   -4.30265853E+09
   8.30017367E-05    1.88251915E+03   -2.86392133E+05   -4.12169796E+09
   8.50942870E-05    1.88192585E+03   -2.80714291E+05   -3.94848350E+09
   8.72395924E-05    1.88132963E+03   -2.75165317E+05   -3.78304774E+09
   8.94389830E-05    1.88073044E+03   -2.69743693E+05   -3.62563863E+09
   9.16938222E-05    1.88012824E+03   -2.64447324E+05   -3.47504321E+09
   9.40055079E-05    1.87952294E+03   -2.59272668E+05   -3.33094103E+09
   9.63754734E-05    1.87891451E+03   -2.54217687E+05   -3.19373118E+09
   9.88051880E-05    1.87830288E+03   -2.49280765E+05   -3.06268264E+09
   1.01296158E-04    1.87768799E+03   -2.44458750E+05   -2.93706556E+09
   1.03849927E-04    1.87706975E+03   -2.39748850E+05   -2.81722513E+09
   1.06468080E-04    1.87644812E+03   -2.35149789E+05   -2.70301320E+09
   1.09152238E-04    1.87582303E+03   -2.30659084E+05   -2.59346377E+09
   1.11904067E-04    1.87519437E+03   -2.26273399E+05   -2.48866070E+09
   1.14725271E-04    1.87456208E+03   -2.21991312E+05   -2.38885691E+09
   1.17617601E-04    1.87392612E+03   -2.17811053E+05   -2.29329701E+09
   1.20582849E-04    1.87328635E+03   -2.13729518E+05   -2.20162193E+09
   1.23622854E-04    1.87264271E+03   -2.09744419E+05   -2.11414759E+09
   1.26739500E-04    1.87199512E+03   -2.05854575E+05   -2.03067789E+09
   1.29934720E-04    1.87134350E+03   -2.02057660E+05   -1.95050847E+09
   1.33210494E-04    1.87068771E+03   -1.98350624E+05   -1.87373091E+09
   1.36568853E-04    1.87002770E+03   -1.94732205E+05   -1.80056302E+09
   1.40011880E-04    1.86936337E+03   -1.91200897E+05   -1.73047484E+09
   1.43541708E-04    1.86869460E+03   -1.87754000E+05   -1.66312608E+09
   1.47160527E-04    1.86802128E+03   -1.84389193E+05   -1.59875125E+09
   1.50870580E-04    1.86734332E+03   -1.81105524E+05   -1.53733399E+09
   1.54674166E-04    1.86666063E+03   -1.77901191E+05   -1.47832947E+09
   1.58573644E-04    1.86597305E+03   -1.74773431E+05   -1.42166920E+09
   1.62571432E-04    1.86528048E+03   -1.71720705E+05   -1.36758019E+09
   1.66670008E-04    1.86458283E+03   -1.68742009E+05   -1.31585902E+09
   1.70871912E-04    1.86387996E+03   -1.65835374E+05   -1.26608903E+09
   1.75179751E-04    1.86317172E+03   -1.62998237E+05   -1.21833551E+09
   1.79596194E-04    1.86245800E+03   -1.60229572E+05   -1.17276368E+09
   1.84123979E-04    1.86173869E+03   -1.57528287E+05   -1.12909182E+09
   1.88765915E-04    1.86101363E+03   -1.54892360E+05   -1.08703315E+09
   1.93524877E-04    1.86028266E+03   -1.52319541E+05   -1.04669912E+09
   1.98403818E-04    1.85954566E+03   -1.49809059E+05   -1.00819171E+09
   2.03405761E-04    1.85880251E+03   -1.47359803E+05   -9.71232838E+08
   2.08533808E-04    1.85805304E+03   -1.44969801E+05   -9.35618710E+08
   2.13791137E-04    1.85729704E+03   -1.42637076E+05   -9.01465767E+08
   2.19181009E-04    1.85653442E+03   -1.40360983E+05   -8.68837977E+08
   2.24706764E-04    1.85576502E+03   -1.38140466E+05   -8.37494190E+08
   2.30371829E-04    1.85498865E+03   -1.35973683E+05   -8.07271792E+08
   2.36179715E-04    1.85420510E+03   -1.33858820E+05   -7.78273789E+08
   2.42134023E-04    1.85341424E+03   -1.31795311E+05   -7.50553989E+08
   2.48238445E-04    1.85261592E+03   -1.29782214E+05   -7.23916284E+08
   2.54496765E-04    1.85180991E+03   -1.27817873E+05   -6.98213220E+08
   2.60912863E-04    1.85099600E+03   -1.25900539E+05   -6.73523197E+08
   2.67490717E-04    1.85017403E+03   -1.24029683E+05   -6.49908983E+08
   2.74234404E-04    1.84934383E+03   -1.22204519E+05   -6.27220276E+08
   2.81148107E-04    1.84850517E+03   -1.20423626E+05   -6.05315135E+08
   2.88236109E-04    1.84765780E+03   -1.18685276E+05   -5.84236291E+08
   2.95502807E-04    1.84680154E+03   -1.16988893E+05   -5.64061696E+08
   3.02952706E-04    1.84593621E+03   -1.15333877E+05   -5.44687854E+08
   3.10590423E-04    1.84506156E+03   -1.13719068E+05   -5.25983787E+08
   3.18420693E-04    1.84417732E+03   -1.12142825E+05   -5.07945372E+08
   3.26448373E-04    1.84328327E+03   -1.10604372E+05   -4.90655716E+08
   3.34678437E-04    1.84237921E+03   -1.09103295E+05   -4.74065280E+08
   3.43115989E-04    1.84146490E+03   -1.07638710E+05   -4.58063073E+08
   3.51766259E-04    1.84054004E+03   -1.06209198E+05   -4.42597655E+08
   3.60634611E-04    1.83960435E+03   -1.04813656E+05   -4.27734965E+08
   3.69726542E-04    1.83865762E+03   -1.03451783E+05   -4.13483400E+08
   3.79047689E-04    1.83769959E+03   -1.02122962E+05   -3.99757163E+08
   3.88603830E-04    1.83672996E+03   -1.00826102E+05   -3.86479434E+08
   3.98400891E-04    1.83574839E+03   -9.95598685E+04   -3.73673054E+08
   4.08444945E-04    1.83475463E+03   -9.83238344E+04   -3.61388032E+08
   4.18742218E-04    1.83374842E+03   -9.71176312E+04   -3.49572687E+08
   4.29299096E-04    1.83272946E+03   -9.59404978E+04   -3.38158709E+08
   4.40122121E-04    1.83169737E+03   -9.47912436E+04   -3.27113671E+08
   4.51218006E-04    1.83065182E+03   -9.36689801E+04   -3.16484318E+08
   4.62593628E-04    1.82959254E+03   -9.25734927E+04   -3.06275913E+08
   4.74256039E-04    1.82851921E+03   -9.15043127E+04   -2.96433918E+08
   4.86212471E-04    1.82743146E+03   -9.04606014E+04   -2.86905344E+08
   4.98470336E-04    1.82632889E+03   -8.94412268E+04   -2.77693320E+08
   5.11037233E-04    1.82521116E+03   -8.84457236E+04   -2.68837403E+08
   5.23920952E-04    1.82407795E+03   -8.74738707E+04   -2.60314269E+08
   5.37129482E-04    1.82292889E+03   -8.65251496E+04   -2.52082026E+08
   5.50671012E-04    1.82176356E+03   -8.55986990E+04   -2.44102509E+08
   5.64553935E-04    1.82058151E+03   -8.46935540E+04   -2.36394266E+08
   5.78786861E-04    1.81938237E+03   -8.38094730E+04   -2.28982321E+08
   5.93378611E-04    1.81816579E+03   -8.29462112E+04   -2.21836823E+08
   6.08338233E-04    1.81693133E+03   -8.21032499E+04   -2.14925865E+08
   6.23675000E-04    1.81567852E+03   -8.12797596E+04   -2.08223227E+08
   6.39398422E-04    1.81440687E+03   -8.04749430E+04   -2.01749423E+08
   6.55518245E-04    1.81311598E+03   -7.96886412E+04   -1.95518920E+08
   6.72044464E-04    1.81180542E+03   -7.89206112E+04   -1.89505336E+08
   6.88987325E-04    1.81047472E+03   -7.81703647E+04   -1.83683526E+08
   7.06357330E-04    1.80912334E+03   -7.74371367E+04   -1.78034858E+08
   7.24165250E-04    1.80775075E+03   -7.67202537E+04   -1.72577273E+08
   7.42422123E-04    1.80635648E+03   -7.60195924E+04   -1.67319711E+08
   7.61139269E-04    1.80494007E+03   -7.53349288E+04   -1.62240680E+08
   7.80328292E-04    1.80350097E+03   -7.46658214E+04   -1.57320488E+08
   8.00001087E-04    1.80203859E+03   -7.40115833E+04   -1.52544229E+08
   8.20169852E-04    1.80055234E+03   -7.33716085E+04   -1.47926041E+08
   8.40847090E-04    1.79904170E+03   -7.27457898E+04   -1.43473220E+08
   8.62045620E-04    1.79750613E+03   -7.21339352E+04   -1.39168749E+08
   8.83778585E-04    1.79594503E+03   -7.15356623E+04   -1.34997540E+08
   9.06059458E-04    1.79435775E+03   -7.09503726E+04   -1.30946116E+08
   9.28902052E-04    1.79274362E+03   -7.03774855E+04   -1.27024365E+08
   9.52320529E-04    1.79110205E+03   -6.98168921E+04   -1.23239976E+08
   9.76329407E-04    1.78943245E+03   -6.92684404E+04   -1.19579941E+08
   1.00094357E-03    1.78773416E+03   -6.87318139E+04   -1.16032872E+08
   1.02617828E-03    1.78600645E+03   -6.82065088E+04   -1.12586117E+08
   1.05204918E-03    1.78424856E+03   -6.76919525E+04   -1.09244886E+08
   1.07857231E-03    1.78245984E+03   -6.71880027E+04   -1.06017732E+08
   1.10576411E-03    1.78063961E+03   -6.66945536E+04   -1.02895914E+08
   1.13364145E-03    1.77878716E+03   -6.62113593E+04   -9.98704664E+07
   1.16222159E-03    1.77690169E+03   -6.57380145E+04   -9.69305338E+07
   1.19152227E-03    1.77498236E+03   -6.52739760E+04   -9.40757538E+07
   1.22156164E-03    1.77302840E+03   -6.48190024E+04   -9.13144731E+07
   1.25235834E-03    1.77103907E+03   -6.43730345E+04   -8.86436052E+07
   1.28393145E-03    1.76901357E+03   -6.39359018E+04   -8.60552281E+07
   1.31630054E-03    1.76695106E+03   -6.35073010E+04   -8.35417320E+07
   1.34948569E-03    1.76485062E+03   -6.30867807E+04   -8.10976046E+07
   1.38350747E-03    1.76271132E+03   -6.26739552E+04   -7.87281470E+07
   1.41838697E-03    1.76053235E+03   -6.22687598E+04   -7.64359177E+07
   1.45414581E-03    1.75831285E+03   -6.18710832E+04   -7.42143965E+07
   1.49080617E-03    1.75605187E+03   -6.14807047E+04   -7.20583247E+07
   1.52839077E-03    1.75374844E+03   -6.10972793E+04   -6.99612571E+07
   1.56692291E-03    1.75140152E+03   -6.07203863E+04   -6.79244101E+07
   1.60642648E-03    1.74901016E+03   -6.03498883E+04   -6.59521035E+07
   1.64692597E-03    1.74657341E+03   -5.99857212E+04   -6.40409502E+07
   1.68844649E-03    1.74409027E+03   -5.96277314E+04   -6.21864374E+07
   1.73101378E-03    1.74155967E+03   -5.92756629E+04   -6.03837250E+07
   1.77465424E-03    1.73898049E+03   -5.89291469E+04   -5.86299531E+07
   1.81939491E-03    1.73635160E+03   -5.85878981E+04   -5.69283469E+07
   1.86526353E-03    1.73367196E+03   -5.82518645E+04   -5.52797377E+07
   1.91228854E-03    1.73094048E+03   -5.79209484E+04   -5.36800887E+07
   1.96049910E-03    1.72815603E+03   -5.75949687E+04   -5.21262049E+07
   2.00992509E-03    1.72531738E+03   -5.72736502E+04   -5.06141147E+07
   2.06059715E-03    1.72242327E+03   -5.69566537E+04   -4.91441704E+07
   2.11254670E-03    1.71947251E+03   -5.66438525E+04   -4.77188427E+07
   2.16580595E-03    1.71646393E+03   -5.63351906E+04   -4.63362156E+07
   2.22040792E-03    1.71339629E+03   -5.60305455E+04   -4.49934591E+07
   2.27638645E-03    1.71026831E+03   -5.57297183E+04   -4.36877523E+07
   2.33377625E-03    1.70707861E+03   -5.54324242E+04   -4.24168050E+07
   2.39261290E-03    1.70382581E+03   -5.51384032E+04   -4.11820657E+07
   2.45293288E-03    1.70050863E+03   -5.48475939E+04   -3.99843908E+07
   2.51477357E-03    1.69712574E+03   -5.45599172E+04   -3.88213932E+07
   2.57817333E-03    1.69367577E+03   -5.42752327E+04   -3.76911008E+07
   2.64317146E-03    1.69015724E+03   -5.39933302E+04   -3.65910581E+07
   2.70980825E-03    1.68656865E+03   -5.37139353E+04   -3.55207317E+07
   2.77812501E-03    1.68290854E+03   -5.34368993E+04   -3.44814980E+07
   2.84816411E-03    1.67917549E+03   -5.31621714E+04   -3.34726695E+07
   2.91996895E-03    1.67536802E+03   -5.28896553E+04   -3.24923741E+07
   2.99358406E-03    1.67148460E+03   -5.26191989E+04   -3.15390121E+07
   3.06905507E-03    1.66752362E+03   -5.23505867E+04   -3.06107677E+07
   3.14642878E-03    1.66348342E+03   -5.20835747E+04   -2.97078970E+07
   3.22575315E-03    1.65936244E+03   -5.18180739E+04   -2.88312367E+07
   3.30707736E-03    1.65515913E+03   -5.15540225E+04   -2.79796102E+07
   3.39045183E-03    1.65087185E+03   -5.12913149E+04   -2.71516959E+07
   3.47592824E-03    1.64649894E+03   -5.10297953E+04   -2.63461052E+07
   3.56355960E-03    1.64203863E+03   -5.07692521E+04   -2.55617702E+07
   3.65340022E-03    1.63748917E+03   -5.05094976E+04   -2.47991892E+07
   3.74550581E-03    1.63284889E+03   -5.02504700E+04   -2.40585100E+07
   3.83993346E-03    1.62811609E+03   -4.99920924E+04   -2.33385571E+07
   3.93674172E-03    1.62328901E+03   -4.97342481E+04   -2.26383538E+07
   4.03599061E-03    1.61836582E+03   -4.94767748E+04   -2.19567186E+07
   4.13774165E-03    1.61334465E+03   -4.92194687E+04   -2.12932860E+07
   4.24205793E-03    1.60822367E+03   -4.89622076E+04   -2.06485098E+07
   4.34900412E-03    1.60300111E+03   -4.87049340E+04   -2.00219755E+07
   4.45864653E-03    1.59767514E+03   -4.84475610E+04   -1.94127622E+07
   4.57105312E-03    1.59224390E+03   -4.81899659E+04   -1.88200758E+07
   4.68629358E-03    1.58670544E+03   -4.79319855E+04   -1.82430141E+07
   4.80443936E-03    1.58105778E+03   -4.76734343E+04   -1.76815265E+07
   4.92556370E-03    1.57529906E+03   -4.74142254E+04   -1.71358738E+07
   5.04974170E-03    1.56942741E+03   -4.71542959E+04   -1.66054829E+07
   5.17705035E-03    1.56344092E+03   -4.68935549E+04   -1.60896756E+07
   5.30756856E-03    1.55733765E+03   -4.66318799E+04   -1.55877806E+07
   5.44137725E-03    1.55111558E+03   -4.63691126E+04   -1.50991795E+07
   5.57855939E-03    1.54477270E+03   -4.61050979E+04   -1.46239337E+07
   5.71920001E-03    1.53830711E+03   -4.58397676E+04   -1.41620793E+07
   5.86338632E-03    1.53171691E+03   -4.55730517E+04   -1.37130483E+07
   6.01120769E-03    1.52500014E+03   -4.53048551E+04   -1.32763311E+07
   6.16275578E-03    1.51815484E+03   -4.50350548E+04   -1.28513501E+07
   6.31812453E-03    1.51117897E+03   -4.47634990E+04   -1.24377800E+07
   6.47741028E-03    1.50407057E+03   -4.44900741E+04   -1.20357079E+07
   6.64071176E-03    1.49682777E+03   -4.42147210E+04   -1.16449469E+07
   6.80813022E-03    1.48944868E+03   -4.39373646E+04   -1.12650195E+07
   6.97976946E-03    1.48193140E+03   -4.36579079E+04   -1.08955166E+07
   7.15573588E-03    1.47427397E+03   -4.33762290E+04   -1.05359759E+07
   7.33613858E-03    1.46647446E+03   -4.30921896E+04   -1.01862674E+07
   7.52108940E-03    1.45853102E+03   -4.28057114E+04   -9.84642684E+06
   7.71070299E-03    1.45044190E+03   -4.25167373E+04   -9.51616175E+06
   7.90509692E-03    1.44220532E+03   -4.22251935E+04   -9.19511054E+06
   8.10439170E-03    1.43381950E+03   -4.19309873E+04   -8.88292786E+06
   8.30871089E-03    1.42528266E+03   -4.16340044E+04   -8.57927435E+06
   8.51818115E-03    1.41659303E+03   -4.13341295E+04   -8.28409320E+06
   8.73293235E-03    1.40774902E+03   -4.10313047E+04   -7.99734685E+06
   8.95309762E-03    1.39874907E+03   -4.07254757E+04   -7.71874250E+06
   9.17881346E-03    1.38959165E+03   -4.04165737E+04   -7.44800319E+06
   9.41021981E-03    1.38027524E+03   -4.01045135E+04   -7.18483055E+06
   9.64746013E-03    1.37079834E+03   -3.97891934E+04   -6.92901920E+06
   9.89068149E-03    1.36115955E+03   -3.94705344E+04   -6.68054153E+06
   1.01400347E-02    1.35135764E+03   -3.91484959E+04   -6.43927107E+06
   1.03956743E-02    1.34139143E+03   -3.88230300E+04   -6.20495357E+06
   1.06577588E-02    1.33125976E+03   -3.84940765E+04   -5.97736563E+06
   1.09264508E-02    1.32096153E+03   -3.81615619E+04   -5.75626219E+06
   1.12019167E-02    1.31049571E+03   -3.78254038E+04   -5.54153218E+06
   1.14843273E-02    1.29986145E+03   -3.74855592E+04   -5.33314085E+06
   1.17738578E-02    1.28905804E+03   -3.71420032E+04   -5.13092246E+06
   1.20706876E-02    1.27808485E+03   -3.67947029E+04   -4.93467758E+06
   1.23750007E-02    1.26694133E+03   -3.64436163E+04   -4.74421905E+06
   1.26869859E-02    1.25562701E+03   -3.60886907E+04   -4.55935321E+06
   1.30068365E-02    1.24414151E+03   -3.57298713E+04   -4.37999931E+06
   1.33347509E-02    1.23248473E+03   -3.53671428E+04   -4.20610784E+06
   1.36709322E-02    1.22065669E+03   -3.50005002E+04   -4.03752417E+06
   1.40155890E-02    1.20865756E+03   -3.46299329E+04   -3.87408905E+06
   1.43689349E-02    1.19648758E+03   -3.42554239E+04   -3.71564268E+06
   1.47311890E-02    1.18414716E+03   -3.38769487E+04   -3.56204359E+06
   1.51025759E-02    1.17163686E+03   -3.34944926E+04   -3.41323159E+06
   1.54833258E-02    1.15895754E+03   -3.31080737E+04   -3.26913059E+06
   1.58736747E-02    1.14611020E+03   -3.27177115E+04   -3.12959936E+06
   1.62738646E-02    1.13309602E+03   -3.23234227E+04   -2.99450806E+06
   1.66841438E-02    1.11991633E+03   -3.19252192E+04   -2.86372124E+06
   1.71047664E-02    1.10657263E+03   -3.15231128E+04   -2.73715659E+06
   1.75359933E-02    1.09306673E+03   -3.11171430E+04   -2.61475495E+06
   1.79780919E-02    1.07940069E+03   -3.07073608E+04   -2.49640751E+06
   1.84313362E-02    1.06557674E+03   -3.02938163E+04   -2.38199903E+06
   1.88960071E-02    1.05159732E+03   -2.98765581E+04   -2.27141479E+06
   1.93723929E-02    1.03746508E+03   -2.94556360E+04   -2.16457632E+06
   1.98607888E-02    1.02318299E+03   -2.90311232E+04   -2.06142065E+06
   2.03614976E-02    1.00875431E+03   -2.86031035E+04   -1.96185148E+06
   2.08748297E-02    9.94182489E+02   -2.81716610E+04   -1.86576569E+06
   2.14011034E-02    9.79471226E+02   -2.77368804E+04   -1.77307459E+06
   2.19406449E-02    9.64624511E+02   -2.72988588E+04   -1.68371524E+06
   2.24937888E-02    9.49646673E+02   -2.68577122E+04   -1.59761275E+06
   2.30608780E-02    9.34542293E+02   -2.64135595E+04   -1.51467442E+06
   2.36422640E-02    9.19316195E+02   -2.59665215E+04   -1.43481291E+06
   2.42383072E-02    9.03973483E+02   -2.55167253E+04   -1.35796276E+06
   2.48493773E-02    8.88519632E+02   -2.50643182E+04   -1.28406088E+06
   2.54758530E-02    8.72960402E+02   -2.46094545E+04   -1.21302472E+06
   2.61181227E-02    8.57301811E+02   -2.41522912E+04   -1.14477487E+06
   2.67765847E-02    8.41550165E+02   -2.36929926E+04   -1.07924785E+06
   2.74516471E-02    8.25712140E+02   -2.32317400E+04   -1.01638059E+06
   2.81437284E-02    8.09794690E+02   -2.27687206E+04   -9.56096164E+05
   2.88532577E-02    7.93805034E+02   -2.23041261E+04   -8.98327887E+05
   2.95806749E-02    7.77750729E+02   -2.18381608E+04   -8.43014547E+05
   3.03264310E-02    7.61639629E+02   -2.13710379E+04   -7.90087646E+05
   3.10909883E-02    7.45479860E+02   -2.09029765E+04   -7.39484191E+05
   3.18748208E-02    7.29279873E+02   -2.04342073E+04   -6.91142105E+05
   3.26784144E-02    7.13048373E+02   -1.99649666E+04   -6.44996921E+05
   3.35022673E-02    6.96794356E+02   -1.94954997E+04   -6.00989296E+05
   3.43468904E-02    6.80527095E+02   -1.90260601E+04   -5.59057421E+05
   3.52128071E-02    6.64256104E+02   -1.85569075E+04   -5.19142052E+05
   3.61005545E-02    6.47991174E+02   -1.80883103E+04   -4.81184108E+05
   3.70106827E-02    6.31742307E+02   -1.76205421E+04   -4.45125157E+05
   3.79437561E-02    6.15519764E+02   -1.71538848E+04   -4.10908369E+05
   3.89003532E-02    5.99333989E+02   -1.66886247E+04   -3.78475510E+05
   3.98810670E-02    5.83195632E+02   -1.62250541E+04   -3.47771549E+05
   4.08865054E-02    5.67115529E+02   -1.57634709E+04   -3.18740274E+05
   4.19172919E-02    5.51104661E+02   -1.53041764E+04   -2.91327163E+05
   4.29740655E-02    5.35174175E+02   -1.48474775E+04   -2.65477931E+05
   4.40574813E-02    5.19335305E+02   -1.43936824E+04   -2.41138558E+05
   4.51682110E-02    5.03599399E+02   -1.39431032E+04   -2.18255925E+05
   4.63069432E-02    4.87977854E+02   -1.34960526E+04   -1.96778380E+05
   4.74743840E-02    4.72482184E+02   -1.30528477E+04   -1.76655021E+05
   4.86712569E-02    4.57123868E+02   -1.26138038E+04   -1.57832376E+05
   4.98983042E-02    4.41914333E+02   -1.21792338E+04   -1.40260735E+05
   5.11562864E-02    4.26865040E+02   -1.17494523E+04   -1.23891426E+05
   5.24459836E-02    4.11987363E+02   -1.13247714E+04   -1.08674327E+05
   5.37681951E-02    3.97292558E+02   -1.09054993E+04   -9.45613411E+04
   5.51237409E-02    3.82791783E+02   -1.04919418E+04   -8.15046388E+04
   5.65134612E-02    3.68495991E+02   -1.00843983E+04   -6.94569850E+04
   5.79382177E-02    3.54415965E+02   -9.68316353E+03   -5.83722181E+04
   5.93988935E-02    3.40562233E+02   -9.28852476E+03   -4.82047640E+04
   6.08963944E-02    3.26945080E+02   -8.90076253E+03   -3.89098980E+04
   6.24316486E-02    3.13574461E+02   -8.52014780E+03   -3.04434643E+04
   6.40056080E-02    3.00460006E+02   -8.14694245E+03   -2.27625364E+04
   6.56192484E-02    2.87610971E+02   -7.78139772E+03   -1.58247485E+04
   6.72735702E-02    2.75036197E+02   -7.42375323E+03   -9.58875336E+03
   6.89695989E-02    2.62744088E+02   -7.07423628E+03   -4.01411216E+03
   7.07083860E-02    2.50742566E+02   -6.73306070E+03    9.38742911E+02
   7.24910096E-02    2.39039044E+02   -6.40042610E+03    5.30816105E+03
   7.43185748E-02    2.27640406E+02   -6.07651745E+03    9.13183868E+03
   7.61922146E-02    2.16552933E+02   -5.76150284E+03    1.24461574E+04
   7.81130905E-02    2.05782348E+02   -5.45553499E+03    1.52864505E+04
   8.00823935E-02    1.95333706E+02   -5.15874820E+03    1.76872108E+04
   8.21013445E-02    1.85211432E+02   -4.87125942E+03    1.96813703E+04
   8.41711951E-02    1.75419283E+02   -4.59316724E+03    2.13010843E+04
   8.62932285E-02    1.65960301E+02   -4.32455071E+03    2.25772777E+04
   8.84687603E-02    1.56836825E+02   -4.06546962E+03    2.35395324E+04
   9.06991393E-02    1.48050471E+02   -3.81596413E+03    2.42163429E+04
   9.29857482E-02    1.39602109E+02   -3.57605415E+03    2.46349798E+04
   9.53300046E-02    1.31491871E+02   -3.34573953E+03    2.48213831E+04
   9.77333619E-02    1.23719139E+02   -3.12499995E+03    2.48003632E+04
   1.00197310E-01    1.16282533E+02   -2.91379453E+03    2.45954595E+04
   1.02723377E-01    1.09179931E+02   -2.71206241E+03    2.42288707E+04
   1.05313128E-01    1.02408471E+02   -2.51972292E+03    2.37216053E+04
   1.07968169E-01    9.59645536E+01   -2.33667575E+03    2.30934080E+04
   1.10690146E-01    8.98438653E+01   -2.16280146E+03    2.23627863E+04
   1.13480746E-01    8.40413881E+01   -1.99796191E+03    2.15469874E+04
   1.16341700E-01    7.85514325E+01   -1.84200117E+03    2.06620273E+04
   1.19274782E-01    7.33676502E+01   -1.69474583E+03    1.97228464E+04
   1.22281809E-01    6.84830635E+01   -1.55600584E+03    1.87429044E+04
   1.25364646E-01    6.38901464E+01   -1.42557687E+03    1.77347978E+04
   1.28525205E-01    5.95807588E+01   -1.30323819E+03    1.67099804E+04
   1.31765443E-01    5.55462889E+01   -1.18875688E+03    1.56785530E+04
   1.35087372E-01    5.17776409E+01   -1.08188726E+03    1.46498674E+04
   1.38493049E-01    4.82652862E+01   -9.82372308E+02    1.36319761E+04
   1.41984586E-01    4.49993500E+01   -8.89946053E+02    1.26321092E+04
   1.45564149E-01    4.19695883E+01   -8.04332741E+02    1.16566610E+04
   1.49233955E-01    3.91654965E+01   -7.25249848E+02    1.07107472E+04
   1.52996281E-01    3.65763855E+01   -6.52410181E+02    9.79903512E+03
   1.56853458E-01    3.41913245E+01   -5.85519817E+02    8.92531640E+03
   1.60807878E-01    3.19993184E+01   -5.24283474E+02    8.09234310E+03
   1.64861993E-01    2.99893191E+01   -4.68404164E+02    7.30252053E+03
   1.69018316E-01    2.81502334E+01   -4.17583634E+02    6.55752925E+03
   1.73279423E-01    2.64710354E+01   -3.71525177E+02    5.85827822E+03
   1.77647957E-01    2.49408145E+01   -3.29934914E+02    5.20534605E+03
   1.82126626E-01    2.35487772E+01   -2.92521654E+02    4.59875702E+03
   1.86718206E-01    2.22843539E+01   -2.58999732E+02    4.03804565E+03
   1.91425544E-01    2.11372078E+01   -2.29089126E+02    3.52245602E+03
   1.96251559E-01    2.00972910E+01   -2.02516856E+02    3.05082111E+03
   2.01199241E-01    1.91548910E+01   -1.79018156E+02    2.62172141E+03
   2.06271660E-01    1.83006469E+01   -1.58336775E+02    2.23357276E+03
   2.11471958E-01    1.75255861E+01   -1.40225901E+02    1.88439802E+03
   2.16803361E-01    1.68212086E+01   -1.24450356E+02    1.57225623E+03
   2.22269174E-01    1.61793979E+01   -1.10784062E+02    1.29505344E+03
   2.27872785E-01    1.55925588E+01   -9.90137127E+01    1.05048780E+03
   2.33617667E-01    1.50535672E+01   -8.89373648E+01    8.36383105E+02
   2.39507384E-01    1.45557909E+01   -8.03649265E+01    6.50412898E+02
   2.45545586E-01    1.40931255E+01   -7.31191039E+01    4.90326111E+02
   2.51736017E-01    1.36599554E+01   -6.70343184E+01    3.53884402E+02
   2.58082514E-01    1.32511948E+01   -6.19578089E+01    2.38896145E+02
   2.64589012E-01    1.28622474E+01   -5.77485559E+01    1.43255593E+02
   2.71259545E-01    1.24890307E+01   -5.42779641E+01    6.48886537E+01
   2.78098248E-01    1.21279501E+01   -5.14292050E+01    1.90785950E+00
   2.85109361E-01    1.17758583E+01   -4.90962235E+01   -4.75249499E+01
   2.92297231E-01    1.14300851E+01   -4.71845383E+01   -8.51548786E+01
   2.99666313E-01    1.10883866E+01   -4.56100654E+01   -1.12562636E+02
   3.07221177E-01    1.07489275E+01   -4.42986989E+01   -1.31228782E+02
   3.14966506E-01    1.04102566E+01   -4.31858118E+01   -1.42508826E+02
   3.22907102E-01    1.00712809E+01   -4.22156801E+01   -1.47638035E+02
   3.31047888E-01    9.73123760E+00   -4.13408982E+01   -1.47732040E+02
   3.39393910E-01    9.38966467E+00   -4.05217413E+01   -1.43786141E+02
   3.47950344E-01    9.04636955E+00   -3.97255040E+01   -1.36688363E+02
   3.56722493E-01    8.70140269E+00   -3.89259660E+01   -1.27215889E+02
   3.65715795E-01    8.35502294E+00   -3.81026372E+01   -1.16045636E+02
   3.74935828E-01    8.00767259E+00   -3.72402714E+01   -1.03762605E+02
   3.84388306E-01    7.65994613E+00   -3.63282080E+01   -9.08598752E+01
   3.94079089E-01    7.31256188E+00   -3.53597925E+01   -7.77512752E+01
   4.04014186E-01    6.96633651E+00   -3.43318514E+01   -6.47778451E+01
   4.14199756E-01    6.62215932E+00   -3.32441699E+01   -5.22123207E+01
   4.24642114E-01    6.28096739E+00   -3.20989813E+01   -4.02683791E+01
   4.35347733E-01    5.94372452E+00   -3.09005363E+01   -2.91070965E+01
   4.46323251E-01    5.61140016E+00   -2.96546712E+01   -1.88431047E+01
   4.57575471E-01    5.28495157E+00   -2.83684357E+01   -9.55101312E+00
   4.69111370E-01    4.96530675E+00   -2.70497358E+01   -1.27095453E+00
   4.80938100E-01    4.65335027E+00   -2.57070343E+01    5.98530784E+00
   4.93062993E-01    4.34991093E+00   -2.43490785E+01    1.22299351E+01
   5.05493566E-01    4.05575118E+00   -2.29846628E+01    1.74942806E+01
   5.18237525E-01    3.77155861E+00   -2.16224277E+01    2.18249768E+01
   5.31302770E-01    3.49793913E+00   -2.02706869E+01    2.52798938E+01
   5.44697403E-01    3.23541259E+00   -1.89372959E+01    2.79249915E+01
   5.58429726E-01    2.98440937E+00   -1.76295374E+01    2.98319344E+01
   5.72508255E-01    2.74526872E+00   -1.63540368E+01    3.10751408E+01
   5.86941715E-01    2.51823907E+00   -1.51167072E+01    3.17299486E+01
   6.01739057E-01    2.30347898E+00   -1.39227074E+01    3.18710918E+01
   6.16909453E-01    2.10105965E+00   -1.27764241E+01    3.15710627E+01
   6.32462309E-01    1.91096848E+00   -1.16814699E+01    3.08991896E+01
   6.48407267E-01    1.73311348E+00   -1.06406965E+01    2.99205034E+01
   6.64754212E-01    1.56732856E+00   -9.65622082E+00    2.86959416E+01
   6.81513278E-01    1.41337862E+00   -8.72944862E+00    2.72807790E+01
   6.98694856E-01    1.27096731E+00   -7.86114008E+00    2.57250832E+01
   7.16309598E-01    1.13974216E+00   -7.05143581E+00    2.40739473E+01
   7.34368423E-01    1.01930240E+00   -6.29992431E+00    2.23666609E+01
   7.52882528E-01    9.09205594E-01   -5.60569365E+00    2.06375441E+01
   7.71863390E-01    8.08974779E-01   -4.96739185E+00    1.89158016E+01
   7.91322778E-01    7.18105440E-01   -4.38328562E+00    1.72259361E+01
   8.11272754E-01    6.36072198E-01   -3.85131899E+00    1.55880331E+01
   8.31725688E-01    5.62335370E-01   -3.36917006E+00    1.40181166E+01
   8.52694259E-01    4.96347159E-01   -2.93430624E+00    1.25285060E+01
   8.74191468E-01    4.37557437E-01   -2.54403599E+00    1.11282047E+01
   8.96230640E-01    3.85419131E-01   -2.19555766E+00    9.82326349E+00
   9.18825441E-01    3.39393179E-01   -1.88600463E+00    8.61717046E+00
   9.41989877E-01    2.98952817E-01   -1.61248570E+00    7.51119350E+00
   9.65738310E-01    2.63587565E-01   -1.37212242E+00    6.50471875E+00
   9.90085463E-01    2.32806539E-01   -1.16208137E+00    5.59558090E+00
   1.01504643E+00    2.06141258E-01   -9.79602357E-01    4.78035110E+00
   1.04063669E+00    1.83147937E-01   -8.22022432E-01    4.05461151E+00
   1.06687210E+00    1.63409241E-01   -6.86795640E-01    3.41320177E+00
   1.09376893E+00    1.46535562E-01   -5.71508848E-01    2.85043873E+00
   1.12134385E+00    1.32165809E-01   -4.73893734E-01    2.36031144E+00
   1.14961396E+00    1.19967767E-01   -3.91835203E-01    1.93664979E+00
   1.17859679E+00    1.09638060E-01   -3.23376527E-01    1.57326876E+00
   1.20831030E+00    1.00901737E-01   -2.66721465E-01    1.26408824E+00
   1.23877292E+00    9.35115700E-02   -2.20233739E-01    1.00323148E+00
   1.27000352E+00    8.72470499E-02   -1.82434107E-01    7.85100563E-01
   1.30202148E+00    8.19131874E-02   -1.51995568E-01    6.04432875E-01
   1.33484664E+00    7.73391177E-02   -1.27736873E-01    4.56340884E-01
   1.36849936E+00    7.33765743E-02   -1.08614782E-01    3.36335156E-01
   1.40300049E+00    6.98982680E-02   -9.37153913E-02    2.40334092E-01
   1.43837142E+00    6.67962120E-02   -8.22448582E-02    1.64663659E-01
   1.47463409E+00    6.39800110E-02   -7.35196910E-02    1.06047435E-01
   1.51181098E+00    6.13751629E-02   -6.69569826E-02    6.15901917E-02
   1.54992513E+00    5.89213818E-02   -6.20646620E-02    2.87560939E-02
   1.58900017E+00    5.65709794E-02   -5.84320444E-02    5.34445269E-03
   1.62906033E+00    5.42872973E-02   -5.57206441E-02   -1.05369798E-02
   1.67013044E+00    5.20432308E-02   -5.36555215E-02   -2.05004401E-02
   1.71223597E+00    4.98198406E-02   -5.20171307E-02   -2.59050031E-02
   1.75540301E+00    4.76050535E-02   -5.06337088E-02   -2.78845978E-02
   1.79965834E+00    4.53924835E-02   -4.93743283E-02   -2.73737820E-02
   1.84502939E+00    4.31803372E-02   -4.81424864E-02   -2.51325364E-02
   1.89154428E+00    4.09704464E-02   -4.68703840E-02   -2.17697925E-02
   1.93923185E+00    3.87673946E-02   -4.55137499E-02   -1.77643994E-02
   1.98812168E+00    3.65777535E-02   -4.40472849E-02   -1.34850024E-02
   2.03824406E+00    3.44094193E-02   -4.24606558E-02   -9.20758968E-03
   2.08963007E+00    3.22710461E-02   -4.07550187E-02   -5.13120870E-03
   2.14231157E+00    3.01715673E-02   -3.89400327E-02   -1.39211215E-03
   2.19632122E+00    2.81198072E-02   -3.70313486E-02    1.92403486E-03
   2.25169250E+00    2.61241649E-02   -3.50484967E-02    4.77155589E-03
   2.30845974E+00    2.41923730E-02   -3.30131710E-02    7.13562065E-03
   2.36665814E+00    2.23313170E-02   -3.09478385E-02    9.02448164E-03
   2.42632377E+00    2.05469146E-02   -2.88746668E-02    1.04630498E-02
   2.48749363E+00    1.88440393E-02   -2.68146954E-02    1.14876248E-02
   2.55020564E+00    1.72264895E-02   -2.47872485E-02    1.21414904E-02
   2.61449867E+00    1.56969912E-02   -2.28095317E-02    1.24715836E-02
   2.68041260E+00    1.42572297E-02   -2.08963925E-02    1.25257955E-02
   2.74798827E+00    1.29079037E-02   -1.90602114E-02    1.23509900E-02
   2.81726759E+00    1.16487981E-02   -1.73108994E-02    1.19915639E-02
   2.88829350E+00    1.04788673E-02   -1.56559759E-02    1.14884542E-02
   2.96111004E+00    9.39632948E-03   -1.41007099E-02    1.08785326E-02
   3.03576235E+00    8.39876266E-03   -1.26483031E-02    1.01942989E-02
   3.11229672E+00    7.48320420E-03   -1.13001023E-02    9.46378897E-03
   3.19076059E+00    6.64624790E-03   -1.00558279E-02    8.71068109E-03
   3.27120260E+00    5.88413792E-03   -8.91380666E-03    7.95451436E-03
   3.35367264E+00    5.19285747E-03   -7.87120326E-03    7.21100286E-03
   3.43822182E+00    4.56821103E-03   -6.92424121E-03    6.49239972E-03
   3.52490256E+00    4.00589921E-03   -6.06841086E-03    5.80789067E-03
   3.61376860E+00    3.50158561E-03   -5.29865971E-03    5.16400030E-03
   3.70487504E+00    3.05095550E-03   -4.60956333E-03    4.56497950E-03
   3.79827835E+00    2.64976641E-03   -3.99547674E-03    4.01318241E-03
   3.89403645E+00    2.29389037E-03   -3.45066410E-03    3.50941613E-03
   3.99220870E+00    1.97934870E-03   -2.96940897E-03    3.05325053E-03
   4.09285596E+00    1.70233938E-03   -2.54610509E-03    2.64330076E-03
   4.19604063E+00    1.45925787E-03   -2.17532927E-03    2.27747010E-03
   4.30182668E+00    1.24671188E-03   -1.85189794E-03    1.95315939E-03
   4.41027970E+00    1.06153051E-03   -1.57090868E-03    1.66744205E-03
   4.52146691E+00    9.00769012E-04   -1.32776927E-03    1.41720961E-03
   4.63545726E+00    7.61709046E-04   -1.11821492E-03    1.19928750E-03
   4.75232141E+00    6.41855957E-04   -9.38316668E-04    1.01052634E-03
   4.87213182E+00    5.38932944E-04   -7.84481471E-04    8.47872244E-04
   4.99496275E+00    4.50873061E-04   -6.53446124E-04    7.08417536E-04
   5.12089037E+00    3.75809437E-04   -5.42266040E-04    5.89435290E-04
   5.24999273E+00    3.12064343E-04   -4.48300544E-04    4.88401728E-04
   5.38234989E+00    2.58137225E-04   -3.69195126E-04    4.03007805E-04
   5.51804389E+00    2.12692348E-04   -3.02862151E-04    3.31161873E-04
   5.65715886E+00    1.74546174E-04   -2.47460464E-04    2.70986635E-04
   5.79978105E+00    1.42654792E-04   -2.01374652E-04    2.20811131E-04
   5.94599888E+00    1.16101595E-04   -1.63194416E-04    1.79159238E-04
   6.09590299E+00    9.40853337E-05   -1.31694528E-04    1.44736253E-04
   6.24958632E+00    7.59087285E-05   -1.05815582E-04    1.16413958E-04
   6.40714416E+00    6.09677032E-05   -8.46458802E-05    9.32152766E-05
   6.56867416E+00    4.87412631E-05   -6.74044580E-05    7.42992229E-05
   6.73427650E+00    3.87820937E-05   -5.34253916E-05    5.89457927E-05
   6.90405381E+00    3.07079214E-05   -4.21435012E-05    4.65420047E-05
   7.07811137E+00    2.41935644E-05   -3.30813001E-05    3.65687105E-05
   7.25655709E+00    1.89637334E-05   -2.58372941E-05    2.85885338E-05
   7.43950158E+00    1.47864939E-05   -2.00754580E-05    2.22348494E-05
   7.62705827E+00    1.14674180E-05   -1.55159305E-05    1.72018883E-05
   7.81934344E+00    8.84434362E-06   -1.19267603E-05    1.32359446E-05
   8.01647630E+00    6.78273068E-06   -9.11667800E-06    1.01275841E-05
   8.21857905E+00    5.17155149E-06   -6.92876782E-06    7.70481856E-06
   8.42577700E+00    3.91969156E-06   -5.23498577E-06    5.82715176E-06
   8.63819861E+00    2.95280073E-06   -3.93141529E-06    4.38044774E-06
   8.85597556E+00    2.21056408E-06   -2.93419615E-06    3.27249106E-06
   9.07924287E+00    1.64434675E-06   -2.17604679E-06    2.42921032E-06
   9.30813895E+00    1.21517446E-06   -1.60330953E-06    1.79145636E-06
   9.54280571E+00    8.92013871E-07   -1.17345685E-06    1.31228946E-06
   9.78338864E+00    6.50314991E-07   -8.52995738E-07    9.54688789E-07
   1.00300369E+01    4.70788737E-07   -6.15723465E-07    6.89650249E-07
   1.02829034E+01    3.38382521E-07   -4.41277190E-07    4.94603581E-07
   1.05421448E+01    2.41433581E-07   -3.13943267E-07    3.52104899E-07
   1.08079220E+01    1.70970895E-07   -2.21682063E-07    2.48769478E-07
   1.10803997E+01    1.20145555E-07   -1.55337057E-07    1.74404184E-07
   1.13597468E+01    8.37679543E-08   -1.07996031E-07    1.21303944E-07
   1.16461365E+01    5.79369551E-08   -7.44819925E-08    8.36897341E-08
   1.19397463E+01    3.97431088E-08   -5.09479012E-08    5.72625085E-08
   1.22407583E+01    2.70343282E-08   -3.45582797E-08    3.88498091E-08
   1.25493591E+01    1.82319906E-08   -2.32405408E-08    2.61303774E-08
   1.28657400E+01    1.21880093E-08   -1.54926093E-08    1.74204173E-08
   1.31900972E+01    8.07464965E-09   -1.02352812E-08    1.15091013E-08
   1.35226317E+01    5.30051682E-09   -6.70014264E-09    7.53366628E-09
   1.38635497E+01    3.44686511E-09   -4.34496390E-09    4.88501370E-09
   1.42130626E+01    2.21997155E-09   -2.79069654E-09    3.13708748E-09
   1.45713870E+01    1.41576369E-09   -1.77487425E-09    1.99478330E-09
   1.49387451E+01    8.93827717E-10   -1.11751042E-09    1.25567025E-09
   1.53153646E+01    5.58514205E-10   -6.96407361E-10    7.82286646E-10
   1.57014791E+01    3.45323380E-10   -4.29435539E-10    4.82242065E-10
   1.60973278E+01    2.11212600E-10   -2.61967408E-10    2.94080180E-10
   1.65031563E+01    1.27762738E-10   -1.58052273E-10    1.77361627E-10
   1.69192161E+01    7.64121879E-11   -9.42850742E-11    1.05763101E-10
   1.73457651E+01    4.51727263E-11   -5.55976124E-11    6.23407156E-11
   1.77830678E+01    2.63889722E-11   -3.23980375E-11    3.63122759E-11
   1.82313954E+01    1.52291119E-11   -1.86511357E-11    2.08956086E-11
   1.86910257E+01    8.67964421E-12   -1.06044164E-11    1.18754343E-11
   1.91622436E+01    4.88393099E-12   -5.95292098E-12    6.66350891E-12
   1.96453415E+01    2.71229475E-12   -3.29836626E-12    3.69052354E-12
   2.01406186E+01    1.48613337E-12   -1.80322254E-12    2.01668931E-12
   2.06483822E+01    8.03110322E-13   -9.72403104E-13    1.08713434E-12
   2.11689469E+01    4.27888241E-13   -5.16976991E-13    5.77910598E-13
   2.17026356E+01    2.24703364E-13   -2.70882767E-13    3.02692657E-13
   2.22497791E+01    1.16269202E-13   -1.39862613E-13    1.56199563E-13
   2.28107165E+01    5.92556064E-14   -7.11299392E-14    7.94053870E-14
   2.33857957E+01    2.97328631E-14   -3.56180115E-14    3.97439250E-14
   2.39753732E+01    1.46829340E-14   -1.75540771E-14    1.95795298E-14
   2.45798144E+01    7.13321039E-15   -8.51146736E-15    9.48972036E-15
   2.51994942E+01    3.40776788E-15   -4.05849508E-15    4.52325884E-15
   2.58347967E+01    1.60022896E-15   -1.90227630E-15    2.11935055E-15
   2.64861157E+01    7.38299343E-16   -8.76073863E-16    9.75708755E-16
   2.71538551E+01    3.34522490E-16   -3.96250778E-16    4.41170912E-16
   2.78384288E+01    1.48785917E-16   -1.75939154E-16    1.95822578E-16
   2.85402613E+01    6.49286068E-17   -7.66498705E-17    8.52866506E-17
   2.92597876E+01    2.77870210E-17   -3.27499285E-17    3.64295493E-17
   2.99974538E+01    1.16562966E-17   -1.37163905E-17    1.52533518E-17
   3.07537172E+01    4.79041598E-18   -5.62834586E-18    6.25736024E-18
   3.15290468E+01    1.92776271E-18   -2.26155107E-18    2.51366537E-18
   3.23239231E+01    7.59226031E-19   -8.89376685E-19    9.88282675E-19
   3.31388390E+01    2.92473790E-19   -3.42120856E-19    3.80080551E-19
   3.39742997E+01    1.10142685E-19   -1.28659512E-19    1.42902959E-19
   3.48308231E+01    4.05261622E-20   -4.72749099E-20    5.24969733E-20
   3.57089403E+01    1.45601068E-20   -1.69622595E-20    1.88321401E-20
   3.66091956E+01    5.10483134E-21   -5.93935101E-21    6.59277919E-21
   3.75321471E+01    1.74548339E-21   -2.02827078E-21    2.25098479E-21
   3.84783671E+01    5.81698191E-22   -6.75109747E-22    7.49097966E-22
   3.94484422E+01    1.88816058E-22   -2.18874666E-22    2.42819144E-22
   4.04429738E+01    5.96563215E-23   -6.90726444E-23    7.66151807E-23
   4.14625785E+01    1.83335650E-23   -2.12032461E-23    2.35147607E-23
   4.25078883E+01    5.47650942E-24   -6.32670422E-24    7.01523910E-24
   4.35795513E+01    1.58902154E-24   -1.83372378E-24    2.03293594E-24
   4.46782320E+01    4.47498312E-25   -5.15867060E-25    5.71824772E-25
   4.58046114E+01    1.22225835E-25   -1.40754793E-25    1.55995202E-25
   4.69593879E+01    3.23534871E-26   -3.72208545E-26    4.12478513E-26
   4.81432773E+01    8.29219244E-27   -9.53038614E-27    1.05542326E-26
   4.93570137E+01    2.05654538E-27   -2.36138127E-27    2.62561821E-27
   5.06013496E+01    4.93083729E-28   -5.65647102E-28    6.08317780E-28
   5.18770562E+01    1.14192802E-28   -1.30879258E-28    1.78029509E-28
   5.31849246E+01    2.55244260E-29    0.00000000E+00    2.46430116E-29
   5.45257656E+01    0.00000000E+00    0.00000000E+00    0.00000000E+00
   5.59004104E+01    0.00000000E+00    0.00000000E+00    0.00000000E+00
   5.73097113E+01    0.00000000E+00    0.00000000E+00    0.00000000E+00
   5.87545419E+01    0.00000000E+00    0.00000000E+00    0.00000000E+00
   6.02357981E+01    0.00000000E+00    0.00000000E+00    0.00000000E+00
   6.17543981E+01    0.00000000E+00    0.00000000E+00    0.00000000E+00
   6.33112834E+01    0.00000000E+00    0.00000000E+00    0.00000000E+00
   6.49074192E+01    0.00000000E+00    0.00000000E+00    0.00000000E+00
   6.65437950E+01    0.00000000E+00    0.00000000E+00    0.00000000E+00
   6.82214255E+01    0.00000000E+00    0.00000000E+00    0.00000000E+00
   6.99413505E+01    0.00000000E+00    0.00000000E+00    0.00000000E+00
   7.17046364E+01    0.00000000E+00    0.00000000E+00    0.00000000E+00
   7.35123764E+01    0.00000000E+00    0.00000000E+00    0.00000000E+00
   7.53656911E+01    0.00000000E+00    0.00000000E+00    0.00000000E+00
   7.72657297E+01    0.00000000E+00    0.00000000E+00    0.00000000E+00
   7.92136699E+01    0.00000000E+00    0.00000000E+00    0.00000000E+00
   8.12107196E+01    0.00000000E+00    0.00000000E+00    0.00000000E+00
   8.32581167E+01    0.00000000E+00    0.00000000E+00    0.00000000E+00
   8.53571305E+01    0.00000000E+00    0.00000000E+00    0.00000000E+00
   8.75090625E+01    0.00000000E+00    0.00000000E+00    0.00000000E+00
   8.97152466E+01    0.00000000E+00    0.00000000E+00    0.00000000E+00
   9.19770507E+01    0.00000000E+00    0.00000000E+00    0.00000000E+00
   9.42958769E+01    0.00000000E+00    0.00000000E+00    0.00000000E+00
   9.66731629E+01    0.00000000E+00    0.00000000E+00    0.00000000E+00
   9.91103824E+01    0.00000000E+00    0.00000000E+00    0.00000000E+00
   1.01609046E+02    0.00000000E+00    0.00000000E+00    0.00000000E+00
   1.04170704E+02    0.00000000E+00    0.00000000E+00    0.00000000E+00
   1.06796944E+02    0.00000000E+00    0.00000000E+00    0.00000000E+00
   1.09489393E+02    0.00000000E+00    0.00000000E+00    0.00000000E+00
   1.12249722E+02    0.00000000E+00    0.00000000E+00    0.00000000E+00
