# 
# Energy units: hartree
# Length units: bohr
#
# ------------------------------------
# |        r       |       v(r)      |
# ------------------------------------
    3.74165729E-05   -1.21969987E+01
    3.83598792E-05   -1.21959126E+01
    3.93269671E-05   -1.21948074E+01
    4.03184362E-05   -1.21936919E+01
    4.13349012E-05   -1.21925746E+01
    4.23769921E-05   -1.21914559E+01
    4.34453551E-05   -1.21903329E+01
    4.45406526E-05   -1.21892032E+01
    4.56635635E-05   -1.21880668E+01
    4.68147840E-05   -1.21869248E+01
    4.79950279E-05   -1.21857779E+01
    4.92050268E-05   -1.21846258E+01
    5.04455309E-05   -1.21834685E+01
    5.17173092E-05   -1.21823057E+01
    5.30211502E-05   -1.21811374E+01
    5.43578623E-05   -1.21799638E+01
    5.57282741E-05   -1.21787849E+01
    5.71332353E-05   -1.21776006E+01
    5.85736168E-05   -1.21764109E+01
    6.00503117E-05   -1.21752158E+01
    6.15642354E-05   -1.21740152E+01
    6.31163265E-05   -1.21728091E+01
    6.47075473E-05   -1.21715974E+01
    6.63388842E-05   -1.21703801E+01
    6.80113486E-05   -1.21691572E+01
    6.97259774E-05   -1.21679285E+01
    7.14838335E-05   -1.21666940E+01
    7.32860069E-05   -1.21654536E+01
    7.51336146E-05   -1.21642073E+01
    7.70278023E-05   -1.21629549E+01
    7.89697442E-05   -1.21616964E+01
    8.09606443E-05   -1.21604317E+01
    8.30017367E-05   -1.21591606E+01
    8.50942870E-05   -1.21578831E+01
    8.72395924E-05   -1.21565990E+01
    8.94389830E-05   -1.21553083E+01
    9.16938222E-05   -1.21540108E+01
    9.40055079E-05   -1.21527064E+01
    9.63754734E-05   -1.21513949E+01
    9.88051880E-05   -1.21500762E+01
    1.01296158E-04   -1.21487502E+01
    1.03849927E-04   -1.21474167E+01
    1.06468080E-04   -1.21460756E+01
    1.09152238E-04   -1.21447268E+01
    1.11904067E-04   -1.21433699E+01
    1.14725271E-04   -1.21420049E+01
    1.17617601E-04   -1.21406316E+01
    1.20582849E-04   -1.21392499E+01
    1.23622854E-04   -1.21378594E+01
    1.26739500E-04   -1.21364601E+01
    1.29934720E-04   -1.21350517E+01
    1.33210494E-04   -1.21336340E+01
    1.36568853E-04   -1.21322069E+01
    1.40011880E-04   -1.21307700E+01
    1.43541708E-04   -1.21293233E+01
    1.47160527E-04   -1.21278663E+01
    1.50870580E-04   -1.21263989E+01
    1.54674166E-04   -1.21249210E+01
    1.58573644E-04   -1.21234321E+01
    1.62571432E-04   -1.21219320E+01
    1.66670008E-04   -1.21204205E+01
    1.70871912E-04   -1.21188974E+01
    1.75179751E-04   -1.21173622E+01
    1.79596194E-04   -1.21158147E+01
    1.84123979E-04   -1.21142547E+01
    1.88765915E-04   -1.21126819E+01
    1.93524877E-04   -1.21110958E+01
    1.98403818E-04   -1.21094962E+01
    2.03405761E-04   -1.21078829E+01
    2.08533808E-04   -1.21062553E+01
    2.13791137E-04   -1.21046132E+01
    2.19181009E-04   -1.21029562E+01
    2.24706764E-04   -1.21012841E+01
    2.30371829E-04   -1.20995963E+01
    2.36179715E-04   -1.20978924E+01
    2.42134023E-04   -1.20961722E+01
    2.48238445E-04   -1.20944352E+01
    2.54496765E-04   -1.20926810E+01
    2.60912863E-04   -1.20909090E+01
    2.67490717E-04   -1.20891190E+01
    2.74234404E-04   -1.20873106E+01
    2.81148107E-04   -1.20854831E+01
    2.88236109E-04   -1.20836362E+01
    2.95502807E-04   -1.20817692E+01
    3.02952706E-04   -1.20798819E+01
    3.10590423E-04   -1.20779737E+01
    3.18420693E-04   -1.20760440E+01
    3.26448373E-04   -1.20740922E+01
    3.34678437E-04   -1.20721179E+01
    3.43115989E-04   -1.20701206E+01
    3.51766259E-04   -1.20680995E+01
    3.60634611E-04   -1.20660541E+01
    3.69726542E-04   -1.20639839E+01
    3.79047689E-04   -1.20618882E+01
    3.88603830E-04   -1.20597664E+01
    3.98400891E-04   -1.20576178E+01
    4.08444945E-04   -1.20554416E+01
    4.18742218E-04   -1.20532374E+01
    4.29299096E-04   -1.20510045E+01
    4.40122121E-04   -1.20487419E+01
    4.51218006E-04   -1.20464490E+01
    4.62593628E-04   -1.20441250E+01
    4.74256039E-04   -1.20417693E+01
    4.86212471E-04   -1.20393810E+01
    4.98470336E-04   -1.20369593E+01
    5.11037233E-04   -1.20345032E+01
    5.23920952E-04   -1.20320121E+01
    5.37129482E-04   -1.20294851E+01
    5.50671012E-04   -1.20269212E+01
    5.64553935E-04   -1.20243194E+01
    5.78786861E-04   -1.20216788E+01
    5.93378611E-04   -1.20189987E+01
    6.08338233E-04   -1.20162779E+01
    6.23675000E-04   -1.20135155E+01
    6.39398422E-04   -1.20107102E+01
    6.55518245E-04   -1.20078611E+01
    6.72044464E-04   -1.20049672E+01
    6.88987325E-04   -1.20020275E+01
    7.06357330E-04   -1.19990405E+01
    7.24165250E-04   -1.19960052E+01
    7.42422123E-04   -1.19929203E+01
    7.61139269E-04   -1.19897848E+01
    7.80328292E-04   -1.19865975E+01
    8.00001087E-04   -1.19833568E+01
    8.20169852E-04   -1.19800614E+01
    8.40847090E-04   -1.19767101E+01
    8.62045620E-04   -1.19733015E+01
    8.83778585E-04   -1.19698344E+01
    9.06059458E-04   -1.19663070E+01
    9.28902052E-04   -1.19627177E+01
    9.52320529E-04   -1.19590653E+01
    9.76329407E-04   -1.19553482E+01
    1.00094357E-03   -1.19515649E+01
    1.02617828E-03   -1.19477135E+01
    1.05204918E-03   -1.19437924E+01
    1.07857231E-03   -1.19397998E+01
    1.10576411E-03   -1.19357342E+01
    1.13364145E-03   -1.19315937E+01
    1.16222159E-03   -1.19273765E+01
    1.19152227E-03   -1.19230805E+01
    1.22156164E-03   -1.19187037E+01
    1.25235834E-03   -1.19142445E+01
    1.28393145E-03   -1.19097007E+01
    1.31630054E-03   -1.19050704E+01
    1.34948569E-03   -1.19003512E+01
    1.38350747E-03   -1.18955408E+01
    1.41838697E-03   -1.18906373E+01
    1.45414581E-03   -1.18856383E+01
    1.49080617E-03   -1.18805416E+01
    1.52839077E-03   -1.18753448E+01
    1.56692291E-03   -1.18700451E+01
    1.60642648E-03   -1.18646402E+01
    1.64692597E-03   -1.18591276E+01
    1.68844649E-03   -1.18535048E+01
    1.73101378E-03   -1.18477691E+01
    1.77465424E-03   -1.18419175E+01
    1.81939491E-03   -1.18359472E+01
    1.86526353E-03   -1.18298554E+01
    1.91228854E-03   -1.18236393E+01
    1.96049910E-03   -1.18172959E+01
    2.00992509E-03   -1.18108221E+01
    2.06059715E-03   -1.18042144E+01
    2.11254670E-03   -1.17974698E+01
    2.16580595E-03   -1.17905850E+01
    2.22040792E-03   -1.17835569E+01
    2.27638645E-03   -1.17763818E+01
    2.33377625E-03   -1.17690561E+01
    2.39261290E-03   -1.17615762E+01
    2.45293288E-03   -1.17539383E+01
    2.51477357E-03   -1.17461390E+01
    2.57817333E-03   -1.17381742E+01
    2.64317146E-03   -1.17300401E+01
    2.70980825E-03   -1.17217324E+01
    2.77812501E-03   -1.17132469E+01
    2.84816411E-03   -1.17045797E+01
    2.91996895E-03   -1.16957264E+01
    2.99358406E-03   -1.16866827E+01
    3.06905507E-03   -1.16774440E+01
    3.14642878E-03   -1.16680053E+01
    3.22575315E-03   -1.16583623E+01
    3.30707736E-03   -1.16485100E+01
    3.39045183E-03   -1.16384438E+01
    3.47592824E-03   -1.16281586E+01
    3.56355960E-03   -1.16176490E+01
    3.65340022E-03   -1.16069097E+01
    3.74550581E-03   -1.15959355E+01
    3.83993346E-03   -1.15847211E+01
    3.93674172E-03   -1.15732609E+01
    4.03599061E-03   -1.15615491E+01
    4.13774165E-03   -1.15495797E+01
    4.24205793E-03   -1.15373467E+01
    4.34900412E-03   -1.15248443E+01
    4.45864653E-03   -1.15120664E+01
    4.57105312E-03   -1.14990066E+01
    4.68629358E-03   -1.14856584E+01
    4.80443936E-03   -1.14720150E+01
    4.92556370E-03   -1.14580698E+01
    5.04974170E-03   -1.14438161E+01
    5.17705035E-03   -1.14292470E+01
    5.30756856E-03   -1.14143553E+01
    5.44137725E-03   -1.13991337E+01
    5.57855939E-03   -1.13835745E+01
    5.71920001E-03   -1.13676705E+01
    5.86338632E-03   -1.13514140E+01
    6.01120769E-03   -1.13347972E+01
    6.16275578E-03   -1.13178122E+01
    6.31812453E-03   -1.13004506E+01
    6.47741028E-03   -1.12827041E+01
    6.64071176E-03   -1.12645645E+01
    6.80813022E-03   -1.12460232E+01
    6.97976946E-03   -1.12270716E+01
    7.15573588E-03   -1.12077008E+01
    7.33613858E-03   -1.11879013E+01
    7.52108940E-03   -1.11676643E+01
    7.71070299E-03   -1.11469805E+01
    7.90509692E-03   -1.11258404E+01
    8.10439170E-03   -1.11042344E+01
    8.30871089E-03   -1.10821526E+01
    8.51818115E-03   -1.10595849E+01
    8.73293235E-03   -1.10365213E+01
    8.95309762E-03   -1.10129516E+01
    9.17881346E-03   -1.09888655E+01
    9.41021981E-03   -1.09642525E+01
    9.64746013E-03   -1.09391015E+01
    9.89068149E-03   -1.09134017E+01
    1.01400347E-02   -1.08871422E+01
    1.03956743E-02   -1.08603120E+01
    1.06577588E-02   -1.08328999E+01
    1.09264508E-02   -1.08048942E+01
    1.12019167E-02   -1.07762832E+01
    1.14843273E-02   -1.07470553E+01
    1.17738578E-02   -1.07171987E+01
    1.20706876E-02   -1.06867018E+01
    1.23750007E-02   -1.06555522E+01
    1.26869859E-02   -1.06237378E+01
    1.30068365E-02   -1.05912460E+01
    1.33347509E-02   -1.05580645E+01
    1.36709322E-02   -1.05241809E+01
    1.40155890E-02   -1.04895829E+01
    1.43689349E-02   -1.04542575E+01
    1.47311890E-02   -1.04181919E+01
    1.51025759E-02   -1.03813732E+01
    1.54833258E-02   -1.03437886E+01
    1.58736747E-02   -1.03054253E+01
    1.62738646E-02   -1.02662704E+01
    1.66841438E-02   -1.02263108E+01
    1.71047664E-02   -1.01855332E+01
    1.75359933E-02   -1.01439248E+01
    1.79780919E-02   -1.01014726E+01
    1.84313362E-02   -1.00581638E+01
    1.88960071E-02   -1.00139853E+01
    1.93723929E-02   -9.96892411E+00
    1.98607888E-02   -9.92296741E+00
    2.03614976E-02   -9.87610264E+00
    2.08748297E-02   -9.82831719E+00
    2.14011034E-02   -9.77959841E+00
    2.19406449E-02   -9.72993394E+00
    2.24937888E-02   -9.67931175E+00
    2.30608780E-02   -9.62771991E+00
    2.36422640E-02   -9.57514658E+00
    2.42383072E-02   -9.52158008E+00
    2.48493773E-02   -9.46700929E+00
    2.54758530E-02   -9.41142333E+00
    2.61181227E-02   -9.35481150E+00
    2.67765847E-02   -9.29716340E+00
    2.74516471E-02   -9.23846924E+00
    2.81437284E-02   -9.17871959E+00
    2.88532577E-02   -9.11790529E+00
    2.95806749E-02   -9.05601784E+00
    3.03264310E-02   -8.99304925E+00
    3.10909883E-02   -8.92899197E+00
    3.18748208E-02   -8.86383922E+00
    3.26784144E-02   -8.79758473E+00
    3.35022673E-02   -8.73022296E+00
    3.43468904E-02   -8.66174913E+00
    3.52128071E-02   -8.59215914E+00
    3.61005545E-02   -8.52144982E+00
    3.70106827E-02   -8.44961877E+00
    3.79437561E-02   -8.37666463E+00
    3.89003532E-02   -8.30258690E+00
    3.98810670E-02   -8.22738615E+00
    4.08865054E-02   -8.15106408E+00
    4.19172919E-02   -8.07362342E+00
    4.29740655E-02   -7.99506827E+00
    4.40574813E-02   -7.91540382E+00
    4.51682110E-02   -7.83463668E+00
    4.63069432E-02   -7.75277473E+00
    4.74743840E-02   -7.66982767E+00
    4.86712569E-02   -7.58580649E+00
    4.98983042E-02   -7.50072351E+00
    5.11562864E-02   -7.41459311E+00
    5.24459836E-02   -7.32743136E+00
    5.37681951E-02   -7.23925604E+00
    5.51237409E-02   -7.15008705E+00
    5.65134612E-02   -7.05994606E+00
    5.79382177E-02   -6.96885700E+00
    5.93988935E-02   -6.87684584E+00
    6.08963944E-02   -6.78394101E+00
    6.24316486E-02   -6.69017311E+00
    6.40056080E-02   -6.59557533E+00
    6.56192484E-02   -6.50018339E+00
    6.72735702E-02   -6.40403572E+00
    6.89695989E-02   -6.30717350E+00
    7.07083860E-02   -6.20964085E+00
    7.24910096E-02   -6.11148488E+00
    7.43185748E-02   -6.01275596E+00
    7.61922146E-02   -5.91350749E+00
    7.81130905E-02   -5.81379659E+00
    8.00823935E-02   -5.71368364E+00
    8.21013445E-02   -5.61323284E+00
    8.41711951E-02   -5.51251229E+00
    8.62932285E-02   -5.41159390E+00
    8.84687603E-02   -5.31055374E+00
    9.06991393E-02   -5.20947220E+00
    9.29857482E-02   -5.10843401E+00
    9.53300046E-02   -5.00752849E+00
    9.77333619E-02   -4.90684971E+00
    1.00197310E-01   -4.80649640E+00
    1.02723377E-01   -4.70657228E+00
    1.05313128E-01   -4.60718609E+00
    1.07968169E-01   -4.50845158E+00
    1.10690146E-01   -4.41048758E+00
    1.13480746E-01   -4.31341787E+00
    1.16341700E-01   -4.21737122E+00
    1.19274782E-01   -4.12248101E+00
    1.22281809E-01   -4.02888484E+00
    1.25364646E-01   -3.93672509E+00
    1.28525205E-01   -3.84614634E+00
    1.31765443E-01   -3.75729658E+00
    1.35087372E-01   -3.67032521E+00
    1.38493049E-01   -3.58538191E+00
    1.41984586E-01   -3.50261611E+00
    1.45564149E-01   -3.42217355E+00
    1.49233955E-01   -3.34419561E+00
    1.52996281E-01   -3.26881786E+00
    1.56853458E-01   -3.19616434E+00
    1.60807878E-01   -3.12634837E+00
    1.64861993E-01   -3.05946857E+00
    1.69018316E-01   -2.99560440E+00
    1.73279423E-01   -2.93481527E+00
    1.77647957E-01   -2.87713786E+00
    1.82126626E-01   -2.82258208E+00
    1.86718206E-01   -2.77113155E+00
    1.91425544E-01   -2.72274101E+00
    1.96251559E-01   -2.67733655E+00
    2.01199241E-01   -2.63481639E+00
    2.06271660E-01   -2.59505126E+00
    2.11471958E-01   -2.55788674E+00
    2.16803361E-01   -2.52314878E+00
    2.22269174E-01   -2.49064165E+00
    2.27872785E-01   -2.46015757E+00
    2.33617667E-01   -2.43147758E+00
    2.39507384E-01   -2.40437607E+00
    2.45545586E-01   -2.37862640E+00
    2.51736017E-01   -2.35400233E+00
    2.58082514E-01   -2.33028375E+00
    2.64589012E-01   -2.30725757E+00
    2.71259545E-01   -2.28472204E+00
    2.78098248E-01   -2.26248788E+00
    2.85109361E-01   -2.24037810E+00
    2.92297231E-01   -2.21823191E+00
    2.99666313E-01   -2.19590348E+00
    3.07221177E-01   -2.17326243E+00
    3.14966506E-01   -2.15019380E+00
    3.22907102E-01   -2.12659781E+00
    3.31047888E-01   -2.10238937E+00
    3.39393910E-01   -2.07749740E+00
    3.47950344E-01   -2.05186399E+00
    3.56722493E-01   -2.02544389E+00
    3.65715795E-01   -1.99820332E+00
    3.74935828E-01   -1.97011947E+00
    3.84388306E-01   -1.94117951E+00
    3.94079089E-01   -1.91137974E+00
    4.04014186E-01   -1.88072491E+00
    4.14199756E-01   -1.84922747E+00
    4.24642114E-01   -1.81690676E+00
    4.35347733E-01   -1.78378847E+00
    4.46323251E-01   -1.74990393E+00
    4.57575471E-01   -1.71528964E+00
    4.69111370E-01   -1.67998662E+00
    4.80938100E-01   -1.64403998E+00
    4.93062993E-01   -1.60749852E+00
    5.05493566E-01   -1.57041425E+00
    5.18237525E-01   -1.53284208E+00
    5.31302770E-01   -1.49483942E+00
    5.44697403E-01   -1.45646600E+00
    5.58429726E-01   -1.41778353E+00
    5.72508255E-01   -1.37885548E+00
    5.86941715E-01   -1.33974696E+00
    6.01739057E-01   -1.30052452E+00
    6.16909453E-01   -1.26125603E+00
    6.32462309E-01   -1.22201059E+00
    6.48407267E-01   -1.18285850E+00
    6.64754212E-01   -1.14387125E+00
    6.81513278E-01   -1.10512134E+00
    6.98694856E-01   -1.06668271E+00
    7.16309598E-01   -1.02863035E+00
    7.34368423E-01   -9.91040668E-01
    7.52882528E-01   -9.53991475E-01
    7.71863390E-01   -9.17562075E-01
    7.91322778E-01   -8.81833377E-01
    8.11272754E-01   -8.46887908E-01
    8.31725688E-01   -8.12809793E-01
    8.52694259E-01   -7.79684632E-01
    8.74191468E-01   -7.47599181E-01
    8.96230640E-01   -7.16640833E-01
    9.18825441E-01   -6.86896807E-01
    9.41989877E-01   -6.58452843E-01
    9.65738310E-01   -6.31391552E-01
    9.90085463E-01   -6.05790119E-01
    1.01504643E+00   -5.81717463E-01
    1.04063669E+00   -5.59230871E-01
    1.06687210E+00   -5.38372248E-01
    1.09376893E+00   -5.19164281E-01
    1.12134385E+00   -5.01606898E-01
    1.14961396E+00   -4.85674520E-01
    1.17859679E+00   -4.71314616E-01
    1.20831030E+00   -4.58447921E-01
    1.23877292E+00   -4.46970551E-01
    1.27000352E+00   -4.36757841E-01
    1.30202148E+00   -4.27669622E-01
    1.33484664E+00   -4.19556253E-01
    1.36849936E+00   -4.12264815E-01
    1.40300049E+00   -4.05644818E-01
    1.43837142E+00   -3.99553009E-01
    1.47463409E+00   -3.93856996E-01
    1.51181098E+00   -3.88437676E-01
    1.54992513E+00   -3.83190531E-01
    1.58900017E+00   -3.78026020E-01
    1.62906033E+00   -3.72869220E-01
    1.67013044E+00   -3.67659007E-01
    1.71223597E+00   -3.62346918E-01
    1.75540301E+00   -3.56895835E-01
    1.79965834E+00   -3.51278667E-01
    1.84502939E+00   -3.45476998E-01
    1.89154428E+00   -3.39479869E-01
    1.93923185E+00   -3.33282619E-01
    1.98812168E+00   -3.26885862E-01
    2.03824406E+00   -3.20294569E-01
    2.08963007E+00   -3.13517275E-01
    2.14231157E+00   -3.06565362E-01
    2.19632122E+00   -2.99452475E-01
    2.25169250E+00   -2.92193981E-01
    2.30845974E+00   -2.84806535E-01
    2.36665814E+00   -2.77307686E-01
    2.42632377E+00   -2.69715559E-01
    2.48749363E+00   -2.62048570E-01
    2.55020564E+00   -2.54325196E-01
    2.61449867E+00   -2.46563772E-01
    2.68041260E+00   -2.38782325E-01
    2.74798827E+00   -2.30998433E-01
    2.81726759E+00   -2.23229113E-01
    2.88829350E+00   -2.15490721E-01
    2.96111004E+00   -2.07798882E-01
    3.03576235E+00   -2.00168421E-01
    3.11229672E+00   -1.92613324E-01
    3.19076059E+00   -1.85146699E-01
    3.27120260E+00   -1.77780753E-01
    3.35367264E+00   -1.70526781E-01
    3.43822182E+00   -1.63395157E-01
    3.52490256E+00   -1.56395337E-01
    3.61376860E+00   -1.49535868E-01
    3.70487504E+00   -1.42824403E-01
    3.79827835E+00   -1.36267720E-01
    3.89403645E+00   -1.29871746E-01
    3.99220870E+00   -1.23641585E-01
    4.09285596E+00   -1.17581549E-01
    4.19604063E+00   -1.11695191E-01
    4.30182668E+00   -1.05985347E-01
    4.41027970E+00   -1.00454167E-01
    4.52146691E+00   -9.51031583E-02
    4.63545726E+00   -8.99332245E-02
    4.75232141E+00   -8.49447064E-02
    4.87213182E+00   -8.01374228E-02
    4.99496275E+00   -7.55107105E-02
    5.12089037E+00   -7.10634609E-02
    5.24999273E+00   -6.67941627E-02
    5.38234989E+00   -6.27009335E-02
    5.51804389E+00   -5.87815566E-02
    5.65715886E+00   -5.50335133E-02
    5.79978105E+00   -5.14540127E-02
    5.94599888E+00   -4.80400210E-02
    6.09590299E+00   -4.47882854E-02
    6.24958632E+00   -4.16953573E-02
    6.40714416E+00   -3.87576175E-02
    6.56867416E+00   -3.59712934E-02
    6.73427650E+00   -3.33324736E-02
    6.90405381E+00   -3.08371288E-02
    7.07811137E+00   -2.84811210E-02
    7.25655709E+00   -2.62602229E-02
    7.43950158E+00   -2.41701232E-02
    7.62705827E+00   -2.22064435E-02
    7.81934344E+00   -2.03647459E-02
    8.01647630E+00   -1.86405470E-02
    8.21857905E+00   -1.70293241E-02
    8.42577700E+00   -1.55265307E-02
    8.63819861E+00   -1.41276038E-02
    8.85597556E+00   -1.28279767E-02
    9.07924287E+00   -1.16230899E-02
    9.30813895E+00   -1.05084018E-02
    9.54280571E+00   -9.47940321E-03
    9.78338864E+00   -8.53162417E-03
    1.00300369E+01   -7.66065343E-03
    1.02829034E+01   -6.86214306E-03
    1.05421448E+01   -6.13182407E-03
    1.08079220E+01   -5.46551624E-03
    1.10803997E+01   -4.85914319E-03
    1.13597468E+01   -4.30873480E-03
    1.16461365E+01   -3.81044487E-03
    1.19397463E+01   -3.36055550E-03
    1.22407583E+01   -2.95548656E-03
    1.25493591E+01   -2.59180202E-03
    1.28657400E+01   -2.26621644E-03
    1.31900972E+01   -1.97559699E-03
    1.35226317E+01   -1.71697195E-03
    1.38635497E+01   -1.48752825E-03
    1.42130626E+01   -1.28461483E-03
    1.45713870E+01   -1.10574262E-03
    1.49387451E+01   -9.48582409E-04
    1.53153646E+01   -8.10964547E-04
    1.57014791E+01   -6.90874434E-04
    1.60973278E+01   -5.86449205E-04
    1.65031563E+01   -4.95973566E-04
    1.69192161E+01   -4.17873348E-04
    1.73457651E+01   -3.50710871E-04
    1.77830678E+01   -2.93177938E-04
    1.82313954E+01   -2.44089250E-04
    1.86910257E+01   -2.02375422E-04
    1.91622436E+01   -1.67075832E-04
    1.96453415E+01   -1.37331265E-04
    2.01406186E+01   -1.12376730E-04
    2.06483822E+01   -9.15339484E-05
    2.11689469E+01    0.00000000E+00
    2.17026356E+01    0.00000000E+00
    2.22497791E+01    0.00000000E+00
    2.28107165E+01    0.00000000E+00
    2.33857957E+01    0.00000000E+00
    2.39753732E+01    0.00000000E+00
    2.45798144E+01    0.00000000E+00
    2.51994942E+01    0.00000000E+00
    2.58347967E+01    0.00000000E+00
    2.64861157E+01    0.00000000E+00
    2.71538551E+01    0.00000000E+00
    2.78384288E+01    0.00000000E+00
    2.85402613E+01    0.00000000E+00
    2.92597876E+01    0.00000000E+00
    2.99974538E+01    0.00000000E+00
    3.07537172E+01    0.00000000E+00
    3.15290468E+01    0.00000000E+00
    3.23239231E+01    0.00000000E+00
    3.31388390E+01    0.00000000E+00
    3.39742997E+01    0.00000000E+00
    3.48308231E+01    0.00000000E+00
    3.57089403E+01    0.00000000E+00
    3.66091956E+01    0.00000000E+00
    3.75321471E+01    0.00000000E+00
    3.84783671E+01    0.00000000E+00
    3.94484422E+01    0.00000000E+00
    4.04429738E+01    0.00000000E+00
    4.14625785E+01    0.00000000E+00
    4.25078883E+01    0.00000000E+00
    4.35795513E+01    0.00000000E+00
    4.46782320E+01    0.00000000E+00
    4.58046114E+01    0.00000000E+00
    4.69593879E+01    0.00000000E+00
    4.81432773E+01    0.00000000E+00
    4.93570137E+01    0.00000000E+00
    5.06013496E+01    0.00000000E+00
    5.18770562E+01    0.00000000E+00
    5.31849246E+01    0.00000000E+00
    5.45257656E+01    0.00000000E+00
    5.59004104E+01    0.00000000E+00
    5.73097113E+01    0.00000000E+00
    5.87545419E+01    0.00000000E+00
    6.02357981E+01    0.00000000E+00
    6.17543981E+01    0.00000000E+00
    6.33112834E+01    0.00000000E+00
    6.49074192E+01    0.00000000E+00
    6.65437950E+01    0.00000000E+00
    6.82214255E+01    0.00000000E+00
    6.99413505E+01    0.00000000E+00
    7.17046364E+01    0.00000000E+00
    7.35123764E+01    0.00000000E+00
    7.53656911E+01    0.00000000E+00
    7.72657297E+01    0.00000000E+00
    7.92136699E+01    0.00000000E+00
    8.12107196E+01    0.00000000E+00
    8.32581167E+01    0.00000000E+00
    8.53571305E+01    0.00000000E+00
    8.75090625E+01    0.00000000E+00
    8.97152466E+01    0.00000000E+00
    9.19770507E+01    0.00000000E+00
    9.42958769E+01    0.00000000E+00
    9.66731629E+01    0.00000000E+00
    9.91103824E+01    0.00000000E+00
    1.01609046E+02    0.00000000E+00
    1.04170704E+02    0.00000000E+00
    1.06796944E+02    0.00000000E+00
    1.09489393E+02    0.00000000E+00
    1.12249722E+02    0.00000000E+00
