# Radial wavefunctions and first derivative.
# Energy units: hartree
# Length units: bohr
#
# State: 3p
# Nodes:     0.725339  
# Peaks:     0.314967      2.142312  
   3.74165729E-05   -1.68466748E-03   -3.35297309E+01
   3.83598792E-05   -1.71605871E-03   -3.33368037E+01
   3.93269671E-05   -1.74818729E-03   -3.31408728E+01
   4.03184362E-05   -1.78101126E-03   -3.29439454E+01
   4.13349012E-05   -1.81448004E-03   -3.27483400E+01
   4.23769921E-05   -1.84854852E-03   -3.25561737E+01
   4.34453551E-05   -1.88323007E-03   -3.23674346E+01
   4.45406526E-05   -1.91855774E-03   -3.21813913E+01
   4.56635635E-05   -1.95456841E-03   -3.19971633E+01
   4.68147840E-05   -1.99129061E-03   -3.18141963E+01
   4.79950279E-05   -2.02873436E-03   -3.16326510E+01
   4.92050268E-05   -2.06690773E-03   -3.14527627E+01
   5.04455309E-05   -2.10581907E-03   -3.12747567E+01
   5.17173092E-05   -2.14548198E-03   -3.10986918E+01
   5.30211502E-05   -2.18591371E-03   -3.09245093E+01
   5.43578623E-05   -2.22713267E-03   -3.07521088E+01
   5.57282741E-05   -2.26915726E-03   -3.05814008E+01
   5.71332353E-05   -2.31200372E-03   -3.04124064E+01
   5.85736168E-05   -2.35568854E-03   -3.02451461E+01
   6.00503117E-05   -2.40022902E-03   -3.00796162E+01
   6.15642354E-05   -2.44564285E-03   -2.99158197E+01
   6.31163265E-05   -2.49194825E-03   -2.97537638E+01
   6.47075473E-05   -2.53916438E-03   -2.95934286E+01
   6.63388842E-05   -2.58731109E-03   -2.94347798E+01
   6.80113486E-05   -2.63640778E-03   -2.92778276E+01
   6.97259774E-05   -2.68647442E-03   -2.91225779E+01
   7.14838335E-05   -2.73753195E-03   -2.89690104E+01
   7.32860069E-05   -2.78960165E-03   -2.88171134E+01
   7.51336146E-05   -2.84270477E-03   -2.86669007E+01
   7.70278023E-05   -2.89686353E-03   -2.85183648E+01
   7.89697442E-05   -2.95210116E-03   -2.83714784E+01
   8.09606443E-05   -3.00844064E-03   -2.82262466E+01
   8.30017367E-05   -3.06590550E-03   -2.80826769E+01
   8.50942870E-05   -3.12452042E-03   -2.79407517E+01
   8.72395924E-05   -3.18431068E-03   -2.78004541E+01
   8.94389830E-05   -3.24530136E-03   -2.76617972E+01
   9.16938222E-05   -3.30751864E-03   -2.75247776E+01
   9.40055079E-05   -3.37098989E-03   -2.73893703E+01
   9.63754734E-05   -3.43574242E-03   -2.72555764E+01
   9.88051880E-05   -3.50180402E-03   -2.71234040E+01
   1.01296158E-04   -3.56920383E-03   -2.69928381E+01
   1.03849927E-04   -3.63797183E-03   -2.68638601E+01
   1.06468080E-04   -3.70813779E-03   -2.67364813E+01
   1.09152238E-04   -3.77973266E-03   -2.66106992E+01
   1.11904067E-04   -3.85278884E-03   -2.64864905E+01
   1.14725271E-04   -3.92733879E-03   -2.63638535E+01
   1.17617601E-04   -4.00341547E-03   -2.62427959E+01
   1.20582849E-04   -4.08105342E-03   -2.61233034E+01
   1.23622854E-04   -4.16028822E-03   -2.60053570E+01
   1.26739500E-04   -4.24115526E-03   -2.58889662E+01
   1.29934720E-04   -4.32369132E-03   -2.57741279E+01
   1.33210494E-04   -4.40793484E-03   -2.56608192E+01
   1.36568853E-04   -4.49392442E-03   -2.55490375E+01
   1.40011880E-04   -4.58169929E-03   -2.54387886E+01
   1.43541708E-04   -4.67130055E-03   -2.53300575E+01
   1.47160527E-04   -4.76277042E-03   -2.52228258E+01
   1.50870580E-04   -4.85615110E-03   -2.51171013E+01
   1.54674166E-04   -4.95148639E-03   -2.50128787E+01
   1.58573644E-04   -5.04882205E-03   -2.49101350E+01
   1.62571432E-04   -5.14820397E-03   -2.48088680E+01
   1.66670008E-04   -5.24967898E-03   -2.47090804E+01
   1.70871912E-04   -5.35329610E-03   -2.46107554E+01
   1.75179751E-04   -5.45910550E-03   -2.45138760E+01
   1.79596194E-04   -5.56715754E-03   -2.44184479E+01
   1.84123979E-04   -5.67750455E-03   -2.43244630E+01
   1.88765915E-04   -5.79020103E-03   -2.42318976E+01
   1.93524877E-04   -5.90530161E-03   -2.41407505E+01
   1.98403818E-04   -6.02286231E-03   -2.40510209E+01
   2.03405761E-04   -6.14294164E-03   -2.39626891E+01
   2.08533808E-04   -6.26559932E-03   -2.38757403E+01
   2.13791137E-04   -6.39089547E-03   -2.37901779E+01
   2.19181009E-04   -6.51889274E-03   -2.37059897E+01
   2.24706764E-04   -6.64965606E-03   -2.36231523E+01
   2.30371829E-04   -6.78325053E-03   -2.35416650E+01
   2.36179715E-04   -6.91974321E-03   -2.34615228E+01
   2.42134023E-04   -7.05920407E-03   -2.33827033E+01
   2.48238445E-04   -7.20170409E-03   -2.33051944E+01
   2.54496765E-04   -7.34731524E-03   -2.32289960E+01
   2.60912863E-04   -7.49611249E-03   -2.31540922E+01
   2.67490717E-04   -7.64817320E-03   -2.30804602E+01
   2.74234404E-04   -7.80357504E-03   -2.30080992E+01
   2.81148107E-04   -7.96239832E-03   -2.29369997E+01
   2.88236109E-04   -8.12472660E-03   -2.28671375E+01
   2.95502807E-04   -8.29064438E-03   -2.27985025E+01
   3.02952706E-04   -8.46023780E-03   -2.27310910E+01
   3.10590423E-04   -8.63359657E-03   -2.26648832E+01
   3.18420693E-04   -8.81081276E-03   -2.25998582E+01
   3.26448373E-04   -8.99197912E-03   -2.25360136E+01
   3.34678437E-04   -9.17719179E-03   -2.24733361E+01
   3.43115989E-04   -9.36655048E-03   -2.24118001E+01
   3.51766259E-04   -9.56015578E-03   -2.23513970E+01
   3.60634611E-04   -9.75811078E-03   -2.22921193E+01
   3.69726542E-04   -9.96052266E-03   -2.22339445E+01
   3.79047689E-04   -1.01675010E-02   -2.21768533E+01
   3.88603830E-04   -1.03791565E-02   -2.21208410E+01
   3.98400891E-04   -1.05956042E-02   -2.20658913E+01
   4.08444945E-04   -1.08169628E-02   -2.20119782E+01
   4.18742218E-04   -1.10433521E-02   -2.19590933E+01
   4.29299096E-04   -1.12748954E-02   -2.19072260E+01
   4.40122121E-04   -1.15117205E-02   -2.18563522E+01
   4.51218006E-04   -1.17539577E-02   -2.18064533E+01
   4.62593628E-04   -1.20017392E-02   -2.17575224E+01
   4.74256039E-04   -1.22552021E-02   -2.17095415E+01
   4.86212471E-04   -1.25144878E-02   -2.16624842E+01
   4.98470336E-04   -1.27797390E-02   -2.16163414E+01
   5.11037233E-04   -1.30511025E-02   -2.15711007E+01
   5.23920952E-04   -1.33287305E-02   -2.15267373E+01
   5.37129482E-04   -1.36127782E-02   -2.14832320E+01
   5.50671012E-04   -1.39034030E-02   -2.14405768E+01
   5.64553935E-04   -1.42007679E-02   -2.13987527E+01
   5.78786861E-04   -1.45050411E-02   -2.13577334E+01
   5.93378611E-04   -1.48163926E-02   -2.13175077E+01
   6.08338233E-04   -1.51349968E-02   -2.12780630E+01
   6.23675000E-04   -1.54610344E-02   -2.12393754E+01
   6.39398422E-04   -1.57946902E-02   -2.12014232E+01
   6.55518245E-04   -1.61361512E-02   -2.11641975E+01
   6.72044464E-04   -1.64856108E-02   -2.11276807E+01
   6.88987325E-04   -1.68432687E-02   -2.10918463E+01
   7.06357330E-04   -1.72093271E-02   -2.10566798E+01
   7.24165250E-04   -1.75839930E-02   -2.10221698E+01
   7.42422123E-04   -1.79674801E-02   -2.09882947E+01
   7.61139269E-04   -1.83600082E-02   -2.09550296E+01
   7.80328292E-04   -1.87617995E-02   -2.09223638E+01
   8.00001087E-04   -1.91730825E-02   -2.08902826E+01
   8.20169852E-04   -1.95940934E-02   -2.08587620E+01
   8.40847090E-04   -2.00250732E-02   -2.08277807E+01
   8.62045620E-04   -2.04662668E-02   -2.07973289E+01
   8.83778585E-04   -2.09179261E-02   -2.07673896E+01
   9.06059458E-04   -2.13803113E-02   -2.07379375E+01
   9.28902052E-04   -2.18536872E-02   -2.07089546E+01
   9.52320529E-04   -2.23383232E-02   -2.06804304E+01
   9.76329407E-04   -2.28344969E-02   -2.06523469E+01
   1.00094357E-03   -2.33424947E-02   -2.06246788E+01
   1.02617828E-03   -2.38626072E-02   -2.05974093E+01
   1.05204918E-03   -2.43951308E-02   -2.05705279E+01
   1.07857231E-03   -2.49403708E-02   -2.05440170E+01
   1.10576411E-03   -2.54986417E-02   -2.05178516E+01
   1.13364145E-03   -2.60702635E-02   -2.04920137E+01
   1.16222159E-03   -2.66555617E-02   -2.04664930E+01
   1.19152227E-03   -2.72548711E-02   -2.04412736E+01
   1.22156164E-03   -2.78685370E-02   -2.04163322E+01
   1.25235834E-03   -2.84969120E-02   -2.03916458E+01
   1.28393145E-03   -2.91403533E-02   -2.03672052E+01
   1.31630054E-03   -2.97992272E-02   -2.03429984E+01
   1.34948569E-03   -3.04739106E-02   -2.03190074E+01
   1.38350747E-03   -3.11647914E-02   -2.02952076E+01
   1.41838697E-03   -3.18722651E-02   -2.02715782E+01
   1.45414581E-03   -3.25967325E-02   -2.02481097E+01
   1.49080617E-03   -3.33386053E-02   -2.02247886E+01
   1.52839077E-03   -3.40983066E-02   -2.02015962E+01
   1.56692291E-03   -3.48762706E-02   -2.01785094E+01
   1.60642648E-03   -3.56729385E-02   -2.01555138E+01
   1.64692597E-03   -3.64887603E-02   -2.01325973E+01
   1.68844649E-03   -3.73241987E-02   -2.01097433E+01
   1.73101378E-03   -3.81797285E-02   -2.00869301E+01
   1.77465424E-03   -3.90558327E-02   -2.00641420E+01
   1.81939491E-03   -3.99530042E-02   -2.00413665E+01
   1.86526353E-03   -4.08717488E-02   -2.00185872E+01
   1.91228854E-03   -4.18125850E-02   -1.99957833E+01
   1.96049910E-03   -4.27760409E-02   -1.99729396E+01
   2.00992509E-03   -4.37626552E-02   -1.99500432E+01
   2.06059715E-03   -4.47729803E-02   -1.99270769E+01
   2.11254670E-03   -4.58075825E-02   -1.99040209E+01
   2.16580595E-03   -4.68670376E-02   -1.98808609E+01
   2.22040792E-03   -4.79519337E-02   -1.98575828E+01
   2.27638645E-03   -4.90628741E-02   -1.98341690E+01
   2.33377625E-03   -5.02004754E-02   -1.98106007E+01
   2.39261290E-03   -5.13653649E-02   -1.97868641E+01
   2.45293288E-03   -5.25581841E-02   -1.97629443E+01
   2.51477357E-03   -5.37795903E-02   -1.97388226E+01
   2.57817333E-03   -5.50302540E-02   -1.97144818E+01
   2.64317146E-03   -5.63108578E-02   -1.96899081E+01
   2.70980825E-03   -5.76221004E-02   -1.96650852E+01
   2.77812501E-03   -5.89646965E-02   -1.96399942E+01
   2.84816411E-03   -6.03393739E-02   -1.96146193E+01
   2.91996895E-03   -6.17468746E-02   -1.95889458E+01
   2.99358406E-03   -6.31879579E-02   -1.95629561E+01
   3.06905507E-03   -6.46633992E-02   -1.95366318E+01
   3.14642878E-03   -6.61739873E-02   -1.95099578E+01
   3.22575315E-03   -6.77205274E-02   -1.94829181E+01
   3.30707736E-03   -6.93038432E-02   -1.94554940E+01
   3.39045183E-03   -7.09247733E-02   -1.94276682E+01
   3.47592824E-03   -7.25841717E-02   -1.93994252E+01
   3.56355960E-03   -7.42829106E-02   -1.93707475E+01
   3.65340022E-03   -7.60218804E-02   -1.93416160E+01
   3.74550581E-03   -7.78019865E-02   -1.93120143E+01
   3.83993346E-03   -7.96241517E-02   -1.92819257E+01
   3.93674172E-03   -8.14893183E-02   -1.92513313E+01
   4.03599061E-03   -8.33984458E-02   -1.92202124E+01
   4.13774165E-03   -8.53525099E-02   -1.91885524E+01
   4.24205793E-03   -8.73525052E-02   -1.91563331E+01
   4.34900412E-03   -8.93994465E-02   -1.91235348E+01
   4.45864653E-03   -9.14943644E-02   -1.90901393E+01
   4.57105312E-03   -9.36383080E-02   -1.90561290E+01
   4.68629358E-03   -9.58323464E-02   -1.90214841E+01
   4.80443936E-03   -9.80775677E-02   -1.89861847E+01
   4.92556370E-03   -1.00375076E-01   -1.89502127E+01
   5.04974170E-03   -1.02725997E-01   -1.89135487E+01
   5.17705035E-03   -1.05131474E-01   -1.88761719E+01
   5.30756856E-03   -1.07592669E-01   -1.88380626E+01
   5.44137725E-03   -1.10110763E-01   -1.87992016E+01
   5.57855939E-03   -1.12686957E-01   -1.87595680E+01
   5.71920001E-03   -1.15322469E-01   -1.87191404E+01
   5.86338632E-03   -1.18018537E-01   -1.86778989E+01
   6.01120769E-03   -1.20776417E-01   -1.86358228E+01
   6.16275578E-03   -1.23597385E-01   -1.85928899E+01
   6.31812453E-03   -1.26482733E-01   -1.85490787E+01
   6.47741028E-03   -1.29433774E-01   -1.85043681E+01
   6.64071176E-03   -1.32451835E-01   -1.84587360E+01
   6.80813022E-03   -1.35538267E-01   -1.84121595E+01
   6.97976946E-03   -1.38694433E-01   -1.83646165E+01
   7.15573588E-03   -1.41921716E-01   -1.83160847E+01
   7.33613858E-03   -1.45221515E-01   -1.82665405E+01
   7.52108940E-03   -1.48595246E-01   -1.82159605E+01
   7.71070299E-03   -1.52044341E-01   -1.81643218E+01
   7.90509692E-03   -1.55570246E-01   -1.81116007E+01
   8.10439170E-03   -1.59174427E-01   -1.80577725E+01
   8.30871089E-03   -1.62858358E-01   -1.80028134E+01
   8.51818115E-03   -1.66623530E-01   -1.79466992E+01
   8.73293235E-03   -1.70471449E-01   -1.78894048E+01
   8.95309762E-03   -1.74403631E-01   -1.78309052E+01
   9.17881346E-03   -1.78421604E-01   -1.77711754E+01
   9.41021981E-03   -1.82526905E-01   -1.77101904E+01
   9.64746013E-03   -1.86721085E-01   -1.76479238E+01
   9.89068149E-03   -1.91005701E-01   -1.75843501E+01
   1.01400347E-02   -1.95382317E-01   -1.75194436E+01
   1.03956743E-02   -1.99852504E-01   -1.74531779E+01
   1.06577588E-02   -2.04417841E-01   -1.73855262E+01
   1.09264508E-02   -2.09079907E-01   -1.73164623E+01
   1.12019167E-02   -2.13840284E-01   -1.72459597E+01
   1.14843273E-02   -2.18700557E-01   -1.71739909E+01
   1.17738578E-02   -2.23662309E-01   -1.71005292E+01
   1.20706876E-02   -2.28727118E-01   -1.70255477E+01
   1.23750007E-02   -2.33896563E-01   -1.69490188E+01
   1.26869859E-02   -2.39172214E-01   -1.68709152E+01
   1.30068365E-02   -2.44555630E-01   -1.67912097E+01
   1.33347509E-02   -2.50048362E-01   -1.67098749E+01
   1.36709322E-02   -2.55651949E-01   -1.66268831E+01
   1.40155890E-02   -2.61367914E-01   -1.65422069E+01
   1.43689349E-02   -2.67197760E-01   -1.64558191E+01
   1.47311890E-02   -2.73142972E-01   -1.63676921E+01
   1.51025759E-02   -2.79205012E-01   -1.62777985E+01
   1.54833258E-02   -2.85385311E-01   -1.61861114E+01
   1.58736747E-02   -2.91685275E-01   -1.60926037E+01
   1.62738646E-02   -2.98106277E-01   -1.59972483E+01
   1.66841438E-02   -3.04649650E-01   -1.59000185E+01
   1.71047664E-02   -3.11316690E-01   -1.58008881E+01
   1.75359933E-02   -3.18108648E-01   -1.56998309E+01
   1.79780919E-02   -3.25026729E-01   -1.55968207E+01
   1.84313362E-02   -3.32072083E-01   -1.54918325E+01
   1.88960071E-02   -3.39245804E-01   -1.53848411E+01
   1.93723929E-02   -3.46548929E-01   -1.52758218E+01
   1.98607888E-02   -3.53982426E-01   -1.51647503E+01
   2.03614976E-02   -3.61547192E-01   -1.50516033E+01
   2.08748297E-02   -3.69244051E-01   -1.49363577E+01
   2.14011034E-02   -3.77073747E-01   -1.48189910E+01
   2.19406449E-02   -3.85036931E-01   -1.46994819E+01
   2.24937888E-02   -3.93134168E-01   -1.45778095E+01
   2.30608780E-02   -4.01365924E-01   -1.44539537E+01
   2.36422640E-02   -4.09732563E-01   -1.43278952E+01
   2.42383072E-02   -4.18234330E-01   -1.41996161E+01
   2.48493773E-02   -4.26871361E-01   -1.40690991E+01
   2.54758530E-02   -4.35643667E-01   -1.39363281E+01
   2.61181227E-02   -4.44551125E-01   -1.38012883E+01
   2.67765847E-02   -4.53593474E-01   -1.36639659E+01
   2.74516471E-02   -4.62770314E-01   -1.35243486E+01
   2.81437284E-02   -4.72081083E-01   -1.33824253E+01
   2.88532577E-02   -4.81525058E-01   -1.32381868E+01
   2.95806749E-02   -4.91101357E-01   -1.30916247E+01
   3.03264310E-02   -5.00808913E-01   -1.29427329E+01
   3.10909883E-02   -5.10646470E-01   -1.27915066E+01
   3.18748208E-02   -5.20612589E-01   -1.26379430E+01
   3.26784144E-02   -5.30705617E-01   -1.24820410E+01
   3.35022673E-02   -5.40923688E-01   -1.23238019E+01
   3.43468904E-02   -5.51264725E-01   -1.21632284E+01
   3.52128071E-02   -5.61726416E-01   -1.20003257E+01
   3.61005545E-02   -5.72306199E-01   -1.18351014E+01
   3.70106827E-02   -5.83001278E-01   -1.16675652E+01
   3.79437561E-02   -5.93808590E-01   -1.14977291E+01
   3.89003532E-02   -6.04724796E-01   -1.13256080E+01
   3.98810670E-02   -6.15746294E-01   -1.11512190E+01
   4.08865054E-02   -6.26869179E-01   -1.09745822E+01
   4.19172919E-02   -6.38089251E-01   -1.07957205E+01
   4.29740655E-02   -6.49402011E-01   -1.06146592E+01
   4.40574813E-02   -6.60802623E-01   -1.04314274E+01
   4.51682110E-02   -6.72285942E-01   -1.02460566E+01
   4.63069432E-02   -6.83846469E-01   -1.00585817E+01
   4.74743840E-02   -6.95478368E-01   -9.86904083E+00
   4.86712569E-02   -7.07175441E-01   -9.67747555E+00
   4.98983042E-02   -7.18931123E-01   -9.48393077E+00
   5.11562864E-02   -7.30738478E-01   -9.28845485E+00
   5.24459836E-02   -7.42590177E-01   -9.09109991E+00
   5.37681951E-02   -7.54478509E-01   -8.89192152E+00
   5.51237409E-02   -7.66395352E-01   -8.69097923E+00
   5.65134612E-02   -7.78332184E-01   -8.48833620E+00
   5.79382177E-02   -7.90280058E-01   -8.28405967E+00
   5.93988935E-02   -8.02229613E-01   -8.07822067E+00
   6.08963944E-02   -8.14171062E-01   -7.87089421E+00
   6.24316486E-02   -8.26094166E-01   -7.66215966E+00
   6.40056080E-02   -8.37988258E-01   -7.45210031E+00
   6.56192484E-02   -8.49842243E-01   -7.24080341E+00
   6.72735702E-02   -8.61644560E-01   -7.02836070E+00
   6.89695989E-02   -8.73383207E-01   -6.81486805E+00
   7.07083860E-02   -8.85045733E-01   -6.60042558E+00
   7.24910096E-02   -8.96619239E-01   -6.38513765E+00
   7.43185748E-02   -9.08090381E-01   -6.16911288E+00
   7.61922146E-02   -9.19445361E-01   -5.95246423E+00
   7.81130905E-02   -9.30669948E-01   -5.73530885E+00
   8.00823935E-02   -9.41749471E-01   -5.51776811E+00
   8.21013445E-02   -9.52668830E-01   -5.29996762E+00
   8.41711951E-02   -9.63412506E-01   -5.08203709E+00
   8.62932285E-02   -9.73964562E-01   -4.86411037E+00
   8.84687603E-02   -9.84308670E-01   -4.64632528E+00
   9.06991393E-02   -9.94428105E-01   -4.42882363E+00
   9.29857482E-02   -1.00430579E+00   -4.21175089E+00
   9.53300046E-02   -1.01392427E+00   -3.99525639E+00
   9.77333619E-02   -1.02326579E+00   -3.77949297E+00
   1.00197310E-01   -1.03231224E+00   -3.56461683E+00
   1.02723377E-01   -1.04104527E+00   -3.35078736E+00
   1.05313128E-01   -1.04944623E+00   -3.13816700E+00
   1.07968169E-01   -1.05749628E+00   -2.92692098E+00
   1.10690146E-01   -1.06517633E+00   -2.71721702E+00
   1.13480746E-01   -1.07246716E+00   -2.50922514E+00
   1.16341700E-01   -1.07934942E+00   -2.30311729E+00
   1.19274782E-01   -1.08580363E+00   -2.09906704E+00
   1.22281809E-01   -1.09181031E+00   -1.89724926E+00
   1.25364646E-01   -1.09734993E+00   -1.69783971E+00
   1.28525205E-01   -1.10240302E+00   -1.50101467E+00
   1.31765443E-01   -1.10695018E+00   -1.30695043E+00
   1.35087372E-01   -1.11097217E+00   -1.11582297E+00
   1.38493049E-01   -1.11444991E+00   -9.27807289E-01
   1.41984586E-01   -1.11736456E+00   -7.43077251E-01
   1.45564149E-01   -1.11969761E+00   -5.61804634E-01
   1.49233955E-01   -1.12143088E+00   -3.84158978E-01
   1.52996281E-01   -1.12254659E+00   -2.10306913E-01
   1.56853458E-01   -1.12302747E+00   -4.04116523E-02
   1.60807878E-01   -1.12285675E+00    1.25367507E-01
   1.64861993E-01   -1.12201828E+00    2.86875680E-01
   1.69018316E-01   -1.12049657E+00    4.43962895E-01
   1.73279423E-01   -1.11827685E+00    5.96484530E-01
   1.77647957E-01   -1.11534513E+00    7.44301749E-01
   1.82126626E-01   -1.11168832E+00    8.87282021E-01
   1.86718206E-01   -1.10729419E+00    1.02529911E+00
   1.91425544E-01   -1.10215156E+00    1.15823415E+00
   1.96251559E-01   -1.09625028E+00    1.28597512E+00
   2.01199241E-01   -1.08958133E+00    1.40841796E+00
   2.06271660E-01   -1.08213688E+00    1.52546611E+00
   2.11471958E-01   -1.07391033E+00    1.63703117E+00
   2.16803361E-01   -1.06489639E+00    1.74303283E+00
   2.22269174E-01   -1.05509127E+00    1.84340087E+00
   2.27872785E-01   -1.04449255E+00    1.93807306E+00
   2.33617667E-01   -1.03309930E+00    2.02699657E+00
   2.39507384E-01   -1.02091218E+00    2.11012857E+00
   2.45545586E-01   -1.00793349E+00    2.18743626E+00
   2.51736017E-01   -9.94167193E-01    2.25889736E+00
   2.58082514E-01   -9.79618974E-01    2.32450047E+00
   2.64589012E-01   -9.64296270E-01    2.38424528E+00
   2.71259545E-01   -9.48208335E-01    2.43814325E+00
   2.78098248E-01   -9.31366228E-01    2.48621759E+00
   2.85109361E-01   -9.13782844E-01    2.52850356E+00
   2.92297231E-01   -8.95472981E-01    2.56504927E+00
   2.99666313E-01   -8.76453252E-01    2.59591494E+00
   3.07221177E-01   -8.56742156E-01    2.62117369E+00
   3.14966506E-01   -8.36360015E-01    2.64091112E+00
   3.22907102E-01   -8.15328987E-01    2.65522551E+00
   3.31047888E-01   -7.93673006E-01    2.66422741E+00
   3.39393910E-01   -7.71417768E-01    2.66803963E+00
   3.47950344E-01   -7.48590651E-01    2.66679656E+00
   3.56722493E-01   -7.25220679E-01    2.66064400E+00
   3.65715795E-01   -7.01338445E-01    2.64973842E+00
   3.74935828E-01   -6.76976026E-01    2.63424631E+00
   3.84388306E-01   -6.52166923E-01    2.61434367E+00
   3.94079089E-01   -6.26945947E-01    2.59021492E+00
   4.04014186E-01   -6.01349132E-01    2.56205224E+00
   4.14199756E-01   -5.75413634E-01    2.53005458E+00
   4.24642114E-01   -5.49177622E-01    2.49442674E+00
   4.35347733E-01   -5.22680167E-01    2.45537832E+00
   4.46323251E-01   -4.95961183E-01    2.41312336E+00
   4.57575471E-01   -4.69061059E-01    2.36787657E+00
   4.69111370E-01   -4.42021035E-01    2.31985769E+00
   4.80938100E-01   -4.14882595E-01    2.26928517E+00
   4.93062993E-01   -3.87687581E-01    2.21637775E+00
   5.05493566E-01   -3.60478074E-01    2.16135353E+00
   5.18237525E-01   -3.33296196E-01    2.10442817E+00
   5.31302770E-01   -3.06184088E-01    2.04581516E+00
   5.44697403E-01   -2.79183734E-01    1.98572432E+00
   5.58429726E-01   -2.52336864E-01    1.92436125E+00
   5.72508255E-01   -2.25684868E-01    1.86192706E+00
   5.86941715E-01   -1.99268659E-01    1.79861738E+00
   6.01739057E-01   -1.73128617E-01    1.73462256E+00
   6.16909453E-01   -1.47304430E-01    1.67012652E+00
   6.32462309E-01   -1.21835043E-01    1.60530704E+00
   6.48407267E-01   -9.67585342E-02    1.54033521E+00
   6.64754212E-01   -7.21120455E-02    1.47537570E+00
   6.81513278E-01   -4.79316280E-02    1.41058535E+00
   6.98694856E-01   -2.42522553E-02    1.34611526E+00
   7.16309598E-01   -1.10763401E-03    1.28210898E+00
   7.34368423E-01    2.14698509E-02    1.21870294E+00
   7.52882528E-01    4.34492155E-02    1.15602661E+00
   7.71863390E-01    6.48009854E-02    1.09420268E+00
   7.91322778E-01    8.54972716E-02    1.03334662E+00
   8.11272754E-01    1.05511860E-01    9.73566952E-01
   8.31725688E-01    1.24820294E-01    9.14965149E-01
   8.52694259E-01    1.43399951E-01    8.57635566E-01
   8.74191468E-01    1.61230114E-01    8.01665355E-01
   8.96230640E-01    1.78292040E-01    7.47134359E-01
   9.18825441E-01    1.94569015E-01    6.94114949E-01
   9.41989877E-01    2.10046398E-01    6.42671859E-01
   9.65738310E-01    2.24711657E-01    5.92862009E-01
   9.90085463E-01    2.38554384E-01    5.44734340E-01
   1.01504643E+00    2.51566303E-01    4.98329673E-01
   1.04063669E+00    2.63741253E-01    4.53680629E-01
   1.06687210E+00    2.75075161E-01    4.10811641E-01
   1.09376893E+00    2.85566000E-01    3.69739071E-01
   1.12134385E+00    2.95213727E-01    3.30471479E-01
   1.14961396E+00    3.04020226E-01    2.93010022E-01
   1.17859679E+00    3.11989222E-01    2.57349040E-01
   1.20831030E+00    3.19126236E-01    2.23476696E-01
   1.23877292E+00    3.25438483E-01    1.91375817E-01
   1.27000352E+00    3.30934834E-01    1.61024659E-01
   1.30202148E+00    3.35625762E-01    1.32397734E-01
   1.33484664E+00    3.39523297E-01    1.05466523E-01
   1.36849936E+00    3.42641004E-01    8.02001030E-02
   1.40300049E+00    3.44993954E-01    5.65656227E-02
   1.43837142E+00    3.46598724E-01    3.45286116E-02
   1.47463409E+00    3.47473373E-01    1.40532034E-02
   1.51181098E+00    3.47637432E-01   -4.89779870E-03
   1.54992513E+00    3.47111885E-01   -2.23629262E-02
   1.58900017E+00    3.45919137E-01   -3.83821043E-02
   1.62906033E+00    3.44082978E-01   -5.29967488E-02
   1.67013044E+00    3.41628529E-01   -6.62498512E-02
   1.71223597E+00    3.38582171E-01   -7.81860545E-02
   1.75540301E+00    3.34971467E-01   -8.88516960E-02
   1.79965834E+00    3.30825067E-01   -9.82948091E-02
   1.84502939E+00    3.26172597E-01   -1.06565075E-01
   1.89154428E+00    3.21044538E-01   -1.13713728E-01
   1.93923185E+00    3.15472100E-01   -1.19793424E-01
   1.98812168E+00    3.09487079E-01   -1.24858048E-01
   2.03824406E+00    3.03121712E-01   -1.28962503E-01
   2.08963007E+00    2.96408532E-01   -1.32162467E-01
   2.14231157E+00    2.89380214E-01   -1.34514115E-01
   2.19632122E+00    2.82069421E-01   -1.36073840E-01
   2.25169250E+00    2.74508663E-01   -1.36897962E-01
   2.30845974E+00    2.66730143E-01   -1.37042425E-01
   2.36665814E+00    2.58765620E-01   -1.36562517E-01
   2.42632377E+00    2.50646282E-01   -1.35512607E-01
   2.48749363E+00    2.42402612E-01   -1.33945854E-01
   2.55020564E+00    2.34064276E-01   -1.31913991E-01
   2.61449867E+00    2.25660018E-01   -1.29467099E-01
   2.68041260E+00    2.17217564E-01   -1.26653419E-01
   2.74798827E+00    2.08763534E-01   -1.23519184E-01
   2.81726759E+00    2.00323372E-01   -1.20108486E-01
   2.88829350E+00    1.91921281E-01   -1.16463166E-01
   2.96111004E+00    1.83580172E-01   -1.12622733E-01
   3.03576235E+00    1.75321617E-01   -1.08624311E-01
   3.11229672E+00    1.67165824E-01   -1.04502605E-01
   3.19076059E+00    1.59131610E-01   -1.00289898E-01
   3.27120260E+00    1.51236385E-01   -9.60160614E-02
   3.35367264E+00    1.43496151E-01   -9.17085886E-02
   3.43822182E+00    1.35925501E-01   -8.73926406E-02
   3.52490256E+00    1.28537628E-01   -8.30911090E-02
   3.61376860E+00    1.21344338E-01   -7.88246894E-02
   3.70487504E+00    1.14356075E-01   -7.46119573E-02
   3.79827835E+00    1.07581941E-01   -7.04694692E-02
   3.89403645E+00    1.01029731E-01   -6.64118449E-02
   3.99220870E+00    9.47059636E-02   -6.24518711E-02
   4.09285596E+00    8.86159217E-02   -5.86006002E-02
   4.19604063E+00    8.27636911E-02   -5.48674512E-02
   4.30182668E+00    7.71522059E-02   -5.12603100E-02
   4.41027970E+00    7.17832949E-02   -4.77856284E-02
   4.52146691E+00    6.66577301E-02   -4.44485225E-02
   4.63545726E+00    6.17752790E-02   -4.12528668E-02
   4.75232141E+00    5.71347558E-02   -3.82013880E-02
   4.87213182E+00    5.27340783E-02   -3.52957534E-02
   4.99496275E+00    4.85703227E-02   -3.25366583E-02
   5.12089037E+00    4.46397823E-02   -2.99239091E-02
   5.24999273E+00    4.09380255E-02   -2.74565034E-02
   5.38234989E+00    3.74599564E-02   -2.51327072E-02
   5.51804389E+00    3.41998758E-02   -2.29501291E-02
   5.65715886E+00    3.11515419E-02   -2.09057913E-02
   5.79978105E+00    2.83082305E-02   -1.89961973E-02
   5.94599888E+00    2.56628021E-02   -1.72173996E-02
   6.09590299E+00    2.32077550E-02   -1.55650587E-02
   6.24958632E+00    2.09352915E-02   -1.40345057E-02
   6.40714416E+00    1.88373782E-02   -1.26208000E-02
   6.56867416E+00    1.69058020E-02   -1.13187827E-02
   6.73427650E+00    1.51322280E-02   -1.01231287E-02
   6.90405381E+00    1.35082554E-02   -9.02839649E-03
   7.07811137E+00    1.20254690E-02   -8.02907405E-03
   7.25655709E+00    1.06754909E-02   -7.11962290E-03
   7.43950158E+00    9.45002654E-03   -6.29451791E-03
   7.62705827E+00    8.34090885E-03   -5.54828491E-03
   7.81934344E+00    7.34013895E-03   -4.87553466E-03
   8.01647630E+00    6.43992357E-03   -4.27099437E-03
   8.21857905E+00    5.63270610E-03   -3.72953393E-03
   8.42577700E+00    4.91119752E-03   -3.24619147E-03
   8.63819861E+00    4.26839940E-03   -2.81619291E-03
   8.85597556E+00    3.69762546E-03   -2.43497007E-03
   9.07924287E+00    3.19251749E-03   -2.09817429E-03
   9.30813895E+00    2.74705769E-03   -1.80168721E-03
   9.54280571E+00    2.35557778E-03   -1.54162891E-03
   9.78338864E+00    2.01276211E-03   -1.31436147E-03
   1.00300369E+01    1.71365138E-03   -1.11649267E-03
   1.02829034E+01    1.45363781E-03   -9.44873413E-04
   1.05421448E+01    1.22846154E-03   -7.96595789E-04
   1.08079220E+01    1.03420219E-03   -6.68987502E-04
   1.10803997E+01    8.67269819E-04   -5.59605722E-04
   1.13597468E+01    7.24390461E-04   -4.66227007E-04
   1.16461365E+01    6.02594405E-04   -3.86839011E-04
   1.19397463E+01    4.99199644E-04   -3.19628745E-04
   1.22407583E+01    4.11795961E-04   -2.62971228E-04
   1.25493591E+01    3.38227696E-04   -2.15417199E-04
   1.28657400E+01    2.76576359E-04   -1.75680693E-04
   1.31900972E+01    2.25142450E-04   -1.42626117E-04
   1.35226317E+01    1.82428758E-04   -1.15256327E-04
   1.38635497E+01    1.47122136E-04   -9.26997412E-05
   1.42130626E+01    1.18077025E-04   -7.41986842E-05
   1.45713870E+01    9.42991983E-05   -5.90979423E-05
   1.49387451E+01    7.49301091E-05   -4.68338010E-05
   1.53153646E+01    5.92324970E-05   -3.69239963E-05
   1.57014791E+01    4.65764765E-05   -2.89580643E-05
   1.60973278E+01    3.64268828E-05   -2.25886023E-05
   1.65031563E+01    2.83315826E-05   -1.75232386E-05
   1.69192161E+01    2.19106476E-05   -1.35172416E-05
   1.73457651E+01    1.68467465E-05   -1.03669914E-05
   1.77830678E+01    1.28763328E-05   -7.90403030E-06
   1.82313954E+01    9.78184060E-06   -5.98982311E-06
   1.86910257E+01    7.38475380E-06   -4.51113169E-06
   1.91622436E+01    5.53950736E-06   -3.37596415E-06
   1.96453415E+01    4.12815326E-06   -2.51006502E-06
   2.01406186E+01    3.05574417E-06   -1.85385813E-06
   2.06483822E+01    2.24634385E-06   -1.35992800E-06
   2.11689469E+01    1.63966147E-06   -9.90521790E-07
   2.17026356E+01    1.18821240E-06   -7.16201409E-07
   2.22497791E+01    8.54716007E-07   -5.14077138E-07
   2.28107165E+01    6.10174922E-07   -3.66224174E-07
   2.33857957E+01    4.32223220E-07   -2.58887335E-07
   2.39753732E+01    3.03735965E-07   -1.81564619E-07
   2.45798144E+01    2.11705606E-07   -1.26305326E-07
   2.51994942E+01    1.46327137E-07   -8.71344372E-08
   2.58347967E+01    1.00272296E-07   -5.95994687E-08
   2.64861157E+01    6.81092582E-08   -4.04095828E-08
   2.71538551E+01    4.58461191E-08   -2.71529720E-08
   2.78384288E+01    3.05753077E-08   -1.80776304E-08
   2.85402613E+01    2.01979815E-08   -1.19221150E-08
   2.92597876E+01    1.32132887E-08   -7.78662556E-09
   2.99974538E+01    8.55795951E-09   -5.03523190E-09
   3.07537172E+01    5.48626204E-09   -3.22295394E-09
   3.15290468E+01    3.48030032E-09   -2.04145377E-09
   3.23239231E+01    2.18411489E-09   -1.27926387E-09
   3.31388390E+01    1.35560578E-09   -7.92859093E-10
   3.39742997E+01    8.31893564E-10   -4.85874391E-10
   3.48308231E+01    5.04612115E-10   -2.94322124E-10
   3.57089403E+01    3.02462972E-10   -1.76181929E-10
   3.66091956E+01    1.79093834E-10   -1.04185728E-10
   3.75321471E+01    1.04724379E-10   -6.08454368E-11
   3.84783671E+01    6.04559139E-11   -3.50820902E-11
   3.94484422E+01    3.44436682E-11   -1.99634672E-11
   4.04429738E+01    1.93605713E-11   -1.12082494E-11
   4.14625785E+01    1.07328089E-11   -6.20638669E-12
   4.25078883E+01    5.86599723E-12   -3.38832882E-12
   4.35795513E+01    3.15976531E-12   -1.82317755E-12
   4.46782320E+01    1.67681687E-12   -9.66500393E-13
   4.58046114E+01    8.76337589E-13   -5.04593467E-13
   4.69593879E+01    4.50869110E-13   -2.59349688E-13
   4.81432773E+01    2.28257271E-13   -1.31170372E-13
   4.93570137E+01    1.13673461E-13   -6.52614777E-14
   5.06013496E+01    5.56609058E-14   -3.19260485E-14
   5.18770562E+01    2.67860885E-14   -1.53501066E-14
   5.31849246E+01    1.26639132E-14    0.00000000E+00
   5.45257656E+01    0.00000000E+00    0.00000000E+00
   5.59004104E+01    0.00000000E+00    0.00000000E+00
   5.73097113E+01    0.00000000E+00    0.00000000E+00
   5.87545419E+01    0.00000000E+00    0.00000000E+00
   6.02357981E+01    0.00000000E+00    0.00000000E+00
   6.17543981E+01    0.00000000E+00    0.00000000E+00
   6.33112834E+01    0.00000000E+00    0.00000000E+00
   6.49074192E+01    0.00000000E+00    0.00000000E+00
   6.65437950E+01    0.00000000E+00    0.00000000E+00
   6.82214255E+01    0.00000000E+00    0.00000000E+00
   6.99413505E+01    0.00000000E+00    0.00000000E+00
   7.17046364E+01    0.00000000E+00    0.00000000E+00
   7.35123764E+01    0.00000000E+00    0.00000000E+00
   7.53656911E+01    0.00000000E+00    0.00000000E+00
   7.72657297E+01    0.00000000E+00    0.00000000E+00
   7.92136699E+01    0.00000000E+00    0.00000000E+00
   8.12107196E+01    0.00000000E+00    0.00000000E+00
   8.32581167E+01    0.00000000E+00    0.00000000E+00
   8.53571305E+01    0.00000000E+00    0.00000000E+00
   8.75090625E+01    0.00000000E+00    0.00000000E+00
   8.97152466E+01    0.00000000E+00    0.00000000E+00
   9.19770507E+01    0.00000000E+00    0.00000000E+00
   9.42958769E+01    0.00000000E+00    0.00000000E+00
   9.66731629E+01    0.00000000E+00    0.00000000E+00
   9.91103824E+01    0.00000000E+00    0.00000000E+00
   1.01609046E+02    0.00000000E+00    0.00000000E+00
   1.04170704E+02    0.00000000E+00    0.00000000E+00
   1.06796944E+02    0.00000000E+00    0.00000000E+00
   1.09489393E+02    0.00000000E+00    0.00000000E+00
   1.12249722E+02    0.00000000E+00    0.00000000E+00
