# 
# Energy units: hartree
# Length units: bohr
#
# ----------------------------------
# |       r       |      v(r)      |
# ----------------------------------
   3.74165729E-05   -3.74165748E+05
   3.83598792E-05   -3.64964653E+05
   3.93269671E-05   -3.55989821E+05
   4.03184362E-05   -3.47235690E+05
   4.13349012E-05   -3.38696830E+05
   4.23769921E-05   -3.30367950E+05
   4.34453551E-05   -3.22243884E+05
   4.45406526E-05   -3.14319598E+05
   4.56635635E-05   -3.06590177E+05
   4.68147840E-05   -2.99050830E+05
   4.79950279E-05   -2.91696882E+05
   4.92050268E-05   -2.84523776E+05
   5.04455309E-05   -2.77527063E+05
   5.17173092E-05   -2.70702405E+05
   5.30211502E-05   -2.64045573E+05
   5.43578623E-05   -2.57552439E+05
   5.57282741E-05   -2.51218977E+05
   5.71332353E-05   -2.45041261E+05
   5.85736168E-05   -2.39015461E+05
   6.00503117E-05   -2.33137841E+05
   6.15642354E-05   -2.27404757E+05
   6.31163265E-05   -2.21812656E+05
   6.47075473E-05   -2.16358069E+05
   6.63388842E-05   -2.11037617E+05
   6.80113486E-05   -2.05847999E+05
   6.97259774E-05   -2.00785999E+05
   7.14838335E-05   -1.95848478E+05
   7.32860069E-05   -1.91032376E+05
   7.51336146E-05   -1.86334706E+05
   7.70278023E-05   -1.81752557E+05
   7.89697442E-05   -1.77283087E+05
   8.09606443E-05   -1.72923525E+05
   8.30017367E-05   -1.68671169E+05
   8.50942870E-05   -1.64523383E+05
   8.72395924E-05   -1.60477595E+05
   8.94389830E-05   -1.56531297E+05
   9.16938222E-05   -1.52682042E+05
   9.40055079E-05   -1.48927444E+05
   9.63754734E-05   -1.45265175E+05
   9.88051880E-05   -1.41692965E+05
   1.01296158E-04   -1.38208598E+05
   1.03849927E-04   -1.34809916E+05
   1.06468080E-04   -1.31494811E+05
   1.09152238E-04   -1.28261227E+05
   1.11904067E-04   -1.25107160E+05
   1.14725271E-04   -1.22030655E+05
   1.17617601E-04   -1.19029804E+05
   1.20582849E-04   -1.16102747E+05
   1.23622854E-04   -1.13247668E+05
   1.26739500E-04   -1.10462799E+05
   1.29934720E-04   -1.07746413E+05
   1.33210494E-04   -1.05096825E+05
   1.36568853E-04   -1.02512393E+05
   1.40011880E-04   -9.99915151E+04
   1.43541708E-04   -9.75326276E+04
   1.47160527E-04   -9.51342066E+04
   1.50870580E-04   -9.27947650E+04
   1.54674166E-04   -9.05128526E+04
   1.58573644E-04   -8.82870546E+04
   1.62571432E-04   -8.61159911E+04
   1.66670008E-04   -8.39983161E+04
   1.70871912E-04   -8.19327168E+04
   1.75179751E-04   -7.99179125E+04
   1.79596194E-04   -7.79526543E+04
   1.84123979E-04   -7.60357236E+04
   1.88765915E-04   -7.41659321E+04
   1.93524877E-04   -7.23421205E+04
   1.98403818E-04   -7.05631583E+04
   2.03405761E-04   -6.88279424E+04
   2.08533808E-04   -6.71353972E+04
   2.13791137E-04   -6.54844732E+04
   2.19181009E-04   -6.38741471E+04
   2.24706764E-04   -6.23034205E+04
   2.30371829E-04   -6.07713195E+04
   2.36179715E-04   -5.92768943E+04
   2.42134023E-04   -5.78192185E+04
   2.48238445E-04   -5.63973884E+04
   2.54496765E-04   -5.50105224E+04
   2.60912863E-04   -5.36577608E+04
   2.67490717E-04   -5.23382649E+04
   2.74234404E-04   -5.10512167E+04
   2.81148107E-04   -4.97958182E+04
   2.88236109E-04   -4.85712912E+04
   2.95502807E-04   -4.73768765E+04
   3.02952706E-04   -4.62118335E+04
   3.10590423E-04   -4.50754401E+04
   3.18420693E-04   -4.39669918E+04
   3.26448373E-04   -4.28858012E+04
   3.34678437E-04   -4.18311981E+04
   3.43115989E-04   -4.08025288E+04
   3.51766259E-04   -3.97991554E+04
   3.60634611E-04   -3.88204559E+04
   3.69726542E-04   -3.78658236E+04
   3.79047689E-04   -3.69346666E+04
   3.88603830E-04   -3.60264076E+04
   3.98400891E-04   -3.51404837E+04
   4.08444945E-04   -3.42763454E+04
   4.18742218E-04   -3.34334571E+04
   4.29299096E-04   -3.26112963E+04
   4.40122121E-04   -3.18093532E+04
   4.51218006E-04   -3.10271306E+04
   4.62593628E-04   -3.02641437E+04
   4.74256039E-04   -2.95199193E+04
   4.86212471E-04   -2.87939961E+04
   4.98470336E-04   -2.80859241E+04
   5.11037233E-04   -2.73952642E+04
   5.23920952E-04   -2.67215883E+04
   5.37129482E-04   -2.60644788E+04
   5.50671012E-04   -2.54235282E+04
   5.64553935E-04   -2.47983392E+04
   5.78786861E-04   -2.41885242E+04
   5.93378611E-04   -2.35937052E+04
   6.08338233E-04   -2.30135133E+04
   6.23675000E-04   -2.24475889E+04
   6.39398422E-04   -2.18955811E+04
   6.55518245E-04   -2.13571477E+04
   6.72044464E-04   -2.08319549E+04
   6.88987325E-04   -2.03196771E+04
   7.06357330E-04   -1.98199968E+04
   7.24165250E-04   -1.93326040E+04
   7.42422123E-04   -1.88571967E+04
   7.61139269E-04   -1.83934801E+04
   7.80328292E-04   -1.79411667E+04
   8.00001087E-04   -1.74999762E+04
   8.20169852E-04   -1.70696350E+04
   8.40847090E-04   -1.66498763E+04
   8.62045620E-04   -1.62404398E+04
   8.83778585E-04   -1.58410718E+04
   9.06059458E-04   -1.54515246E+04
   9.28902052E-04   -1.50715568E+04
   9.52320529E-04   -1.47009327E+04
   9.76329407E-04   -1.43394226E+04
   1.00094357E-03   -1.39868025E+04
   1.02617828E-03   -1.36428535E+04
   1.05204918E-03   -1.33073627E+04
   1.07857231E-03   -1.29801218E+04
   1.10576411E-03   -1.26609282E+04
   1.13364145E-03   -1.23495838E+04
   1.16222159E-03   -1.20458956E+04
   1.19152227E-03   -1.17496755E+04
   1.22156164E-03   -1.14607397E+04
   1.25235834E-03   -1.11789091E+04
   1.28393145E-03   -1.09040090E+04
   1.31630054E-03   -1.06358689E+04
   1.34948569E-03   -1.03743227E+04
   1.38350747E-03   -1.01192081E+04
   1.41838697E-03   -9.87036705E+03
   1.45414581E-03   -9.62764524E+03
   1.49080617E-03   -9.39089219E+03
   1.52839077E-03   -9.15996112E+03
   1.56692291E-03   -8.93470888E+03
   1.60642648E-03   -8.71499580E+03
   1.64692597E-03   -8.50068568E+03
   1.68844649E-03   -8.29164565E+03
   1.73101378E-03   -8.08774612E+03
   1.77465424E-03   -7.88886067E+03
   1.81939491E-03   -7.69486600E+03
   1.86526353E-03   -7.50564185E+03
   1.91228854E-03   -7.32107091E+03
   1.96049910E-03   -7.14103874E+03
   2.00992509E-03   -6.96543373E+03
   2.06059715E-03   -6.79414702E+03
   2.11254670E-03   -6.62707242E+03
   2.16580595E-03   -6.46410634E+03
   2.22040792E-03   -6.30514775E+03
   2.27638645E-03   -6.15009811E+03
   2.33377625E-03   -5.99886129E+03
   2.39261290E-03   -5.85134353E+03
   2.45293288E-03   -5.70745337E+03
   2.51477357E-03   -5.56710160E+03
   2.57817333E-03   -5.43020122E+03
   2.64317146E-03   -5.29666736E+03
   2.70980825E-03   -5.16641722E+03
   2.77812501E-03   -5.03937005E+03
   2.84816411E-03   -4.91544710E+03
   2.91996895E-03   -4.79457153E+03
   2.99358406E-03   -4.67666841E+03
   3.06905507E-03   -4.56166464E+03
   3.14642878E-03   -4.44948893E+03
   3.22575315E-03   -4.34007172E+03
   3.30707736E-03   -4.23334518E+03
   3.39045183E-03   -4.12924316E+03
   3.47592824E-03   -4.02770110E+03
   3.56355960E-03   -3.92865606E+03
   3.65340022E-03   -3.83204663E+03
   3.74550581E-03   -3.73781292E+03
   3.83993346E-03   -3.64589651E+03
   3.93674172E-03   -3.55624041E+03
   4.03599061E-03   -3.46878904E+03
   4.13774165E-03   -3.38348819E+03
   4.24205793E-03   -3.30028496E+03
   4.34900412E-03   -3.21912778E+03
   4.45864653E-03   -3.13996634E+03
   4.57105312E-03   -3.06275155E+03
   4.68629358E-03   -2.98743554E+03
   4.80443936E-03   -2.91397163E+03
   4.92556370E-03   -2.84231427E+03
   5.04974170E-03   -2.77241903E+03
   5.17705035E-03   -2.70424258E+03
   5.30756856E-03   -2.63774266E+03
   5.44137725E-03   -2.57287803E+03
   5.57855939E-03   -2.50960849E+03
   5.71920001E-03   -2.44789480E+03
   5.86338632E-03   -2.38769872E+03
   6.01120769E-03   -2.32898291E+03
   6.16275578E-03   -2.27171099E+03
   6.31812453E-03   -2.21584743E+03
   6.47741028E-03   -2.16135761E+03
   6.64071176E-03   -2.10820775E+03
   6.80813022E-03   -2.05636490E+03
   6.97976946E-03   -2.00579691E+03
   7.15573588E-03   -1.95647243E+03
   7.33613858E-03   -1.90836090E+03
   7.52108940E-03   -1.86143247E+03
   7.71070299E-03   -1.81565806E+03
   7.90509692E-03   -1.77100928E+03
   8.10439170E-03   -1.72745846E+03
   8.30871089E-03   -1.68497860E+03
   8.51818115E-03   -1.64354335E+03
   8.73293235E-03   -1.60312704E+03
   8.95309762E-03   -1.56370461E+03
   9.17881346E-03   -1.52525161E+03
   9.41021981E-03   -1.48774421E+03
   9.64746013E-03   -1.45115915E+03
   9.89068149E-03   -1.41547375E+03
   1.01400347E-02   -1.38066589E+03
   1.03956743E-02   -1.34671399E+03
   1.06577588E-02   -1.31359700E+03
   1.09264508E-02   -1.28129438E+03
   1.12019167E-02   -1.24978612E+03
   1.14843273E-02   -1.21905268E+03
   1.17738578E-02   -1.18907501E+03
   1.20706876E-02   -1.15983451E+03
   1.23750007E-02   -1.13131306E+03
   1.26869859E-02   -1.10349299E+03
   1.30068365E-02   -1.07635703E+03
   1.33347509E-02   -1.04988838E+03
   1.36709322E-02   -1.02407062E+03
   1.40155890E-02   -9.98887736E+02
   1.43689349E-02   -9.74324127E+02
   1.47311890E-02   -9.50364560E+02
   1.51025759E-02   -9.26994183E+02
   1.54833258E-02   -9.04198505E+02
   1.58736747E-02   -8.81963395E+02
   1.62738646E-02   -8.60275067E+02
   1.66841438E-02   -8.39120077E+02
   1.71047664E-02   -8.18485308E+02
   1.75359933E-02   -7.98357967E+02
   1.79780919E-02   -7.78725578E+02
   1.84313362E-02   -7.59575968E+02
   1.88960071E-02   -7.40897265E+02
   1.93723929E-02   -7.22677889E+02
   1.98607888E-02   -7.04906545E+02
   2.03614976E-02   -6.87572216E+02
   2.08748297E-02   -6.70664154E+02
   2.14011034E-02   -6.54171878E+02
   2.19406449E-02   -6.38085163E+02
   2.24937888E-02   -6.22394036E+02
   2.30608780E-02   -6.07088768E+02
   2.36422640E-02   -5.92159872E+02
   2.42383072E-02   -5.77598092E+02
   2.48493773E-02   -5.63394400E+02
   2.54758530E-02   -5.49539990E+02
   2.61181227E-02   -5.36026274E+02
   2.67765847E-02   -5.22844872E+02
   2.74516471E-02   -5.09987615E+02
   2.81437284E-02   -4.97446529E+02
   2.88532577E-02   -4.85213841E+02
   2.95806749E-02   -4.73281966E+02
   3.03264310E-02   -4.61643508E+02
   3.10909883E-02   -4.50291251E+02
   3.18748208E-02   -4.39218156E+02
   3.26784144E-02   -4.28417359E+02
   3.35022673E-02   -4.17882165E+02
   3.43468904E-02   -4.07606041E+02
   3.52128071E-02   -3.97582617E+02
   3.61005545E-02   -3.87805678E+02
   3.70106827E-02   -3.78269164E+02
   3.79437561E-02   -3.68967162E+02
   3.89003532E-02   -3.59893904E+02
   3.98810670E-02   -3.51043767E+02
   4.08865054E-02   -3.42411264E+02
   4.19172919E-02   -3.33991042E+02
   4.29740655E-02   -3.25777881E+02
   4.40574813E-02   -3.17766690E+02
   4.51682110E-02   -3.09952502E+02
   4.63069432E-02   -3.02330472E+02
   4.74743840E-02   -2.94895875E+02
   4.86712569E-02   -2.87644102E+02
   4.98983042E-02   -2.80570657E+02
   5.11562864E-02   -2.73671155E+02
   5.24459836E-02   -2.66941318E+02
   5.37681951E-02   -2.60376975E+02
   5.51237409E-02   -2.53974055E+02
   5.65134612E-02   -2.47728589E+02
   5.79382177E-02   -2.41636705E+02
   5.93988935E-02   -2.35694626E+02
   6.08963944E-02   -2.29898669E+02
   6.24316486E-02   -2.24245240E+02
   6.40056080E-02   -2.18730834E+02
   6.56192484E-02   -2.13352032E+02
   6.72735702E-02   -2.08105501E+02
   6.89695989E-02   -2.02987986E+02
   7.07083860E-02   -1.97996317E+02
   7.24910096E-02   -1.93127397E+02
   7.43185748E-02   -1.88378209E+02
   7.61922146E-02   -1.83745808E+02
   7.81130905E-02   -1.79227322E+02
   8.00823935E-02   -1.74819950E+02
   8.21013445E-02   -1.70520959E+02
   8.41711951E-02   -1.66327685E+02
   8.62932285E-02   -1.62237527E+02
   8.84687603E-02   -1.58247950E+02
   9.06991393E-02   -1.54356481E+02
   9.29857482E-02   -1.50560707E+02
   9.53300046E-02   -1.46858275E+02
   9.77333619E-02   -1.43246889E+02
   1.00197310E-01   -1.39724310E+02
   1.02723377E-01   -1.36288355E+02
   1.05313128E-01   -1.32936893E+02
   1.07968169E-01   -1.29667847E+02
   1.10690146E-01   -1.26479190E+02
   1.13480746E-01   -1.23368945E+02
   1.16341700E-01   -1.20335185E+02
   1.19274782E-01   -1.17376027E+02
   1.22281809E-01   -1.14489637E+02
   1.25364646E-01   -1.11674227E+02
   1.28525205E-01   -1.08928051E+02
   1.31765443E-01   -1.06249405E+02
   1.35087372E-01   -1.03636630E+02
   1.38493049E-01   -1.01088106E+02
   1.41984586E-01   -9.86022523E+01
   1.45564149E-01   -9.61775281E+01
   1.49233955E-01   -9.38124303E+01
   1.52996281E-01   -9.15054925E+01
   1.56853458E-01   -8.92552845E+01
   1.60807878E-01   -8.70604113E+01
   1.64861993E-01   -8.49195121E+01
   1.69018316E-01   -8.28312597E+01
   1.73279423E-01   -8.07943594E+01
   1.77647957E-01   -7.88075485E+01
   1.82126626E-01   -7.68695951E+01
   1.86718206E-01   -7.49792979E+01
   1.91425544E-01   -7.31354849E+01
   1.96251559E-01   -7.13370131E+01
   2.01199241E-01   -6.95827674E+01
   2.06271660E-01   -6.78716603E+01
   2.11471958E-01   -6.62026309E+01
   2.16803361E-01   -6.45746446E+01
   2.22269174E-01   -6.29866920E+01
   2.27872785E-01   -6.14377888E+01
   2.33617667E-01   -5.99269745E+01
   2.39507384E-01   -5.84533126E+01
   2.45545586E-01   -5.70158895E+01
   2.51736017E-01   -5.56138140E+01
   2.58082514E-01   -5.42462168E+01
   2.64589012E-01   -5.29122502E+01
   2.71259545E-01   -5.16110872E+01
   2.78098248E-01   -5.03419209E+01
   2.85109361E-01   -4.91039647E+01
   2.92297231E-01   -4.78964510E+01
   2.99666313E-01   -4.67186313E+01
   3.07221177E-01   -4.55697752E+01
   3.14966506E-01   -4.44491707E+01
   3.22907102E-01   -4.33561229E+01
   3.31047888E-01   -4.22899541E+01
   3.39393910E-01   -4.12500035E+01
   3.47950344E-01   -4.02356263E+01
   3.56722493E-01   -3.92461936E+01
   3.65715795E-01   -3.82810920E+01
   3.74935828E-01   -3.73397231E+01
   3.84388306E-01   -3.64215035E+01
   3.94079089E-01   -3.55258637E+01
   4.04014186E-01   -3.46522486E+01
   4.14199756E-01   -3.38001165E+01
   4.24642114E-01   -3.29689391E+01
   4.35347733E-01   -3.21582012E+01
   4.46323251E-01   -3.13674002E+01
   4.57575471E-01   -3.05960456E+01
   4.69111370E-01   -2.98436595E+01
   4.80938100E-01   -2.91097752E+01
   4.93062993E-01   -2.83939379E+01
   5.05493566E-01   -2.76957037E+01
   5.18237525E-01   -2.70146397E+01
   5.31302770E-01   -2.63503237E+01
   5.44697403E-01   -2.57023440E+01
   5.58429726E-01   -2.50702986E+01
   5.72508255E-01   -2.44537959E+01
   5.86941715E-01   -2.38524535E+01
   6.01739057E-01   -2.32658988E+01
   6.16909453E-01   -2.26937680E+01
   6.32462309E-01   -2.21357064E+01
   6.48407267E-01   -2.15913681E+01
   6.64754212E-01   -2.10604156E+01
   6.81513278E-01   -2.05425198E+01
   6.98694856E-01   -2.00373595E+01
   7.16309598E-01   -1.95446216E+01
   7.34368423E-01   -1.90640005E+01
   7.52882528E-01   -1.85951984E+01
   7.71863390E-01   -1.81379246E+01
   7.91322778E-01   -1.76918956E+01
   8.11272754E-01   -1.72568349E+01
   8.31725688E-01   -1.68324728E+01
   8.52694259E-01   -1.64185461E+01
   8.74191468E-01   -1.60147983E+01
   8.96230640E-01   -1.56209790E+01
   9.18825441E-01   -1.52368441E+01
   9.41989877E-01   -1.48621555E+01
   9.65738310E-01   -1.44966808E+01
   9.90085463E-01   -1.41401935E+01
   1.01504643E+00   -1.37924725E+01
   1.04063669E+00   -1.34533024E+01
   1.06687210E+00   -1.31224727E+01
   1.09376893E+00   -1.27997785E+01
   1.12134385E+00   -1.24850197E+01
   1.14961396E+00   -1.21780010E+01
   1.17859679E+00   -1.18785323E+01
   1.20831030E+00   -1.15864278E+01
   1.23877292E+00   -1.13015064E+01
   1.27000352E+00   -1.10235915E+01
   1.30202148E+00   -1.07525108E+01
   1.33484664E+00   -1.04880962E+01
   1.36849936E+00   -1.02301838E+01
   1.40300049E+00   -9.97861378E+00
   1.43837142E+00   -9.73323007E+00
   1.47463409E+00   -9.49388059E+00
   1.51181098E+00   -9.26041695E+00
   1.54992513E+00   -9.03269439E+00
   1.58900017E+00   -8.81057176E+00
   1.62906033E+00   -8.59391133E+00
   1.67013044E+00   -8.38257880E+00
   1.71223597E+00   -8.17644313E+00
   1.75540301E+00   -7.97537653E+00
   1.79965834E+00   -7.77925436E+00
   1.84502939E+00   -7.58795502E+00
   1.89154428E+00   -7.40135991E+00
   1.93923185E+00   -7.21935336E+00
   1.98812168E+00   -7.04182253E+00
   2.03824406E+00   -6.86865734E+00
   2.08963007E+00   -6.69975046E+00
   2.14231157E+00   -6.53499716E+00
   2.19632122E+00   -6.37429530E+00
   2.25169250E+00   -6.21754525E+00
   2.30845974E+00   -6.06464984E+00
   2.36665814E+00   -5.91551427E+00
   2.42632377E+00   -5.77004609E+00
   2.48749363E+00   -5.62815511E+00
   2.55020564E+00   -5.48975337E+00
   2.61449867E+00   -5.35475506E+00
   2.68041260E+00   -5.22307649E+00
   2.74798827E+00   -5.09463602E+00
   2.81726759E+00   -4.96935402E+00
   2.88829350E+00   -4.84715283E+00
   2.96111004E+00   -4.72795668E+00
   3.03576235E+00   -4.61169169E+00
   3.11229672E+00   -4.49828576E+00
   3.19076059E+00   -4.38766859E+00
   3.27120260E+00   -4.27977160E+00
   3.35367264E+00   -4.17452790E+00
   3.43822182E+00   -4.07187225E+00
   3.52490256E+00   -3.97174100E+00
   3.61376860E+00   -3.87407207E+00
   3.70487504E+00   -3.77880492E+00
   3.79827835E+00   -3.68588047E+00
   3.89403645E+00   -3.59524113E+00
   3.99220870E+00   -3.50683069E+00
   4.09285596E+00   -3.42059436E+00
   4.19604063E+00   -3.33647866E+00
   4.30182668E+00   -3.25443144E+00
   4.41027970E+00   -3.17440184E+00
   4.52146691E+00   -3.09634025E+00
   4.63545726E+00   -3.02019827E+00
   4.75232141E+00   -2.94592869E+00
   4.87213182E+00   -2.87348547E+00
   4.99496275E+00   -2.80282370E+00
   5.12089037E+00   -2.73389958E+00
   5.24999273E+00   -2.66667036E+00
   5.38234989E+00   -2.60109437E+00
   5.51804389E+00   -2.53713096E+00
   5.65715886E+00   -2.47474047E+00
   5.79978105E+00   -2.41388423E+00
   5.94599888E+00   -2.35452449E+00
   6.09590299E+00   -2.29662447E+00
   6.24958632E+00   -2.24014827E+00
   6.40714416E+00   -2.18506087E+00
   6.56867416E+00   -2.13132813E+00
   6.73427650E+00   -2.07891672E+00
   6.90405381E+00   -2.02779416E+00
   7.07811137E+00   -1.97792875E+00
   7.25655709E+00   -1.92928958E+00
   7.43950158E+00   -1.88184650E+00
   7.62705827E+00   -1.83557009E+00
   7.81934344E+00   -1.79043165E+00
   8.01647630E+00   -1.74640322E+00
   8.21857905E+00   -1.70345748E+00
   8.42577700E+00   -1.66156783E+00
   8.63819861E+00   -1.62070828E+00
   8.85597556E+00   -1.58085350E+00
   9.07924287E+00   -1.54197880E+00
   9.30813895E+00   -1.50406006E+00
   9.54280571E+00   -1.46707378E+00
   9.78338864E+00   -1.43099702E+00
   1.00300369E+01   -1.39580743E+00
   1.02829034E+01   -1.36148318E+00
   1.05421448E+01   -1.32800300E+00
   1.08079220E+01   -1.29534613E+00
   1.10803997E+01   -1.26349233E+00
   1.13597468E+01   -1.23242184E+00
   1.16461365E+01   -1.20211540E+00
   1.19397463E+01   -1.17255423E+00
   1.22407583E+01   -1.14371999E+00
   1.25493591E+01   -1.11559482E+00
   1.28657400E+01   -1.08816127E+00
   1.31900972E+01   -1.06140234E+00
   1.35226317E+01   -1.03530143E+00
   1.38635497E+01   -1.00984238E+00
   1.42130626E+01   -9.85009383E-01
   1.45713870E+01   -9.60787056E-01
   1.49387451E+01   -9.37160379E-01
   1.53153646E+01   -9.14114705E-01
   1.57014791E+01   -8.91635746E-01
   1.60973278E+01   -8.69709566E-01
   1.65031563E+01   -8.48322572E-01
   1.69192161E+01   -8.27461505E-01
   1.73457651E+01   -8.07113431E-01
   1.77830678E+01   -7.87265736E-01
   1.82313954E+01   -7.67906115E-01
   1.86910257E+01   -7.49022566E-01
   1.91622436E+01   -7.30603381E-01
   1.96453415E+01   -7.12637142E-01
   2.01406186E+01   -6.95112710E-01
   2.06483822E+01   -6.78019220E-01
   2.11689469E+01   -6.61346076E-01
   2.17026356E+01   -6.45082941E-01
   2.22497791E+01   -6.29219731E-01
   2.28107165E+01   -6.13746613E-01
   2.33857957E+01   -5.98653994E-01
   2.39753732E+01   -5.83932517E-01
   2.45798144E+01   -5.69573056E-01
   2.51994942E+01   -5.55566707E-01
   2.58347967E+01   -5.41904788E-01
   2.64861157E+01   -5.28578828E-01
   2.71538551E+01   -5.15580567E-01
   2.78384288E+01   -5.02901945E-01
   2.85402613E+01   -4.90535103E-01
   2.92597876E+01   -4.78472374E-01
   2.99974538E+01   -4.66706278E-01
   3.07537172E+01   -4.55229522E-01
   3.15290468E+01   -4.44034991E-01
   3.23239231E+01   -4.33115744E-01
   3.31388390E+01   -4.22465011E-01
   3.39742997E+01   -4.12076191E-01
   3.48308231E+01   -4.01942841E-01
   3.57089403E+01   -3.92058681E-01
   3.66091956E+01   -3.82417581E-01
   3.75321471E+01   -3.73013565E-01
   3.84783671E+01   -3.63840803E-01
   3.94484422E+01   -3.54893608E-01
   4.04429738E+01   -3.46166433E-01
   4.14625785E+01   -3.37653868E-01
   4.25078883E+01   -3.29350635E-01
   4.35795513E+01   -3.21251586E-01
   4.46782320E+01   -3.13351701E-01
   4.58046114E+01   -3.05646082E-01
   4.69593879E+01   -2.98129951E-01
   4.81432773E+01   -2.90798649E-01
   4.93570137E+01   -2.83647631E-01
   5.06013496E+01   -2.76672463E-01
   5.18770562E+01   -2.69868821E-01
   5.31849246E+01   -2.63232487E-01
   5.45257656E+01   -2.56759348E-01
   5.59004104E+01   -2.50445388E-01
   5.73097113E+01   -2.44286696E-01
   5.87545419E+01   -2.38279451E-01
   6.02357981E+01   -2.32419930E-01
   6.17543981E+01   -2.26704501E-01
   6.33112834E+01   -2.21129619E-01
   6.49074192E+01   -2.15691830E-01
   6.65437950E+01   -2.10387760E-01
   6.82214255E+01   -2.05214123E-01
   6.99413505E+01   -2.00167711E-01
   7.17046364E+01   -1.95245394E-01
   7.35123764E+01   -1.90444122E-01
   7.53656911E+01   -1.85760918E-01
   7.72657297E+01   -1.81192879E-01
   7.92136699E+01   -1.76737172E-01
   8.12107196E+01   -1.72391035E-01
   8.32581167E+01   -1.68151774E-01
   8.53571305E+01   -1.64016760E-01
   8.75090625E+01   -1.59983430E-01
   8.97152466E+01   -1.56049284E-01
   9.19770507E+01   -1.52211882E-01
   9.42958769E+01   -1.48468846E-01
   9.66731629E+01   -1.44817854E-01
   9.91103824E+01   -1.41256644E-01
   1.01609046E+02   -1.37783007E-01
   1.04170704E+02   -1.34394791E-01
   1.06796944E+02   -1.31089894E-01
   1.09489393E+02   -1.27866267E-01
   1.12249722E+02   -1.24721913E-01
