# Radial wavefunctions and first derivative.
# Energy units: hartree
# Length units: bohr
#
# State: 2p
# Nodes: 
# Peaks:     0.384388  
   3.74165729E-05    7.23119060E-03    1.43921246E+02
   3.83598792E-05    7.36592902E-03    1.43093261E+02
   3.93269671E-05    7.50383327E-03    1.42252350E+02
   4.03184362E-05    7.64472442E-03    1.41407087E+02
   4.13349012E-05    7.78838667E-03    1.40567375E+02
   4.23769921E-05    7.93462469E-03    1.39742361E+02
   4.34453551E-05    8.08349268E-03    1.38932114E+02
   4.45406526E-05    8.23513194E-03    1.38133515E+02
   4.56635635E-05    8.38970050E-03    1.37342798E+02
   4.68147840E-05    8.54732310E-03    1.36557494E+02
   4.79950279E-05    8.70804376E-03    1.35778258E+02
   4.92050268E-05    8.87189703E-03    1.35006105E+02
   5.04455309E-05    9.03891843E-03    1.34242011E+02
   5.17173092E-05    9.20916567E-03    1.33486254E+02
   5.30211502E-05    9.38271270E-03    1.32738585E+02
   5.43578623E-05    9.55963845E-03    1.31998577E+02
   5.57282741E-05    9.74002219E-03    1.31265835E+02
   5.71332353E-05    9.92393378E-03    1.30540444E+02
   5.85736168E-05    1.01114440E-02    1.29822494E+02
   6.00503117E-05    1.03026269E-02    1.29111971E+02
   6.15642354E-05    1.04975586E-02    1.28408887E+02
   6.31163265E-05    1.06963172E-02    1.27713274E+02
   6.47075473E-05    1.08989848E-02    1.27025049E+02
   6.63388842E-05    1.11056468E-02    1.26344064E+02
   6.80113486E-05    1.13163865E-02    1.25670359E+02
   6.97259774E-05    1.15312895E-02    1.25003961E+02
   7.14838335E-05    1.17504456E-02    1.24344786E+02
   7.32860069E-05    1.19739464E-02    1.23692780E+02
   7.51336146E-05    1.22018829E-02    1.23048002E+02
   7.70278023E-05    1.24343506E-02    1.22410422E+02
   7.89697442E-05    1.26714490E-02    1.21779925E+02
   8.09606443E-05    1.29132770E-02    1.21156527E+02
   8.30017367E-05    1.31599355E-02    1.20540263E+02
   8.50942870E-05    1.34115303E-02    1.19931060E+02
   8.72395924E-05    1.36681701E-02    1.19328842E+02
   8.94389830E-05    1.39299625E-02    1.18733666E+02
   9.16938222E-05    1.41970198E-02    1.18145517E+02
   9.40055079E-05    1.44694595E-02    1.17564292E+02
   9.63754734E-05    1.47473989E-02    1.16989989E+02
   9.88051880E-05    1.50309573E-02    1.16422646E+02
   1.01296158E-04    1.53202596E-02    1.15862201E+02
   1.03849927E-04    1.56154346E-02    1.15308570E+02
   1.06468080E-04    1.59166101E-02    1.14761802E+02
   1.09152238E-04    1.62239189E-02    1.14221889E+02
   1.11904067E-04    1.65375000E-02    1.13688731E+02
   1.14725271E-04    1.68574929E-02    1.13162318E+02
   1.17617601E-04    1.71840390E-02    1.12642683E+02
   1.20582849E-04    1.75172865E-02    1.12129768E+02
   1.23622854E-04    1.78573882E-02    1.11623489E+02
   1.26739500E-04    1.82044959E-02    1.11123885E+02
   1.29934720E-04    1.85587676E-02    1.10630946E+02
   1.33210494E-04    1.89203682E-02    1.10144574E+02
   1.36568853E-04    1.92894634E-02    1.09664755E+02
   1.40011880E-04    1.96662216E-02    1.09191515E+02
   1.43541708E-04    2.00508191E-02    1.08724792E+02
   1.47160527E-04    2.04434373E-02    1.08264504E+02
   1.50870580E-04    2.08442573E-02    1.07810683E+02
   1.54674166E-04    2.12534671E-02    1.07363311E+02
   1.58573644E-04    2.16712629E-02    1.06922288E+02
   1.62571432E-04    2.20978420E-02    1.06487601E+02
   1.66670008E-04    2.25334052E-02    1.06059265E+02
   1.70871912E-04    2.29781629E-02    1.05637208E+02
   1.75179751E-04    2.34323305E-02    1.05221355E+02
   1.79596194E-04    2.38961242E-02    1.04811731E+02
   1.84123979E-04    2.43697686E-02    1.04408302E+02
   1.88765915E-04    2.48534975E-02    1.04010968E+02
   1.93524877E-04    2.53475456E-02    1.03619720E+02
   1.98403818E-04    2.58521532E-02    1.03234556E+02
   2.03405761E-04    2.63675715E-02    1.02855394E+02
   2.08533808E-04    2.68940567E-02    1.02482167E+02
   2.13791137E-04    2.74318671E-02    1.02114890E+02
   2.19181009E-04    2.79812714E-02    1.01753513E+02
   2.24706764E-04    2.85425483E-02    1.01397935E+02
   2.30371829E-04    2.91159774E-02    1.01048150E+02
   2.36179715E-04    2.97018465E-02    1.00704139E+02
   2.42134023E-04    3.03004557E-02    1.00365808E+02
   2.48238445E-04    3.09121099E-02    1.00033100E+02
   2.54496765E-04    3.15371180E-02    9.97060181E+01
   2.60912863E-04    3.21758016E-02    9.93844938E+01
   2.67490717E-04    3.28284929E-02    9.90684287E+01
   2.74234404E-04    3.34955253E-02    9.87578178E+01
   2.81148107E-04    3.41772435E-02    9.84526229E+01
   2.88236109E-04    3.48740061E-02    9.81527398E+01
   2.95502807E-04    3.55861759E-02    9.78581233E+01
   3.02952706E-04    3.63141225E-02    9.75687581E+01
   3.10590423E-04    3.70582310E-02    9.72845613E+01
   3.18420693E-04    3.78188966E-02    9.70054412E+01
   3.26448373E-04    3.85965176E-02    9.67313868E+01
   3.34678437E-04    3.93915063E-02    9.64623431E+01
   3.43115989E-04    4.02042908E-02    9.61982001E+01
   3.51766259E-04    4.10353032E-02    9.59389188E+01
   3.60634611E-04    4.18849855E-02    9.56844683E+01
   3.69726542E-04    4.27537979E-02    9.54347534E+01
   3.79047689E-04    4.36422108E-02    9.51896890E+01
   3.88603830E-04    4.45506997E-02    9.49492553E+01
   3.98400891E-04    4.54797576E-02    9.47133837E+01
   4.08444945E-04    4.64298946E-02    9.44819621E+01
   4.18742218E-04    4.74016252E-02    9.42549529E+01
   4.29299096E-04    4.83954778E-02    9.40323124E+01
   4.40122121E-04    4.94120010E-02    9.38139375E+01
   4.51218006E-04    5.04517548E-02    9.35997465E+01
   4.62593628E-04    5.15153064E-02    9.33897107E+01
   4.74256039E-04    5.26032438E-02    9.31837533E+01
   4.86212471E-04    5.37161742E-02    9.29817612E+01
   4.98470336E-04    5.48547105E-02    9.27836936E+01
   5.11037233E-04    5.60194826E-02    9.25894987E+01
   5.23920952E-04    5.72111435E-02    9.23990709E+01
   5.37129482E-04    5.84303594E-02    9.22123262E+01
   5.50671012E-04    5.96778063E-02    9.20292296E+01
   5.64553935E-04    6.09541834E-02    9.18497021E+01
   5.78786861E-04    6.22602128E-02    9.16736294E+01
   5.93378611E-04    6.35966242E-02    9.15009626E+01
   6.08338233E-04    6.49641665E-02    9.13316489E+01
   6.23675000E-04    6.63636149E-02    9.11655860E+01
   6.39398422E-04    6.77957626E-02    9.10026798E+01
   6.55518245E-04    6.92614128E-02    9.08428914E+01
   6.72044464E-04    7.07613950E-02    9.06861473E+01
   6.88987325E-04    7.22965664E-02    9.05323334E+01
   7.06357330E-04    7.38677956E-02    9.03813857E+01
   7.24165250E-04    7.54759705E-02    9.02332558E+01
   7.42422123E-04    7.71220084E-02    9.00878534E+01
   7.61139269E-04    7.88068527E-02    8.99450694E+01
   7.80328292E-04    8.05314576E-02    8.98048572E+01
   8.00001087E-04    8.22968038E-02    8.96671554E+01
   8.20169852E-04    8.41039045E-02    8.95318610E+01
   8.40847090E-04    8.59537952E-02    8.93988820E+01
   8.62045620E-04    8.78475260E-02    8.92681753E+01
   8.83778585E-04    8.97861789E-02    8.91396697E+01
   9.06059458E-04    9.17708707E-02    8.90132568E+01
   9.28902052E-04    9.38027378E-02    8.88888577E+01
   9.52320529E-04    9.58829366E-02    8.87664276E+01
   9.76329407E-04    9.80126587E-02    8.86458908E+01
   1.00094357E-03    1.00193133E-01    8.85271380E+01
   1.02617828E-03    1.02425608E-01    8.84100965E+01
   1.05204918E-03    1.04711355E-01    8.82947210E+01
   1.07857231E-03    1.07051685E-01    8.81809370E+01
   1.10576411E-03    1.09447947E-01    8.80686376E+01
   1.13364145E-03    1.11901515E-01    8.79577438E+01
   1.16222159E-03    1.14413787E-01    8.78482123E+01
   1.19152227E-03    1.16986200E-01    8.77399752E+01
   1.22156164E-03    1.19620235E-01    8.76329333E+01
   1.25235834E-03    1.22317406E-01    8.75269869E+01
   1.28393145E-03    1.25079247E-01    8.74220952E+01
   1.31630054E-03    1.27907330E-01    8.73182079E+01
   1.34948569E-03    1.30803273E-01    8.72152486E+01
   1.38350747E-03    1.33768740E-01    8.71131124E+01
   1.41838697E-03    1.36805429E-01    8.70117084E+01
   1.45414581E-03    1.39915062E-01    8.69109948E+01
   1.49080617E-03    1.43099404E-01    8.68109155E+01
   1.52839077E-03    1.46360272E-01    8.67113905E+01
   1.56692291E-03    1.49699530E-01    8.66123205E+01
   1.60642648E-03    1.53119073E-01    8.65136427E+01
   1.64692597E-03    1.56620831E-01    8.64153059E+01
   1.68844649E-03    1.60206790E-01    8.63172386E+01
   1.73101378E-03    1.63878989E-01    8.62193492E+01
   1.77465424E-03    1.67639502E-01    8.61215684E+01
   1.81939491E-03    1.71490443E-01    8.60238435E+01
   1.86526353E-03    1.75433984E-01    8.59261036E+01
   1.91228854E-03    1.79472351E-01    8.58282610E+01
   1.96049910E-03    1.83607812E-01    8.57302492E+01
   2.00992509E-03    1.87842677E-01    8.56320125E+01
   2.06059715E-03    1.92179319E-01    8.55334785E+01
   2.11254670E-03    1.96620168E-01    8.54345620E+01
   2.16580595E-03    2.01167697E-01    8.53352007E+01
   2.22040792E-03    2.05824430E-01    8.52353351E+01
   2.27638645E-03    2.10592956E-01    8.51348897E+01
   2.33377625E-03    2.15475923E-01    8.50337836E+01
   2.39261290E-03    2.20476024E-01    8.49319579E+01
   2.45293288E-03    2.25596012E-01    8.48293482E+01
   2.51477357E-03    2.30838709E-01    8.47258757E+01
   2.57817333E-03    2.36206994E-01    8.46214657E+01
   2.64317146E-03    2.41703797E-01    8.45160589E+01
   2.70980825E-03    2.47332117E-01    8.44095859E+01
   2.77812501E-03    2.53095023E-01    8.43019658E+01
   2.84816411E-03    2.58995638E-01    8.41931309E+01
   2.91996895E-03    2.65037150E-01    8.40830178E+01
   2.99358406E-03    2.71222817E-01    8.39715518E+01
   3.06905507E-03    2.77555969E-01    8.38586536E+01
   3.14642878E-03    2.84039991E-01    8.37442591E+01
   3.22575315E-03    2.90678342E-01    8.36282992E+01
   3.30707736E-03    2.97474556E-01    8.35106945E+01
   3.39045183E-03    3.04432236E-01    8.33913704E+01
   3.47592824E-03    3.11555047E-01    8.32702608E+01
   3.56355960E-03    3.18846734E-01    8.31472909E+01
   3.65340022E-03    3.26311120E-01    8.30223792E+01
   3.74550581E-03    3.33952093E-01    8.28954550E+01
   3.83993346E-03    3.41773615E-01    8.27664469E+01
   3.93674172E-03    3.49779732E-01    8.26352746E+01
   4.03599061E-03    3.57974565E-01    8.25018582E+01
   4.13774165E-03    3.66362301E-01    8.23661262E+01
   4.24205793E-03    3.74947214E-01    8.22280012E+01
   4.34900412E-03    3.83733659E-01    8.20873988E+01
   4.45864653E-03    3.92726064E-01    8.19442417E+01
   4.57105312E-03    4.01928932E-01    8.17984536E+01
   4.68629358E-03    4.11346857E-01    8.16499513E+01
   4.80443936E-03    4.20984509E-01    8.14986493E+01
   4.92556370E-03    4.30846634E-01    8.13444698E+01
   5.04974170E-03    4.40938059E-01    8.11873305E+01
   5.17705035E-03    4.51263702E-01    8.10271430E+01
   5.30756856E-03    4.61828554E-01    8.08638227E+01
   5.44137725E-03    4.72637685E-01    8.06972873E+01
   5.57855939E-03    4.83696250E-01    8.05274485E+01
   5.71920001E-03    4.95009490E-01    8.03542151E+01
   5.86338632E-03    5.06582718E-01    8.01775015E+01
   6.01120769E-03    5.18421329E-01    7.99972196E+01
   6.16275578E-03    5.30530805E-01    7.98132756E+01
   6.31812453E-03    5.42916704E-01    7.96255772E+01
   6.47741028E-03    5.55584656E-01    7.94340350E+01
   6.64071176E-03    5.68540377E-01    7.92385545E+01
   6.80813022E-03    5.81789662E-01    7.90390381E+01
   6.97976946E-03    5.95338374E-01    7.88353923E+01
   7.15573588E-03    6.09192453E-01    7.86275219E+01
   7.33613858E-03    6.23357915E-01    7.84153269E+01
   7.52108940E-03    6.37840850E-01    7.81987074E+01
   7.71070299E-03    6.52647407E-01    7.79775663E+01
   7.90509692E-03    6.67783812E-01    7.77518027E+01
   8.10439170E-03    6.83256358E-01    7.75213122E+01
   8.30871089E-03    6.99071394E-01    7.72859931E+01
   8.51818115E-03    7.15235330E-01    7.70457433E+01
   8.73293235E-03    7.31754639E-01    7.68004564E+01
   8.95309762E-03    7.48635847E-01    7.65500254E+01
   9.17881346E-03    7.65885526E-01    7.62943459E+01
   9.41021981E-03    7.83510296E-01    7.60333104E+01
   9.64746013E-03    8.01516829E-01    7.57668085E+01
   9.89068149E-03    8.19911826E-01    7.54947314E+01
   1.01400347E-02    8.38702023E-01    7.52169707E+01
   1.03956743E-02    8.57894190E-01    7.49334145E+01
   1.06577588E-02    8.77495121E-01    7.46439500E+01
   1.09264508E-02    8.97511623E-01    7.43484665E+01
   1.12019167E-02    9.17950515E-01    7.40468517E+01
   1.14843273E-02    9.38818631E-01    7.37389906E+01
   1.17738578E-02    9.60122796E-01    7.34247696E+01
   1.20706876E-02    9.81869823E-01    7.31040757E+01
   1.23750007E-02    1.00406652E+00    7.27767934E+01
   1.26869859E-02    1.02671966E+00    7.24428068E+01
   1.30068365E-02    1.04983599E+00    7.21020024E+01
   1.33347509E-02    1.07342221E+00    7.17542652E+01
   1.36709322E-02    1.09748497E+00    7.13994787E+01
   1.40155890E-02    1.12203087E+00    7.10375281E+01
   1.43689349E-02    1.14706640E+00    7.06682995E+01
   1.47311890E-02    1.17259800E+00    7.02916780E+01
   1.51025759E-02    1.19863202E+00    6.99075485E+01
   1.54833258E-02    1.22517466E+00    6.95157988E+01
   1.58736747E-02    1.25223204E+00    6.91163165E+01
   1.62738646E-02    1.27981012E+00    6.87089886E+01
   1.66841438E-02    1.30791471E+00    6.82937044E+01
   1.71047664E-02    1.33655147E+00    6.78703551E+01
   1.75359933E-02    1.36572586E+00    6.74388320E+01
   1.79780919E-02    1.39544316E+00    6.69990274E+01
   1.84313362E-02    1.42570841E+00    6.65508374E+01
   1.88960071E-02    1.45652644E+00    6.60941592E+01
   1.93723929E-02    1.48790181E+00    6.56288907E+01
   1.98607888E-02    1.51983883E+00    6.51549330E+01
   2.03614976E-02    1.55234149E+00    6.46721907E+01
   2.08748297E-02    1.58541348E+00    6.41805703E+01
   2.14011034E-02    1.61905815E+00    6.36799803E+01
   2.19406449E-02    1.65327850E+00    6.31703344E+01
   2.24937888E-02    1.68807713E+00    6.26515493E+01
   2.30608780E-02    1.72345624E+00    6.21235441E+01
   2.36422640E-02    1.75941762E+00    6.15862427E+01
   2.42383072E-02    1.79596255E+00    6.10395742E+01
   2.48493773E-02    1.83309188E+00    6.04834712E+01
   2.54758530E-02    1.87080590E+00    5.99178710E+01
   2.61181227E-02    1.90910438E+00    5.93427174E+01
   2.67765847E-02    1.94798651E+00    5.87579590E+01
   2.74516471E-02    1.98745088E+00    5.81635491E+01
   2.81437284E-02    2.02749544E+00    5.75594492E+01
   2.88532577E-02    2.06811746E+00    5.69456264E+01
   2.95806749E-02    2.10931354E+00    5.63220539E+01
   3.03264310E-02    2.15107953E+00    5.56887130E+01
   3.10909883E-02    2.19341048E+00    5.50455929E+01
   3.18748208E-02    2.23630071E+00    5.43926894E+01
   3.26784144E-02    2.27974361E+00    5.37300078E+01
   3.35022673E-02    2.32373175E+00    5.30575619E+01
   3.43468904E-02    2.36825679E+00    5.23753736E+01
   3.52128071E-02    2.41330940E+00    5.16834756E+01
   3.61005545E-02    2.45887928E+00    5.09819096E+01
   3.70106827E-02    2.50495512E+00    5.02707275E+01
   3.79437561E-02    2.55152448E+00    4.95499926E+01
   3.89003532E-02    2.59857390E+00    4.88197781E+01
   3.98810670E-02    2.64608872E+00    4.80801694E+01
   4.08865054E-02    2.69405309E+00    4.73312637E+01
   4.19172919E-02    2.74244997E+00    4.65731694E+01
   4.29740655E-02    2.79126101E+00    4.58060093E+01
   4.40574813E-02    2.84046661E+00    4.50299172E+01
   4.51682110E-02    2.89004578E+00    4.42450417E+01
   4.63069432E-02    2.93997618E+00    4.34515443E+01
   4.74743840E-02    2.99023405E+00    4.26496010E+01
   4.86712569E-02    3.04079414E+00    4.18394024E+01
   4.98983042E-02    3.09162978E+00    4.10211532E+01
   5.11562864E-02    3.14271272E+00    4.01950738E+01
   5.24459836E-02    3.19401317E+00    3.93614000E+01
   5.37681951E-02    3.24549976E+00    3.85203833E+01
   5.51237409E-02    3.29713948E+00    3.76722914E+01
   5.65134612E-02    3.34889772E+00    3.68174079E+01
   5.79382177E-02    3.40073814E+00    3.59560337E+01
   5.93988935E-02    3.45262274E+00    3.50884862E+01
   6.08963944E-02    3.50451182E+00    3.42150997E+01
   6.24316486E-02    3.55636395E+00    3.33362256E+01
   6.40056080E-02    3.60813588E+00    3.24522339E+01
   6.56192484E-02    3.65978270E+00    3.15635106E+01
   6.72735702E-02    3.71125771E+00    3.06704603E+01
   6.89695989E-02    3.76251242E+00    2.97735052E+01
   7.07083860E-02    3.81349662E+00    2.88730852E+01
   7.24910096E-02    3.86415831E+00    2.79696577E+01
   7.43185748E-02    3.91444373E+00    2.70636992E+01
   7.61922146E-02    3.96429747E+00    2.61557020E+01
   7.81130905E-02    4.01366238E+00    2.52461769E+01
   8.00823935E-02    4.06247959E+00    2.43356526E+01
   8.21013445E-02    4.11068868E+00    2.34246740E+01
   8.41711951E-02    4.15822760E+00    2.25138034E+01
   8.62932285E-02    4.20503274E+00    2.16036196E+01
   8.84687603E-02    4.25103904E+00    2.06947176E+01
   9.06991393E-02    4.29618000E+00    1.97877079E+01
   9.29857482E-02    4.34038782E+00    1.88832162E+01
   9.53300046E-02    4.38359337E+00    1.79818830E+01
   9.77333619E-02    4.42572643E+00    1.70843621E+01
   1.00197310E-01    4.46671565E+00    1.61913210E+01
   1.02723377E-01    4.50648877E+00    1.53034388E+01
   1.05313128E-01    4.54497266E+00    1.44214060E+01
   1.07968169E-01    4.58209351E+00    1.35459234E+01
   1.10690146E-01    4.61777694E+00    1.26777006E+01
   1.13480746E-01    4.65194811E+00    1.18174550E+01
   1.16341700E-01    4.68453198E+00    1.09659102E+01
   1.19274782E-01    4.71545337E+00    1.01237948E+01
   1.22281809E-01    4.74463722E+00    9.29184042E+00
   1.25364646E-01    4.77200871E+00    8.47078033E+00
   1.28525205E-01    4.79749350E+00    7.66134745E+00
   1.31765443E-01    4.82101795E+00    6.86427239E+00
   1.35087372E-01    4.84250926E+00    6.08028163E+00
   1.38493049E-01    4.86189579E+00    5.31009487E+00
   1.41984586E-01    4.87910714E+00    4.55442411E+00
   1.45564149E-01    4.89407460E+00    3.81396951E+00
   1.49233955E-01    4.90673117E+00    3.08941872E+00
   1.52996281E-01    4.91701191E+00    2.38144421E+00
   1.56853458E-01    4.92485424E+00    1.69070018E+00
   1.60807878E-01    4.93019804E+00    1.01782151E+00
   1.64861993E-01    4.93298605E+00    3.63420759E-01
   1.69018316E-01    4.93316404E+00   -2.71913657E-01
   1.73279423E-01    4.93068108E+00   -8.87619425E-01
   1.77647957E-01    4.92548983E+00   -1.48316228E+00
   1.82126626E-01    4.91754675E+00   -2.05803755E+00
   1.86718206E-01    4.90681240E+00   -2.61177210E+00
   1.91425544E-01    4.89325164E+00   -3.14392530E+00
   1.96251559E-01    4.87683395E+00   -3.65409074E+00
   2.01199241E-01    4.85753363E+00   -4.14189726E+00
   2.06271660E-01    4.83533004E+00   -4.60700999E+00
   2.11471958E-01    4.81020784E+00   -5.04913137E+00
   2.16803361E-01    4.78215731E+00   -5.46800288E+00
   2.22269174E-01    4.75117436E+00   -5.86340418E+00
   2.27872785E-01    4.71726116E+00   -6.23515880E+00
   2.33617667E-01    4.68042581E+00   -6.58312893E+00
   2.39507384E-01    4.64068294E+00   -6.90722170E+00
   2.45545586E-01    4.59805370E+00   -7.20738810E+00
   2.51736017E-01    4.55256597E+00   -7.48362496E+00
   2.58082514E-01    4.50425446E+00   -7.73597621E+00
   2.64589012E-01    4.45316085E+00   -7.96453378E+00
   2.71259545E-01    4.39933383E+00   -8.16943940E+00
   2.78098248E-01    4.34282917E+00   -8.35088489E+00
   2.85109361E-01    4.28370967E+00   -8.50911292E+00
   2.92297231E-01    4.22204534E+00   -8.64441972E+00
   2.99666313E-01    4.15791306E+00   -8.75715226E+00
   3.07221177E-01    4.09139665E+00   -8.84771058E+00
   3.14966506E-01    4.02258667E+00   -8.91654598E+00
   3.22907102E-01    3.95158028E+00   -8.96416196E+00
   3.31047888E-01    3.87848099E+00   -8.99111164E+00
   3.39393910E-01    3.80339840E+00   -8.99799728E+00
   3.47950344E-01    3.72644785E+00   -8.98546760E+00
   3.56722493E-01    3.64775021E+00   -8.95421653E+00
   3.65715795E-01    3.56743135E+00   -8.90497971E+00
   3.74935828E-01    3.48562182E+00   -8.83853180E+00
   3.84388306E-01    3.40245643E+00   -8.75568356E+00
   3.94079089E-01    3.31807357E+00   -8.65727642E+00
   4.04014186E-01    3.23261501E+00   -8.54418105E+00
   4.14199756E-01    3.14622524E+00   -8.41729215E+00
   4.24642114E-01    3.05905084E+00   -8.27752329E+00
   4.35347733E-01    2.97124011E+00   -8.12580385E+00
   4.46323251E-01    2.88294229E+00   -7.96307264E+00
   4.57575471E-01    2.79430727E+00   -7.79027601E+00
   4.69111370E-01    2.70548476E+00   -7.60836064E+00
   4.80938100E-01    2.61662385E+00   -7.41827041E+00
   4.93062993E-01    2.52787253E+00   -7.22094256E+00
   5.05493566E-01    2.43937695E+00   -7.01730185E+00
   5.18237525E-01    2.35128104E+00   -6.80825798E+00
   5.31302770E-01    2.26372592E+00   -6.59470082E+00
   5.44697403E-01    2.17684944E+00   -6.37749786E+00
   5.58429726E-01    2.09078572E+00   -6.15749018E+00
   5.72508255E-01    2.00566465E+00   -5.93549007E+00
   5.86941715E-01    1.92161153E+00   -5.71227823E+00
   6.01739057E-01    1.83874665E+00   -5.48860165E+00
   6.16909453E-01    1.75718492E+00   -5.26517163E+00
   6.32462309E-01    1.67703559E+00   -5.04266234E+00
   6.48407267E-01    1.59840188E+00   -4.82170954E+00
   6.64754212E-01    1.52138076E+00   -4.60290970E+00
   6.81513278E-01    1.44606269E+00   -4.38681945E+00
   6.98694856E-01    1.37253144E+00   -4.17395519E+00
   7.16309598E-01    1.30086388E+00   -3.96479319E+00
   7.34368423E-01    1.23112983E+00   -3.75976955E+00
   7.52882528E-01    1.16339199E+00   -3.55928080E+00
   7.71863390E-01    1.09770576E+00   -3.36368454E+00
   7.91322778E-01    1.03411929E+00   -3.17329986E+00
   8.11272754E-01    9.72673319E-01   -2.98840861E+00
   8.31725688E-01    9.13401263E-01   -2.80925608E+00
   8.52694259E-01    8.56329193E-01   -2.63605219E+00
   8.74191468E-01    8.01475864E-01   -2.46897260E+00
   8.96230640E-01    7.48852796E-01   -2.30815981E+00
   9.18825441E-01    6.98464453E-01   -2.15372449E+00
   9.41989877E-01    6.50308192E-01   -2.00574642E+00
   9.65738310E-01    6.04374590E-01   -1.86427590E+00
   9.90085463E-01    5.60647563E-01   -1.72933485E+00
   1.01504643E+00    5.19104596E-01   -1.60091796E+00
   1.04063669E+00    4.79716999E-01   -1.47899392E+00
   1.06687210E+00    4.42450197E-01   -1.36350656E+00
   1.09376893E+00    4.07264058E-01   -1.25437608E+00
   1.12134385E+00    3.74113256E-01   -1.15150038E+00
   1.14961396E+00    3.42947654E-01   -1.05475633E+00
   1.17859679E+00    3.13712737E-01   -9.64001354E-01
   1.20831030E+00    2.86350054E-01   -8.79074973E-01
   1.23877292E+00    2.60797706E-01   -7.99800669E-01
   1.27000352E+00    2.36990795E-01   -7.25987698E-01
   1.30202148E+00    2.14861942E-01   -6.57433212E-01
   1.33484664E+00    1.94341763E-01   -5.93924325E-01
   1.36849936E+00    1.75359351E-01   -5.35240284E-01
   1.40300049E+00    1.57842728E-01   -4.81154534E-01
   1.43837142E+00    1.41719302E-01   -4.31436772E-01
   1.47463409E+00    1.26916292E-01   -3.85854876E-01
   1.51181098E+00    1.13361097E-01   -3.44176574E-01
   1.54992513E+00    1.00981672E-01   -3.06171037E-01
   1.58900017E+00    8.97069081E-02   -2.71610423E-01
   1.62906033E+00    7.94668764E-02   -2.40270882E-01
   1.67013044E+00    7.01931491E-02   -2.11933746E-01
   1.71223597E+00    6.18190641E-02   -1.86386472E-01
   1.75540301E+00    5.42799263E-02   -1.63423329E-01
   1.79965834E+00    4.75132320E-02   -1.42846118E-01
   1.84502939E+00    4.14588246E-02   -1.24464647E-01
   1.89154428E+00    3.60590772E-02   -1.08097269E-01
   1.93923185E+00    3.12589649E-02   -9.35710553E-02
   1.98812168E+00    2.70061965E-02   -8.07221538E-02
   2.03824406E+00    2.32512848E-02   -6.93959426E-02
   2.08963007E+00    1.99475805E-02   -5.94470734E-02
   2.14231157E+00    1.70512985E-02   -5.07394941E-02
   2.19632122E+00    1.45215201E-02   -4.31463939E-02
   2.25169250E+00    1.23201651E-02   -3.65500627E-02
   2.30845974E+00    1.04119678E-02   -3.08417642E-02
   2.36665814E+00    8.76439613E-03   -2.59214374E-02
   2.42632377E+00    7.34756352E-03   -2.16973806E-02
   2.48749363E+00    6.13417117E-03   -1.80860327E-02
   2.55020564E+00    5.09938280E-03   -1.50115505E-02
   2.61449867E+00    4.22070888E-03   -1.24054182E-02
   2.68041260E+00    3.47787915E-03   -1.02060261E-02
   2.74798827E+00    2.85272509E-03   -8.35828155E-03
   2.81726759E+00    2.32903232E-03   -6.81313243E-03
   2.88829350E+00    1.89239939E-03   -5.52711287E-03
   2.96111004E+00    1.53010886E-03   -4.46192957E-03
   3.03576235E+00    1.23098952E-03   -3.58402395E-03
   3.11229672E+00    9.85273763E-04   -2.86412265E-03
   3.19076059E+00    7.84471135E-04   -2.27683969E-03
   3.27120260E+00    6.21240502E-04   -1.80027695E-03
   3.35367264E+00    4.89270915E-04   -1.41565344E-03
   3.43822182E+00    3.83166401E-04   -1.10694857E-03
   3.52490256E+00    2.98343530E-04   -8.60585933E-04
   3.61376860E+00    2.30927281E-04   -6.65113988E-04
   3.70487504E+00    1.77664524E-04   -5.10941167E-04
   3.79827835E+00    1.35840445E-04   -3.90081363E-04
   3.89403645E+00    1.03203569E-04   -2.95926433E-04
   3.99220870E+00    7.78986319E-05   -2.23043310E-04
   4.09285596E+00    5.84071563E-05   -1.66995015E-04
   4.19604063E+00    4.34941905E-05   -1.24180898E-04
   4.30182668E+00    3.21627198E-05   -9.17002865E-05
   4.41027970E+00    2.36132310E-05   -6.72320289E-05
   4.52146691E+00    1.72092823E-05   -4.89322419E-05
   4.63545726E+00    1.24478851E-05   -3.53466518E-05
   4.75232141E+00    8.93455355E-06   -2.53369784E-05
   4.87213182E+00    6.36225840E-06   -1.80190330E-05
   4.99496275E+00    4.49392864E-06   -1.27114049E-05
   5.12089037E+00    3.14796570E-06   -8.89310794E-06
   5.24999273E+00    2.18641788E-06   -6.16910111E-06
   5.38234989E+00    1.50537026E-06   -4.24234597E-06
   5.51804389E+00    1.02722705E-06   -2.89142571E-06
   5.65715886E+00    6.94553923E-07   -1.95273408E-06
   5.79978105E+00    4.65224256E-07   -1.30647051E-06
   5.94599888E+00    3.08627736E-07   -8.65726643E-07
   6.09590299E+00    2.02730714E-07   -5.68044347E-07
   6.24958632E+00    1.31828203E-07   -3.68974201E-07
   6.40714416E+00    8.48383089E-08   -2.37198857E-07
   6.56867416E+00    5.40208392E-08   -1.50876857E-07
   6.73427650E+00    3.40249734E-08   -9.49308528E-08
   6.90405381E+00    2.11926023E-08   -5.90676312E-08
   7.07811137E+00    1.30497467E-08   -3.63354258E-08
   7.25655709E+00    7.94192824E-09   -2.20914421E-08
   7.43950158E+00    4.77561097E-09   -1.32710056E-08
   7.62705827E+00    2.83650052E-09   -7.87483082E-09
   7.81934344E+00    1.66361312E-09   -4.61424529E-09
   8.01647630E+00    9.63171950E-10   -2.66899963E-09
   8.21857905E+00    5.50290964E-10   -1.52348996E-09
   8.42577700E+00    3.10157264E-10   -8.57902229E-10
   8.63819861E+00    1.72392732E-10   -4.76419288E-10
   8.85597556E+00    9.44626292E-11   -2.60825957E-10
   9.07924287E+00    5.10083393E-11   -1.40720719E-10
   9.30813895E+00    2.71339867E-11   -7.47932151E-11
   9.54280571E+00    1.42137506E-11   -3.91466450E-11
   9.78338864E+00    7.32939011E-12   -2.01695618E-11
   1.00300369E+01    3.71883727E-12   -1.02254855E-11
   1.02829034E+01    1.85591849E-12   -5.09904877E-12
   1.05421448E+01    9.10618200E-13   -2.49991579E-12
   1.08079220E+01    4.39128433E-13   -1.20460547E-12
   1.10803997E+01    2.08024438E-13   -5.70213051E-13
   1.13597468E+01    9.67528566E-14   -2.65009329E-13
   1.16461365E+01    4.41589663E-14   -1.20863701E-13
   1.19397463E+01    1.97794434E-14   -5.40974218E-14
   1.22407583E+01    0.00000000E+00   -2.37352057E-14
   1.25493591E+01    0.00000000E+00   -1.02097947E-14
   1.28657400E+01    0.00000000E+00    0.00000000E+00
   1.31900972E+01    0.00000000E+00    0.00000000E+00
   1.35226317E+01    0.00000000E+00    0.00000000E+00
   1.38635497E+01    0.00000000E+00    0.00000000E+00
   1.42130626E+01    0.00000000E+00    0.00000000E+00
   1.45713870E+01    0.00000000E+00    0.00000000E+00
   1.49387451E+01    0.00000000E+00    0.00000000E+00
   1.53153646E+01    0.00000000E+00    0.00000000E+00
   1.57014791E+01    0.00000000E+00    0.00000000E+00
   1.60973278E+01    0.00000000E+00    0.00000000E+00
   1.65031563E+01    0.00000000E+00    0.00000000E+00
   1.69192161E+01    0.00000000E+00    0.00000000E+00
   1.73457651E+01    0.00000000E+00    0.00000000E+00
   1.77830678E+01    0.00000000E+00    0.00000000E+00
   1.82313954E+01    0.00000000E+00    0.00000000E+00
   1.86910257E+01    0.00000000E+00    0.00000000E+00
   1.91622436E+01    0.00000000E+00    0.00000000E+00
   1.96453415E+01    0.00000000E+00    0.00000000E+00
   2.01406186E+01    0.00000000E+00    0.00000000E+00
   2.06483822E+01    0.00000000E+00    0.00000000E+00
   2.11689469E+01    0.00000000E+00    0.00000000E+00
   2.17026356E+01    0.00000000E+00    0.00000000E+00
   2.22497791E+01    0.00000000E+00    0.00000000E+00
   2.28107165E+01    0.00000000E+00    0.00000000E+00
   2.33857957E+01    0.00000000E+00    0.00000000E+00
   2.39753732E+01    0.00000000E+00    0.00000000E+00
   2.45798144E+01    0.00000000E+00    0.00000000E+00
   2.51994942E+01    0.00000000E+00    0.00000000E+00
   2.58347967E+01    0.00000000E+00    0.00000000E+00
   2.64861157E+01    0.00000000E+00    0.00000000E+00
   2.71538551E+01    0.00000000E+00    0.00000000E+00
   2.78384288E+01    0.00000000E+00    0.00000000E+00
   2.85402613E+01    0.00000000E+00    0.00000000E+00
   2.92597876E+01    0.00000000E+00    0.00000000E+00
   2.99974538E+01    0.00000000E+00    0.00000000E+00
   3.07537172E+01    0.00000000E+00    0.00000000E+00
   3.15290468E+01    0.00000000E+00    0.00000000E+00
   3.23239231E+01    0.00000000E+00    0.00000000E+00
   3.31388390E+01    0.00000000E+00    0.00000000E+00
   3.39742997E+01    0.00000000E+00    0.00000000E+00
   3.48308231E+01    0.00000000E+00    0.00000000E+00
   3.57089403E+01    0.00000000E+00    0.00000000E+00
   3.66091956E+01    0.00000000E+00    0.00000000E+00
   3.75321471E+01    0.00000000E+00    0.00000000E+00
   3.84783671E+01    0.00000000E+00    0.00000000E+00
   3.94484422E+01    0.00000000E+00    0.00000000E+00
   4.04429738E+01    0.00000000E+00    0.00000000E+00
   4.14625785E+01    0.00000000E+00    0.00000000E+00
   4.25078883E+01    0.00000000E+00    0.00000000E+00
   4.35795513E+01    0.00000000E+00    0.00000000E+00
   4.46782320E+01    0.00000000E+00    0.00000000E+00
   4.58046114E+01    0.00000000E+00    0.00000000E+00
   4.69593879E+01    0.00000000E+00    0.00000000E+00
   4.81432773E+01    0.00000000E+00    0.00000000E+00
   4.93570137E+01    0.00000000E+00    0.00000000E+00
   5.06013496E+01    0.00000000E+00    0.00000000E+00
   5.18770562E+01    0.00000000E+00    0.00000000E+00
   5.31849246E+01    0.00000000E+00    0.00000000E+00
   5.45257656E+01    0.00000000E+00    0.00000000E+00
   5.59004104E+01    0.00000000E+00    0.00000000E+00
   5.73097113E+01    0.00000000E+00    0.00000000E+00
   5.87545419E+01    0.00000000E+00    0.00000000E+00
   6.02357981E+01    0.00000000E+00    0.00000000E+00
   6.17543981E+01    0.00000000E+00    0.00000000E+00
   6.33112834E+01    0.00000000E+00    0.00000000E+00
   6.49074192E+01    0.00000000E+00    0.00000000E+00
   6.65437950E+01    0.00000000E+00    0.00000000E+00
   6.82214255E+01    0.00000000E+00    0.00000000E+00
   6.99413505E+01    0.00000000E+00    0.00000000E+00
   7.17046364E+01    0.00000000E+00    0.00000000E+00
   7.35123764E+01    0.00000000E+00    0.00000000E+00
   7.53656911E+01    0.00000000E+00    0.00000000E+00
   7.72657297E+01    0.00000000E+00    0.00000000E+00
   7.92136699E+01    0.00000000E+00    0.00000000E+00
   8.12107196E+01    0.00000000E+00    0.00000000E+00
   8.32581167E+01    0.00000000E+00    0.00000000E+00
   8.53571305E+01    0.00000000E+00    0.00000000E+00
   8.75090625E+01    0.00000000E+00    0.00000000E+00
   8.97152466E+01    0.00000000E+00    0.00000000E+00
   9.19770507E+01    0.00000000E+00    0.00000000E+00
   9.42958769E+01    0.00000000E+00    0.00000000E+00
   9.66731629E+01    0.00000000E+00    0.00000000E+00
   9.91103824E+01    0.00000000E+00    0.00000000E+00
   1.01609046E+02    0.00000000E+00    0.00000000E+00
   1.04170704E+02    0.00000000E+00    0.00000000E+00
   1.06796944E+02    0.00000000E+00    0.00000000E+00
   1.09489393E+02    0.00000000E+00    0.00000000E+00
   1.12249722E+02    0.00000000E+00    0.00000000E+00
