# Radial wavefunctions and first derivative.
# Energy units: hartree
# Length units: bohr
#
# State: 2s
# Nodes:     0.151115  
# Peaks:     0.056513      0.457575  
   3.74165729E-05   -2.80170127E+01    4.04602711E+03
   3.83598792E-05   -2.80132697E+01    3.96909044E+03
   3.93269671E-05   -2.80094609E+01    3.89136511E+03
   4.03184362E-05   -2.80056168E+01    3.81412019E+03
   4.13349012E-05   -2.80017667E+01    3.73857645E+03
   4.23769921E-05   -2.79979118E+01    3.66480339E+03
   4.34453551E-05   -2.79940425E+01    3.59240662E+03
   4.45406526E-05   -2.79901498E+01    3.52103397E+03
   4.56635635E-05   -2.79862347E+01    3.45072328E+03
   4.68147840E-05   -2.79823002E+01    3.38161114E+03
   4.79950279E-05   -2.79783488E+01    3.31379235E+03
   4.92050268E-05   -2.79743801E+01    3.24725628E+03
   5.04455309E-05   -2.79703932E+01    3.18196158E+03
   5.17173092E-05   -2.79663876E+01    3.11788241E+03
   5.30211502E-05   -2.79623636E+01    3.05502846E+03
   5.43578623E-05   -2.79583212E+01    2.99340035E+03
   5.57282741E-05   -2.79542607E+01    2.93299525E+03
   5.71332353E-05   -2.79501819E+01    2.87380794E+03
   5.85736168E-05   -2.79460846E+01    2.81581920E+03
   6.00503117E-05   -2.79419687E+01    2.75901635E+03
   6.15642354E-05   -2.79378342E+01    2.70339404E+03
   6.31163265E-05   -2.79336809E+01    2.64893375E+03
   6.47075473E-05   -2.79295086E+01    2.59562177E+03
   6.63388842E-05   -2.79253172E+01    2.54344975E+03
   6.80113486E-05   -2.79211064E+01    2.49239600E+03
   6.97259774E-05   -2.79168759E+01    2.44244341E+03
   7.14838335E-05   -2.79126258E+01    2.39358300E+03
   7.32860069E-05   -2.79083555E+01    2.34579304E+03
   7.51336146E-05   -2.79040649E+01    2.29905345E+03
   7.70278023E-05   -2.78997537E+01    2.25335499E+03
   7.89697442E-05   -2.78954216E+01    2.20867688E+03
   8.09606443E-05   -2.78910681E+01    2.16499573E+03
   8.30017367E-05   -2.78866930E+01    2.12230211E+03
   8.50942870E-05   -2.78822961E+01    2.08057763E+03
   8.72395924E-05   -2.78778766E+01    2.03979646E+03
   8.94389830E-05   -2.78734345E+01    1.99994781E+03
   9.16938222E-05   -2.78689692E+01    1.96101643E+03
   9.40055079E-05   -2.78644803E+01    1.92297645E+03
   9.63754734E-05   -2.78599672E+01    1.88581321E+03
   9.88051880E-05   -2.78554297E+01    1.84951502E+03
   1.01296158E-04   -2.78508672E+01    1.81405883E+03
   1.03849927E-04   -2.78462790E+01    1.77942438E+03
   1.06468080E-04   -2.78416648E+01    1.74560251E+03
   1.09152238E-04   -2.78370241E+01    1.71257509E+03
   1.11904067E-04   -2.78323561E+01    1.68031775E+03
   1.14725271E-04   -2.78276603E+01    1.64882028E+03
   1.17617601E-04   -2.78229362E+01    1.61806984E+03
   1.20582849E-04   -2.78181831E+01    1.58804366E+03
   1.23622854E-04   -2.78134003E+01    1.55872516E+03
   1.26739500E-04   -2.78085873E+01    1.53010585E+03
   1.29934720E-04   -2.78037434E+01    1.50216869E+03
   1.33210494E-04   -2.77988676E+01    1.47489138E+03
   1.36568853E-04   -2.77939593E+01    1.44826486E+03
   1.40011880E-04   -2.77890181E+01    1.42227818E+03
   1.43541708E-04   -2.77840429E+01    1.39691154E+03
   1.47160527E-04   -2.77790328E+01    1.37214803E+03
   1.50870580E-04   -2.77739872E+01    1.34798082E+03
   1.54674166E-04   -2.77689054E+01    1.32439675E+03
   1.58573644E-04   -2.77637861E+01    1.30137553E+03
   1.62571432E-04   -2.77586287E+01    1.27890604E+03
   1.66670008E-04   -2.77534323E+01    1.25698102E+03
   1.70871912E-04   -2.77481960E+01    1.23558605E+03
   1.75179751E-04   -2.77429186E+01    1.21470233E+03
   1.79596194E-04   -2.77375992E+01    1.19432248E+03
   1.84123979E-04   -2.77322370E+01    1.17443859E+03
   1.88765915E-04   -2.77268308E+01    1.15503580E+03
   1.93524877E-04   -2.77213794E+01    1.13609763E+03
   1.98403818E-04   -2.77158818E+01    1.11761858E+03
   2.03405761E-04   -2.77103371E+01    1.09959056E+03
   2.08533808E-04   -2.77047439E+01    1.08199907E+03
   2.13791137E-04   -2.76991008E+01    1.06482964E+03
   2.19181009E-04   -2.76934069E+01    1.04807768E+03
   2.24706764E-04   -2.76876611E+01    1.03173549E+03
   2.30371829E-04   -2.76818619E+01    1.01578952E+03
   2.36179715E-04   -2.76760077E+01    1.00022650E+03
   2.42134023E-04   -2.76700976E+01    9.85042391E+02
   2.48238445E-04   -2.76641301E+01    9.70230345E+02
   2.54496765E-04   -2.76581038E+01    9.55778170E+02
   2.60912863E-04   -2.76520169E+01    9.41673048E+02
   2.67490717E-04   -2.76458682E+01    9.27911215E+02
   2.74234404E-04   -2.76396564E+01    9.14486971E+02
   2.81148107E-04   -2.76333797E+01    9.01389860E+02
   2.88236109E-04   -2.76270362E+01    8.88607183E+02
   2.95502807E-04   -2.76206245E+01    8.76134825E+02
   3.02952706E-04   -2.76141431E+01    8.63968455E+02
   3.10590423E-04   -2.76075902E+01    8.52099567E+02
   3.18420693E-04   -2.76009637E+01    8.40516066E+02
   3.26448373E-04   -2.75942619E+01    8.29212338E+02
   3.34678437E-04   -2.75874831E+01    8.18185450E+02
   3.43115989E-04   -2.75806256E+01    8.07428922E+02
   3.51766259E-04   -2.75736869E+01    7.96932304E+02
   3.60634611E-04   -2.75666650E+01    7.86687525E+02
   3.69726542E-04   -2.75595582E+01    7.76692494E+02
   3.79047689E-04   -2.75523645E+01    7.66942716E+02
   3.88603830E-04   -2.75450814E+01    7.57430185E+02
   3.98400891E-04   -2.75377066E+01    7.48145064E+02
   4.08444945E-04   -2.75302378E+01    7.39084311E+02
   4.18742218E-04   -2.75226731E+01    7.30245308E+02
   4.29299096E-04   -2.75150101E+01    7.21622488E+02
   4.40122121E-04   -2.75072460E+01    7.13207074E+02
   4.51218006E-04   -2.74993780E+01    7.04992564E+02
   4.62593628E-04   -2.74914041E+01    6.96977490E+02
   4.74256039E-04   -2.74833217E+01    6.89158471E+02
   4.86212471E-04   -2.74751280E+01    6.81529352E+02
   4.98470336E-04   -2.74668199E+01    6.74081782E+02
   5.11037233E-04   -2.74583945E+01    6.66812420E+02
   5.23920952E-04   -2.74498495E+01    6.59719737E+02
   5.37129482E-04   -2.74411818E+01    6.52799974E+02
   5.50671012E-04   -2.74323882E+01    6.46046796E+02
   5.64553935E-04   -2.74234651E+01    6.39453099E+02
   5.78786861E-04   -2.74144097E+01    6.33017202E+02
   5.93378611E-04   -2.74052190E+01    6.26737396E+02
   6.08338233E-04   -2.73958897E+01    6.20609913E+02
   6.23675000E-04   -2.73864180E+01    6.14628649E+02
   6.39398422E-04   -2.73768000E+01    6.08787749E+02
   6.55518245E-04   -2.73670325E+01    6.03086150E+02
   6.72044464E-04   -2.73571121E+01    5.97522154E+02
   6.88987325E-04   -2.73470350E+01    5.92092217E+02
   7.06357330E-04   -2.73367969E+01    5.86790711E+02
   7.24165250E-04   -2.73263936E+01    5.81612699E+02
   7.42422123E-04   -2.73158214E+01    5.76557384E+02
   7.61139269E-04   -2.73050764E+01    5.71623209E+02
   7.80328292E-04   -2.72941544E+01    5.66806977E+02
   8.00001087E-04   -2.72830505E+01    5.62103642E+02
   8.20169852E-04   -2.72717600E+01    5.57508772E+02
   8.40847090E-04   -2.72602787E+01    5.53021691E+02
   8.62045620E-04   -2.72486022E+01    5.48641083E+02
   8.83778585E-04   -2.72367258E+01    5.44364196E+02
   9.06059458E-04   -2.72246440E+01    5.40186643E+02
   9.28902052E-04   -2.72123514E+01    5.36104176E+02
   9.52320529E-04   -2.71998434E+01    5.32116107E+02
   9.76329407E-04   -2.71871150E+01    5.28221421E+02
   1.00094357E-03   -2.71741607E+01    5.24417863E+02
   1.02617828E-03   -2.71609747E+01    5.20701758E+02
   1.05204918E-03   -2.71475508E+01    5.17068915E+02
   1.07857231E-03   -2.71338836E+01    5.13518400E+02
   1.10576411E-03   -2.71199675E+01    5.10049550E+02
   1.13364145E-03   -2.71057964E+01    5.06660643E+02
   1.16222159E-03   -2.70913641E+01    5.03348748E+02
   1.19152227E-03   -2.70766633E+01    5.00109889E+02
   1.22156164E-03   -2.70616879E+01    4.96942384E+02
   1.25235834E-03   -2.70464314E+01    4.93845929E+02
   1.28393145E-03   -2.70308874E+01    4.90819373E+02
   1.31630054E-03   -2.70150487E+01    4.87860563E+02
   1.34948569E-03   -2.69989075E+01    4.84966216E+02
   1.38350747E-03   -2.69824564E+01    4.82133554E+02
   1.41838697E-03   -2.69656881E+01    4.79362238E+02
   1.45414581E-03   -2.69485954E+01    4.76651575E+02
   1.49080617E-03   -2.69311705E+01    4.74000038E+02
   1.52839077E-03   -2.69134048E+01    4.71405155E+02
   1.56692291E-03   -2.68952897E+01    4.68863878E+02
   1.60642648E-03   -2.68768170E+01    4.66375323E+02
   1.64692597E-03   -2.68579785E+01    4.63939159E+02
   1.68844649E-03   -2.68387655E+01    4.61554374E+02
   1.73101378E-03   -2.68191688E+01    4.59219175E+02
   1.77465424E-03   -2.67991788E+01    4.56930908E+02
   1.81939491E-03   -2.67787856E+01    4.54687570E+02
   1.86526353E-03   -2.67579801E+01    4.52488933E+02
   1.91228854E-03   -2.67367527E+01    4.50334416E+02
   1.96049910E-03   -2.67150934E+01    4.48222806E+02
   2.00992509E-03   -2.66929915E+01    4.46152161E+02
   2.06059715E-03   -2.66704357E+01    4.44120059E+02
   2.11254670E-03   -2.66474155E+01    4.42125710E+02
   2.16580595E-03   -2.66239204E+01    4.40168862E+02
   2.22040792E-03   -2.65999392E+01    4.38248752E+02
   2.27638645E-03   -2.65754602E+01    4.36364032E+02
   2.33377625E-03   -2.65504712E+01    4.34512691E+02
   2.39261290E-03   -2.65249595E+01    4.32692922E+02
   2.45293288E-03   -2.64989133E+01    4.30904444E+02
   2.51477357E-03   -2.64723205E+01    4.29146836E+02
   2.57817333E-03   -2.64451680E+01    4.27419201E+02
   2.64317146E-03   -2.64174426E+01    4.25720108E+02
   2.70980825E-03   -2.63891300E+01    4.24047626E+02
   2.77812501E-03   -2.63602166E+01    4.22400808E+02
   2.84816411E-03   -2.63306887E+01    4.20779458E+02
   2.91996895E-03   -2.63005324E+01    4.19183029E+02
   2.99358406E-03   -2.62697329E+01    4.17610541E+02
   3.06905507E-03   -2.62382746E+01    4.16060521E+02
   3.14642878E-03   -2.62061418E+01    4.14531278E+02
   3.22575315E-03   -2.61733191E+01    4.13022326E+02
   3.30707736E-03   -2.61397910E+01    4.11533387E+02
   3.39045183E-03   -2.61055414E+01    4.10063847E+02
   3.47592824E-03   -2.60705534E+01    4.08612697E+02
   3.56355960E-03   -2.60348096E+01    4.07178493E+02
   3.65340022E-03   -2.59982922E+01    4.05759976E+02
   3.74550581E-03   -2.59609840E+01    4.04356872E+02
   3.83993346E-03   -2.59228672E+01    4.02968790E+02
   3.93674172E-03   -2.58839237E+01    4.01595026E+02
   4.03599061E-03   -2.58441341E+01    4.00234520E+02
   4.13774165E-03   -2.58034788E+01    3.98885877E+02
   4.24205793E-03   -2.57619381E+01    3.97548340E+02
   4.34900412E-03   -2.57194928E+01    3.96221665E+02
   4.45864653E-03   -2.56761226E+01    3.94905378E+02
   4.57105312E-03   -2.56318068E+01    3.93598722E+02
   4.68629358E-03   -2.55865239E+01    3.92300614E+02
   4.80443936E-03   -2.55402517E+01    3.91009789E+02
   4.92556370E-03   -2.54929685E+01    3.89725755E+02
   5.04974170E-03   -2.54446525E+01    3.88448214E+02
   5.17705035E-03   -2.53952811E+01    3.87176648E+02
   5.30756856E-03   -2.53448309E+01    3.85910283E+02
   5.44137725E-03   -2.52932779E+01    3.84648053E+02
   5.57855939E-03   -2.52405976E+01    3.83388899E+02
   5.71920001E-03   -2.51867658E+01    3.82132456E+02
   5.86338632E-03   -2.51317581E+01    3.80878348E+02
   6.01120769E-03   -2.50755493E+01    3.79625998E+02
   6.16275578E-03   -2.50181133E+01    3.78374599E+02
   6.31812453E-03   -2.49594235E+01    3.77123096E+02
   6.47741028E-03   -2.48994528E+01    3.75870718E+02
   6.64071176E-03   -2.48381749E+01    3.74617138E+02
   6.80813022E-03   -2.47755625E+01    3.73361902E+02
   6.97976946E-03   -2.47115876E+01    3.72104367E+02
   7.15573588E-03   -2.46462214E+01    3.70843680E+02
   7.33613858E-03   -2.45794346E+01    3.69578836E+02
   7.52108940E-03   -2.45111979E+01    3.68309300E+02
   7.71070299E-03   -2.44414823E+01    3.67034713E+02
   7.90509692E-03   -2.43702579E+01    3.65754567E+02
   8.10439170E-03   -2.42974939E+01    3.64468188E+02
   8.30871089E-03   -2.42231590E+01    3.63174710E+02
   8.51818115E-03   -2.41472212E+01    3.61873218E+02
   8.73293235E-03   -2.40696491E+01    3.60563258E+02
   8.95309762E-03   -2.39904109E+01    3.59244414E+02
   9.17881346E-03   -2.39094742E+01    3.57916139E+02
   9.41021981E-03   -2.38268059E+01    3.56577732E+02
   9.64746013E-03   -2.37423720E+01    3.55228329E+02
   9.89068149E-03   -2.36561385E+01    3.53867184E+02
   1.01400347E-02   -2.35680718E+01    3.52493881E+02
   1.03956743E-02   -2.34781380E+01    3.51107930E+02
   1.06577588E-02   -2.33863021E+01    3.49708721E+02
   1.09264508E-02   -2.32925289E+01    3.48295499E+02
   1.12019167E-02   -2.31967823E+01    3.46867418E+02
   1.14843273E-02   -2.30990269E+01    3.45423945E+02
   1.17738578E-02   -2.29992274E+01    3.43964650E+02
   1.20706876E-02   -2.28973480E+01    3.42489004E+02
   1.23750007E-02   -2.27933522E+01    3.40996370E+02
   1.26869859E-02   -2.26872029E+01    3.39485983E+02
   1.30068365E-02   -2.25788629E+01    3.37957027E+02
   1.33347509E-02   -2.24682957E+01    3.36409004E+02
   1.36709322E-02   -2.23554649E+01    3.34841469E+02
   1.40155890E-02   -2.22403337E+01    3.33253893E+02
   1.43689349E-02   -2.21228650E+01    3.31645652E+02
   1.47311890E-02   -2.20030211E+01    3.30016014E+02
   1.51025759E-02   -2.18807646E+01    3.28364240E+02
   1.54833258E-02   -2.17560588E+01    3.26689858E+02
   1.58736747E-02   -2.16288675E+01    3.24992397E+02
   1.62738646E-02   -2.14991540E+01    3.23271313E+02
   1.66841438E-02   -2.13668817E+01    3.21525976E+02
   1.71047664E-02   -2.12320135E+01    3.19755685E+02
   1.75359933E-02   -2.10945138E+01    3.17959896E+02
   1.79780919E-02   -2.09543474E+01    3.16138161E+02
   1.84313362E-02   -2.08114793E+01    3.14289971E+02
   1.88960071E-02   -2.06658746E+01    3.12414747E+02
   1.93723929E-02   -2.05174986E+01    3.10511855E+02
   1.98607888E-02   -2.03663180E+01    3.08580808E+02
   2.03614976E-02   -2.02123002E+01    3.06621175E+02
   2.08748297E-02   -2.00554132E+01    3.04632472E+02
   2.14011034E-02   -1.98956253E+01    3.02614155E+02
   2.19406449E-02   -1.97329058E+01    3.00565695E+02
   2.24937888E-02   -1.95672255E+01    2.98486693E+02
   2.30608780E-02   -1.93985564E+01    2.96376736E+02
   2.36422640E-02   -1.92268707E+01    2.94235362E+02
   2.42383072E-02   -1.90521424E+01    2.92062108E+02
   2.48493773E-02   -1.88743468E+01    2.89856624E+02
   2.54758530E-02   -1.86934610E+01    2.87618559E+02
   2.61181227E-02   -1.85094630E+01    2.85347522E+02
   2.67765847E-02   -1.83223323E+01    2.83043128E+02
   2.74516471E-02   -1.81320508E+01    2.80705110E+02
   2.81437284E-02   -1.79386024E+01    2.78333205E+02
   2.88532577E-02   -1.77419722E+01    2.75927121E+02
   2.95806749E-02   -1.75421473E+01    2.73486569E+02
   3.03264310E-02   -1.73391177E+01    2.71011353E+02
   3.10909883E-02   -1.71328752E+01    2.68501290E+02
   3.18748208E-02   -1.69234144E+01    2.65956206E+02
   3.26784144E-02   -1.67107324E+01    2.63375997E+02
   3.35022673E-02   -1.64948288E+01    2.60760556E+02
   3.43468904E-02   -1.62757060E+01    2.58109797E+02
   3.52128071E-02   -1.60533697E+01    2.55423704E+02
   3.61005545E-02   -1.58278283E+01    2.52702276E+02
   3.70106827E-02   -1.55990938E+01    2.49945561E+02
   3.79437561E-02   -1.53671815E+01    2.47153640E+02
   3.89003532E-02   -1.51321100E+01    2.44326627E+02
   3.98810670E-02   -1.48939019E+01    2.41464698E+02
   4.08865054E-02   -1.46525833E+01    2.38568045E+02
   4.19172919E-02   -1.44081846E+01    2.35636931E+02
   4.29740655E-02   -1.41607400E+01    2.32671643E+02
   4.40574813E-02   -1.39102883E+01    2.29672531E+02
   4.51682110E-02   -1.36568722E+01    2.26639984E+02
   4.63069432E-02   -1.34005395E+01    2.23574445E+02
   4.74743840E-02   -1.31413423E+01    2.20476405E+02
   4.86712569E-02   -1.28793378E+01    2.17346412E+02
   4.98983042E-02   -1.26145880E+01    2.14185068E+02
   5.11562864E-02   -1.23471598E+01    2.10993018E+02
   5.24459836E-02   -1.20771259E+01    2.07770976E+02
   5.37681951E-02   -1.18045639E+01    2.04519705E+02
   5.51237409E-02   -1.15295570E+01    2.01240031E+02
   5.65134612E-02   -1.12521941E+01    1.97932831E+02
   5.79382177E-02   -1.09725697E+01    1.94599048E+02
   5.93988935E-02   -1.06907842E+01    1.91239681E+02
   6.08963944E-02   -1.04069437E+01    1.87855789E+02
   6.24316486E-02   -1.01211609E+01    1.84448496E+02
   6.40056080E-02   -9.83355368E+00    1.81018980E+02
   6.56192484E-02   -9.54424689E+00    1.77568488E+02
   6.72735702E-02   -9.25337123E+00    1.74098325E+02
   6.89695989E-02   -8.96106357E+00    1.70609854E+02
   7.07083860E-02   -8.66746687E+00    1.67104498E+02
   7.24910096E-02   -8.37273135E+00    1.63583758E+02
   7.43185748E-02   -8.07701296E+00    1.60049184E+02
   7.61922146E-02   -7.78047316E+00    1.56502372E+02
   7.81130905E-02   -7.48328056E+00    1.52944996E+02
   8.00823935E-02   -7.18561036E+00    1.49378790E+02
   8.21013445E-02   -6.88764307E+00    1.45805536E+02
   8.41711951E-02   -6.58956533E+00    1.42227070E+02
   8.62932285E-02   -6.29157032E+00    1.38645294E+02
   8.84687603E-02   -5.99385696E+00    1.35062161E+02
   9.06991393E-02   -5.69662920E+00    1.31479667E+02
   9.29857482E-02   -5.40009684E+00    1.27899862E+02
   9.53300046E-02   -5.10447569E+00    1.24324852E+02
   9.77333619E-02   -4.80998587E+00    1.20756782E+02
   1.00197310E-01   -4.51685215E+00    1.17197833E+02
   1.02723377E-01   -4.22530465E+00    1.13650238E+02
   1.05313128E-01   -3.93557699E+00    1.10116259E+02
   1.07968169E-01   -3.64790731E+00    1.06598198E+02
   1.10690146E-01   -3.36253687E+00    1.03098382E+02
   1.13480746E-01   -3.07970995E+00    9.96191644E+01
   1.16341700E-01   -2.79967441E+00    9.61629321E+01
   1.19274782E-01   -2.52267972E+00    9.27320821E+01
   1.22281809E-01   -2.24897675E+00    8.93290200E+01
   1.25364646E-01   -1.97881864E+00    8.59561749E+01
   1.28525205E-01   -1.71245840E+00    8.26159686E+01
   1.31765443E-01   -1.45014945E+00    7.93108260E+01
   1.35087372E-01   -1.19214526E+00    7.60431718E+01
   1.38493049E-01   -9.38697631E-01    7.28154113E+01
   1.41984586E-01   -6.90056694E-01    6.96299321E+01
   1.45564149E-01   -4.46470126E-01    6.64890976E+01
   1.49233955E-01   -2.08182232E-01    6.33952361E+01
   1.52996281E-01    2.45628625E-02    6.03506838E+01
   1.56853458E-01    2.51534624E-01    5.73576220E+01
   1.60807878E-01    4.72495718E-01    5.44183271E+01
   1.64861993E-01    6.87225820E-01    5.15348868E+01
   1.69018316E-01    8.95504373E-01    4.87094066E+01
   1.73279423E-01    1.09712219E+00    4.59438767E+01
   1.77647957E-01    1.29187672E+00    4.32402282E+01
   1.82126626E-01    1.47957491E+00    4.06003035E+01
   1.86718206E-01    1.66003422E+00    3.80258457E+01
   1.91425544E-01    1.83308224E+00    3.55185072E+01
   1.96251559E-01    1.99855818E+00    3.30798344E+01
   2.01199241E-01    2.15631365E+00    3.07112619E+01
   2.06271660E-01    2.30621331E+00    2.84141090E+01
   2.11471958E-01    2.44813536E+00    2.61895761E+01
   2.16803361E-01    2.58197247E+00    2.40387387E+01
   2.22269174E-01    2.70763184E+00    2.19625490E+01
   2.27872785E-01    2.82503704E+00    1.99618185E+01
   2.33617667E-01    2.93412754E+00    1.80372269E+01
   2.39507384E-01    3.03485951E+00    1.61893155E+01
   2.45545586E-01    3.12720647E+00    1.44184823E+01
   2.51736017E-01    3.21115965E+00    1.27249810E+01
   2.58082514E-01    3.28672834E+00    1.11089184E+01
   2.64589012E-01    3.35394014E+00    9.57025378E+00
   2.71259545E-01    3.41284145E+00    8.10879400E+00
   2.78098248E-01    3.46349777E+00    6.72419187E+00
   2.85109361E-01    3.50599196E+00    5.41596418E+00
   2.92297231E-01    3.54042802E+00    4.18345263E+00
   2.99666313E-01    3.56692758E+00    3.02585988E+00
   3.07221177E-01    3.58563099E+00    1.94223782E+00
   3.14966506E-01    3.59669707E+00    9.31489161E-01
   3.22907102E-01    3.60030266E+00   -7.62880965E-03
   3.31047888E-01    3.59664209E+00   -8.76500153E-01
   3.39393910E-01    3.58592667E+00   -1.67664652E+00
   3.47950344E-01    3.56838408E+00   -2.40972228E+00
   3.56722493E-01    3.54425747E+00   -3.07750747E+00
   3.65715795E-01    3.51380474E+00   -3.68190183E+00
   3.74935828E-01    3.47729741E+00   -4.22491590E+00
   3.84388306E-01    3.43501987E+00   -4.70866445E+00
   3.94079089E-01    3.38726799E+00   -5.13535576E+00
   4.04014186E-01    3.33434814E+00   -5.50728268E+00
   4.14199756E-01    3.27657584E+00   -5.82681226E+00
   4.24642114E-01    3.21427450E+00   -6.09637484E+00
   4.35347733E-01    3.14777410E+00   -6.31845324E+00
   4.46323251E-01    3.07740985E+00   -6.49557215E+00
   4.57575471E-01    3.00352062E+00   -6.63028440E+00
   4.69111370E-01    2.92644778E+00   -6.72516249E+00
   4.80938100E-01    2.84653352E+00   -6.78278447E+00
   4.93062993E-01    2.76411955E+00   -6.80572361E+00
   5.05493566E-01    2.67954587E+00   -6.79653940E+00
   5.18237525E-01    2.59314911E+00   -6.75776386E+00
   5.31302770E-01    2.50526120E+00   -6.69189165E+00
   5.44697403E-01    2.41620834E+00   -6.60137289E+00
   5.58429726E-01    2.32630961E+00   -6.48860303E+00
   5.72508255E-01    2.23587548E+00   -6.35591131E+00
   5.86941715E-01    2.14520731E+00   -6.20555928E+00
   6.01739057E-01    2.05459578E+00   -6.03972891E+00
   6.16909453E-01    1.96432008E+00   -5.86051820E+00
   6.32462309E-01    1.87464700E+00   -5.66993542E+00
   6.48407267E-01    1.78583020E+00   -5.46989576E+00
   6.64754212E-01    1.69810968E+00   -5.26221988E+00
   6.81513278E-01    1.61170978E+00   -5.04861479E+00
   6.98694856E-01    1.52684138E+00   -4.83070459E+00
   7.16309598E-01    1.44369863E+00   -4.60999468E+00
   7.34368423E-01    1.36246024E+00   -4.38789177E+00
   7.52882528E-01    1.28328859E+00   -4.16569540E+00
   7.71863390E-01    1.20632972E+00   -3.94460088E+00
   7.91322778E-01    1.13171326E+00   -3.72570043E+00
   8.11272754E-01    1.05955238E+00   -3.50998438E+00
   8.31725688E-01    9.89943885E-01   -3.29834271E+00
   8.52694259E-01    9.22968377E-01   -3.09156799E+00
   8.74191468E-01    8.58690540E-01   -2.89035772E+00
   8.96230640E-01    7.97159467E-01   -2.69531775E+00
   9.18825441E-01    7.38409041E-01   -2.50696564E+00
   9.41989877E-01    6.82458490E-01   -2.32573360E+00
   9.65738310E-01    6.29312881E-01   -2.15197302E+00
   9.90085463E-01    5.78963794E-01   -1.98595796E+00
   1.01504643E+00    5.31390014E-01   -1.82788932E+00
   1.04063669E+00    4.86558290E-01   -1.67789908E+00
   1.06687210E+00    4.44424154E-01   -1.53605461E+00
   1.09376893E+00    4.04932797E-01   -1.40236313E+00
   1.12134385E+00    3.68019980E-01   -1.27677629E+00
   1.14961396E+00    3.33612995E-01   -1.15919483E+00
   1.17859679E+00    3.01631644E-01   -1.04947337E+00
   1.20831030E+00    2.71989238E-01   -9.47425362E-01
   1.23877292E+00    2.44593611E-01   -8.52828031E-01
   1.27000352E+00    2.19348097E-01   -7.65427389E-01
   1.30202148E+00    1.96152543E-01   -6.84943300E-01
   1.33484664E+00    1.74904251E-01   -6.11074399E-01
   1.36849936E+00    1.55498846E-01   -5.43502728E-01
   1.40300049E+00    1.37831169E-01   -4.81898339E-01
   1.43837142E+00    1.21796123E-01   -4.25923678E-01
   1.47463409E+00    1.07289280E-01   -3.75237051E-01
   1.51181098E+00    9.42077070E-02   -3.29496602E-01
   1.54992513E+00    8.24504599E-02   -2.88363088E-01
   1.58900017E+00    7.19191856E-02   -2.51502821E-01
   1.62906033E+00    6.25185685E-02   -2.18589956E-01
   1.67013044E+00    5.41567435E-02   -1.89308525E-01
   1.71223597E+00    4.67456414E-02   -1.63354136E-01
   1.75540301E+00    4.02012537E-02   -1.40435291E-01
   1.79965834E+00    3.44438894E-02   -1.20274602E-01
   1.84502939E+00    2.93982657E-02   -1.02609364E-01
   1.89154428E+00    2.49937041E-02   -8.71924418E-02
   1.93923185E+00    2.11641167E-02   -7.37923846E-02
   1.98812168E+00    1.78480407E-02   -6.21936693E-02
   2.03824406E+00    1.49886123E-02   -5.21967097E-02
   2.08963007E+00    1.25334738E-02   -4.36176065E-02
   2.14231157E+00    1.04346390E-02   -3.62877327E-02
   2.19632122E+00    8.64841101E-03   -3.00534886E-02
   2.25169250E+00    7.13515256E-03   -2.47755282E-02
   2.30845974E+00    5.85912239E-03   -2.03282054E-02
   2.36665814E+00    4.78824963E-03   -1.65987965E-02
   2.42632377E+00    3.89393699E-03   -1.34868174E-02
   2.48749363E+00    3.15078470E-03   -1.09030565E-02
   2.55020564E+00    2.53639101E-03   -8.76887404E-03
   2.61449867E+00    2.03108819E-03   -7.01527157E-03
   2.68041260E+00    1.61772244E-03   -5.58211384E-03
   2.74798827E+00    1.28140539E-03   -4.41724997E-03
   2.81726759E+00    1.00930201E-03   -3.47576171E-03
   2.88829350E+00    7.90404357E-04   -2.71916248E-03
   2.96111004E+00    6.15337029E-04   -2.11470748E-03
   3.03576235E+00    4.76157747E-04   -1.63468774E-03
   3.11229672E+00    3.66185212E-04   -1.25582054E-03
   3.19076059E+00    2.79832979E-04   -9.58661851E-04
   3.27120260E+00    2.12461106E-04   -7.27082142E-04
   3.35367264E+00    1.60241491E-04   -5.47791116E-04
   3.43822182E+00    1.20037339E-04   -4.09912845E-04
   3.52490256E+00    8.92960940E-05   -3.04608957E-04
   3.61376860E+00    6.59553927E-05   -2.24748125E-04
   3.70487504E+00    4.83609618E-05   -1.64618022E-04
   3.79827835E+00    3.51956541E-05   -1.19676768E-04
   3.89403645E+00    2.54187460E-05   -8.63406878E-05
   3.99220870E+00    1.82141406E-05   -6.18035350E-05
   4.09285596E+00    1.29470121E-05   -4.38854496E-05
   4.19604063E+00    9.12746627E-06   -3.09065908E-05
   4.30182668E+00    6.38066229E-06   -2.15834258E-05
   4.41027970E+00    4.42205020E-06   -1.49429455E-05
   4.52146691E+00    3.03760988E-06   -1.02543212E-05
   4.63545726E+00    2.06774165E-06   -6.97329878E-06
   4.75232141E+00    1.39450109E-06   -4.69821434E-06
   4.87213182E+00    9.31537443E-07   -3.13538826E-06
   4.99496275E+00    6.16223846E-07   -2.07210506E-06
   5.12089037E+00    4.03576760E-07   -1.35577299E-06
   5.24999273E+00    2.61613548E-07   -8.78039487E-07
   5.38234989E+00    1.67812883E-07   -5.62700815E-07
   5.51804389E+00    1.06490861E-07   -3.56753732E-07
   5.65715886E+00    6.68347215E-08   -2.23700920E-07
   5.79978105E+00    4.14739693E-08   -1.38693518E-07
   5.94599888E+00    2.54397769E-08   -8.49990934E-08
   6.09590299E+00    1.54201126E-08   -5.14771398E-08
   6.24958632E+00    9.23359312E-09   -3.07984501E-08
   6.40714416E+00    5.46050061E-09   -1.81981482E-08
   6.56867416E+00    3.18811438E-09   -1.06162342E-08
   6.73427650E+00    1.83714570E-09   -6.11261826E-09
   6.90405381E+00    1.04450887E-09   -3.47254574E-09
   7.07811137E+00    5.85736693E-10   -1.94578791E-09
   7.25655709E+00    3.23860144E-10   -1.07501055E-09
   7.43950158E+00    1.76493614E-10   -5.85397997E-10
   7.62705827E+00    9.47681396E-11   -3.14091656E-10
   7.81934344E+00    5.01173938E-11   -1.65981236E-10
   8.01647630E+00    2.60950503E-11   -8.63594342E-11
   8.21857905E+00    1.33716144E-11   -4.42202429E-11
   8.42577700E+00    6.74066334E-12   -2.22756311E-11
   8.63819861E+00    3.34144026E-12   -1.10345740E-11
   8.85597556E+00    1.62822818E-12   -5.37323768E-12
   9.07924287E+00    7.79522435E-13   -2.57070691E-12
   9.30813895E+00    3.66548784E-13   -1.20798973E-12
   9.54280571E+00    1.69175306E-13   -5.57160007E-13
   9.78338864E+00    7.66289366E-14   -2.52203890E-13
   1.00300369E+01    3.40162872E-14   -1.11883235E-13
   1.02829034E+01    1.48154378E-14   -4.86986880E-14
   1.05421448E+01    0.00000000E+00   -2.07402871E-14
   1.08079220E+01    0.00000000E+00    0.00000000E+00
   1.10803997E+01    0.00000000E+00    0.00000000E+00
   1.13597468E+01    0.00000000E+00    0.00000000E+00
   1.16461365E+01    0.00000000E+00    0.00000000E+00
   1.19397463E+01    0.00000000E+00    0.00000000E+00
   1.22407583E+01    0.00000000E+00    0.00000000E+00
   1.25493591E+01    0.00000000E+00    0.00000000E+00
   1.28657400E+01    0.00000000E+00    0.00000000E+00
   1.31900972E+01    0.00000000E+00    0.00000000E+00
   1.35226317E+01    0.00000000E+00    0.00000000E+00
   1.38635497E+01    0.00000000E+00    0.00000000E+00
   1.42130626E+01    0.00000000E+00    0.00000000E+00
   1.45713870E+01    0.00000000E+00    0.00000000E+00
   1.49387451E+01    0.00000000E+00    0.00000000E+00
   1.53153646E+01    0.00000000E+00    0.00000000E+00
   1.57014791E+01    0.00000000E+00    0.00000000E+00
   1.60973278E+01    0.00000000E+00    0.00000000E+00
   1.65031563E+01    0.00000000E+00    0.00000000E+00
   1.69192161E+01    0.00000000E+00    0.00000000E+00
   1.73457651E+01    0.00000000E+00    0.00000000E+00
   1.77830678E+01    0.00000000E+00    0.00000000E+00
   1.82313954E+01    0.00000000E+00    0.00000000E+00
   1.86910257E+01    0.00000000E+00    0.00000000E+00
   1.91622436E+01    0.00000000E+00    0.00000000E+00
   1.96453415E+01    0.00000000E+00    0.00000000E+00
   2.01406186E+01    0.00000000E+00    0.00000000E+00
   2.06483822E+01    0.00000000E+00    0.00000000E+00
   2.11689469E+01    0.00000000E+00    0.00000000E+00
   2.17026356E+01    0.00000000E+00    0.00000000E+00
   2.22497791E+01    0.00000000E+00    0.00000000E+00
   2.28107165E+01    0.00000000E+00    0.00000000E+00
   2.33857957E+01    0.00000000E+00    0.00000000E+00
   2.39753732E+01    0.00000000E+00    0.00000000E+00
   2.45798144E+01    0.00000000E+00    0.00000000E+00
   2.51994942E+01    0.00000000E+00    0.00000000E+00
   2.58347967E+01    0.00000000E+00    0.00000000E+00
   2.64861157E+01    0.00000000E+00    0.00000000E+00
   2.71538551E+01    0.00000000E+00    0.00000000E+00
   2.78384288E+01    0.00000000E+00    0.00000000E+00
   2.85402613E+01    0.00000000E+00    0.00000000E+00
   2.92597876E+01    0.00000000E+00    0.00000000E+00
   2.99974538E+01    0.00000000E+00    0.00000000E+00
   3.07537172E+01    0.00000000E+00    0.00000000E+00
   3.15290468E+01    0.00000000E+00    0.00000000E+00
   3.23239231E+01    0.00000000E+00    0.00000000E+00
   3.31388390E+01    0.00000000E+00    0.00000000E+00
   3.39742997E+01    0.00000000E+00    0.00000000E+00
   3.48308231E+01    0.00000000E+00    0.00000000E+00
   3.57089403E+01    0.00000000E+00    0.00000000E+00
   3.66091956E+01    0.00000000E+00    0.00000000E+00
   3.75321471E+01    0.00000000E+00    0.00000000E+00
   3.84783671E+01    0.00000000E+00    0.00000000E+00
   3.94484422E+01    0.00000000E+00    0.00000000E+00
   4.04429738E+01    0.00000000E+00    0.00000000E+00
   4.14625785E+01    0.00000000E+00    0.00000000E+00
   4.25078883E+01    0.00000000E+00    0.00000000E+00
   4.35795513E+01    0.00000000E+00    0.00000000E+00
   4.46782320E+01    0.00000000E+00    0.00000000E+00
   4.58046114E+01    0.00000000E+00    0.00000000E+00
   4.69593879E+01    0.00000000E+00    0.00000000E+00
   4.81432773E+01    0.00000000E+00    0.00000000E+00
   4.93570137E+01    0.00000000E+00    0.00000000E+00
   5.06013496E+01    0.00000000E+00    0.00000000E+00
   5.18770562E+01    0.00000000E+00    0.00000000E+00
   5.31849246E+01    0.00000000E+00    0.00000000E+00
   5.45257656E+01    0.00000000E+00    0.00000000E+00
   5.59004104E+01    0.00000000E+00    0.00000000E+00
   5.73097113E+01    0.00000000E+00    0.00000000E+00
   5.87545419E+01    0.00000000E+00    0.00000000E+00
   6.02357981E+01    0.00000000E+00    0.00000000E+00
   6.17543981E+01    0.00000000E+00    0.00000000E+00
   6.33112834E+01    0.00000000E+00    0.00000000E+00
   6.49074192E+01    0.00000000E+00    0.00000000E+00
   6.65437950E+01    0.00000000E+00    0.00000000E+00
   6.82214255E+01    0.00000000E+00    0.00000000E+00
   6.99413505E+01    0.00000000E+00    0.00000000E+00
   7.17046364E+01    0.00000000E+00    0.00000000E+00
   7.35123764E+01    0.00000000E+00    0.00000000E+00
   7.53656911E+01    0.00000000E+00    0.00000000E+00
   7.72657297E+01    0.00000000E+00    0.00000000E+00
   7.92136699E+01    0.00000000E+00    0.00000000E+00
   8.12107196E+01    0.00000000E+00    0.00000000E+00
   8.32581167E+01    0.00000000E+00    0.00000000E+00
   8.53571305E+01    0.00000000E+00    0.00000000E+00
   8.75090625E+01    0.00000000E+00    0.00000000E+00
   8.97152466E+01    0.00000000E+00    0.00000000E+00
   9.19770507E+01    0.00000000E+00    0.00000000E+00
   9.42958769E+01    0.00000000E+00    0.00000000E+00
   9.66731629E+01    0.00000000E+00    0.00000000E+00
   9.91103824E+01    0.00000000E+00    0.00000000E+00
   1.01609046E+02    0.00000000E+00    0.00000000E+00
   1.04170704E+02    0.00000000E+00    0.00000000E+00
   1.06796944E+02    0.00000000E+00    0.00000000E+00
   1.09489393E+02    0.00000000E+00    0.00000000E+00
   1.12249722E+02    0.00000000E+00    0.00000000E+00
