# Radial wavefunctions and first derivative.
# Energy units: hartree
# Length units: bohr
#
# State: 4f
# Nodes: 
# Peaks:   109.489393  
   3.74165729E-05    0.00000000E+00    0.00000000E+00
   3.83598792E-05    0.00000000E+00    0.00000000E+00
   3.93269671E-05    0.00000000E+00    0.00000000E+00
   4.03184362E-05    0.00000000E+00    0.00000000E+00
   4.13349012E-05    0.00000000E+00    0.00000000E+00
   4.23769921E-05    0.00000000E+00    0.00000000E+00
   4.34453551E-05    0.00000000E+00    0.00000000E+00
   4.45406526E-05    0.00000000E+00    0.00000000E+00
   4.56635635E-05    0.00000000E+00    0.00000000E+00
   4.68147840E-05    0.00000000E+00    0.00000000E+00
   4.79950279E-05    0.00000000E+00    0.00000000E+00
   4.92050268E-05    0.00000000E+00    0.00000000E+00
   5.04455309E-05    0.00000000E+00    0.00000000E+00
   5.17173092E-05    0.00000000E+00    0.00000000E+00
   5.30211502E-05    0.00000000E+00    0.00000000E+00
   5.43578623E-05    0.00000000E+00    0.00000000E+00
   5.57282741E-05    0.00000000E+00    0.00000000E+00
   5.71332353E-05    0.00000000E+00    0.00000000E+00
   5.85736168E-05    0.00000000E+00    0.00000000E+00
   6.00503117E-05    0.00000000E+00    0.00000000E+00
   6.15642354E-05    0.00000000E+00    0.00000000E+00
   6.31163265E-05    0.00000000E+00    0.00000000E+00
   6.47075473E-05    0.00000000E+00    0.00000000E+00
   6.63388842E-05    0.00000000E+00    0.00000000E+00
   6.80113486E-05    0.00000000E+00    0.00000000E+00
   6.97259774E-05    0.00000000E+00    0.00000000E+00
   7.14838335E-05    0.00000000E+00    0.00000000E+00
   7.32860069E-05    0.00000000E+00    0.00000000E+00
   7.51336146E-05    0.00000000E+00    0.00000000E+00
   7.70278023E-05    0.00000000E+00    0.00000000E+00
   7.89697442E-05    0.00000000E+00    0.00000000E+00
   8.09606443E-05    0.00000000E+00    0.00000000E+00
   8.30017367E-05    0.00000000E+00    0.00000000E+00
   8.50942870E-05    0.00000000E+00    0.00000000E+00
   8.72395924E-05    0.00000000E+00    0.00000000E+00
   8.94389830E-05    0.00000000E+00    0.00000000E+00
   9.16938222E-05    0.00000000E+00    0.00000000E+00
   9.40055079E-05    0.00000000E+00    0.00000000E+00
   9.63754734E-05    0.00000000E+00    0.00000000E+00
   9.88051880E-05    0.00000000E+00    0.00000000E+00
   1.01296158E-04    0.00000000E+00    0.00000000E+00
   1.03849927E-04    0.00000000E+00    0.00000000E+00
   1.06468080E-04    0.00000000E+00    0.00000000E+00
   1.09152238E-04    0.00000000E+00    0.00000000E+00
   1.11904067E-04    0.00000000E+00    0.00000000E+00
   1.14725271E-04    0.00000000E+00    0.00000000E+00
   1.17617601E-04    0.00000000E+00    0.00000000E+00
   1.20582849E-04    0.00000000E+00    0.00000000E+00
   1.23622854E-04    0.00000000E+00    0.00000000E+00
   1.26739500E-04    0.00000000E+00    0.00000000E+00
   1.29934720E-04    0.00000000E+00    0.00000000E+00
   1.33210494E-04    0.00000000E+00    0.00000000E+00
   1.36568853E-04    0.00000000E+00    0.00000000E+00
   1.40011880E-04    0.00000000E+00    0.00000000E+00
   1.43541708E-04    0.00000000E+00    0.00000000E+00
   1.47160527E-04    0.00000000E+00    0.00000000E+00
   1.50870580E-04    0.00000000E+00    1.03538392E-14
   1.54674166E-04    0.00000000E+00    1.08089910E-14
   1.58573644E-04    0.00000000E+00    1.12847504E-14
   1.62571432E-04    0.00000000E+00    1.17820818E-14
   1.66670008E-04    0.00000000E+00    1.23019961E-14
   1.70871912E-04    0.00000000E+00    1.28455532E-14
   1.75179751E-04    0.00000000E+00    1.34138642E-14
   1.79596194E-04    0.00000000E+00    1.40080943E-14
   1.84123979E-04    0.00000000E+00    1.46294653E-14
   1.88765915E-04    0.00000000E+00    1.52792579E-14
   1.93524877E-04    0.00000000E+00    1.59588158E-14
   1.98403818E-04    0.00000000E+00    1.66695476E-14
   2.03405761E-04    0.00000000E+00    1.74129311E-14
   2.08533808E-04    0.00000000E+00    1.81905156E-14
   2.13791137E-04    0.00000000E+00    1.90039269E-14
   2.19181009E-04    0.00000000E+00    1.98548695E-14
   2.24706764E-04    0.00000000E+00    2.07451322E-14
   2.30371829E-04    0.00000000E+00    2.16765907E-14
   2.36179715E-04    0.00000000E+00    2.26512132E-14
   2.42134023E-04    0.00000000E+00    2.36710644E-14
   2.48238445E-04    0.00000000E+00    2.47383105E-14
   2.54496765E-04    0.00000000E+00    2.58552242E-14
   2.60912863E-04    0.00000000E+00    2.70241901E-14
   2.67490717E-04    0.00000000E+00    2.82477104E-14
   2.74234404E-04    0.00000000E+00    2.95284104E-14
   2.81148107E-04    0.00000000E+00    3.08690454E-14
   2.88236109E-04    0.00000000E+00    3.22725063E-14
   2.95502807E-04    0.00000000E+00    3.37418273E-14
   3.02952706E-04    0.00000000E+00    3.52801924E-14
   3.10590423E-04    0.00000000E+00    3.68909432E-14
   3.18420693E-04    0.00000000E+00    3.85775869E-14
   3.26448373E-04    0.00000000E+00    4.03438046E-14
   3.34678437E-04    0.00000000E+00    4.21934595E-14
   3.43115989E-04    0.00000000E+00    4.41306073E-14
   3.51766259E-04    0.00000000E+00    4.61595041E-14
   3.60634611E-04    0.00000000E+00    4.82846184E-14
   3.69726542E-04    0.00000000E+00    5.05106400E-14
   3.79047689E-04    0.00000000E+00    5.28424926E-14
   3.88603830E-04    0.00000000E+00    5.52853444E-14
   3.98400891E-04    0.00000000E+00    5.78446214E-14
   4.08444945E-04    0.00000000E+00    6.05260192E-14
   4.18742218E-04    0.00000000E+00    6.33355180E-14
   4.29299096E-04    0.00000000E+00    6.62793955E-14
   4.40122121E-04    0.00000000E+00    6.93642432E-14
   4.51218006E-04    0.00000000E+00    7.25969807E-14
   4.62593628E-04    0.00000000E+00    7.59848738E-14
   4.74256039E-04    0.00000000E+00    7.95355504E-14
   4.86212471E-04    0.00000000E+00    8.32570202E-14
   4.98470336E-04    0.00000000E+00    8.71576926E-14
   5.11037233E-04    0.00000000E+00    9.12463978E-14
   5.23920952E-04    0.00000000E+00    9.55324073E-14
   5.37129482E-04    0.00000000E+00    1.00025457E-13
   5.50671012E-04    0.00000000E+00    1.04735768E-13
   5.64553935E-04    0.00000000E+00    1.09674077E-13
   5.78786861E-04    0.00000000E+00    1.14851653E-13
   5.93378611E-04    0.00000000E+00    1.20280334E-13
   6.08338233E-04    0.00000000E+00    1.25972548E-13
   6.23675000E-04    0.00000000E+00    1.31941348E-13
   6.39398422E-04    0.00000000E+00    1.38200438E-13
   6.55518245E-04    0.00000000E+00    1.44764212E-13
   6.72044464E-04    0.00000000E+00    1.51647785E-13
   6.88987325E-04    0.00000000E+00    1.58867027E-13
   7.06357330E-04    0.00000000E+00    1.66438609E-13
   7.24165250E-04    0.00000000E+00    1.74380033E-13
   7.42422123E-04    0.00000000E+00    1.82709683E-13
   7.61139269E-04    0.00000000E+00    1.91446863E-13
   7.80328292E-04    0.00000000E+00    2.00611846E-13
   8.00001087E-04    0.00000000E+00    2.10225924E-13
   8.20169852E-04    0.00000000E+00    2.20311456E-13
   8.40847090E-04    0.00000000E+00    2.30891923E-13
   8.62045620E-04    0.00000000E+00    2.41991986E-13
   8.83778585E-04    0.00000000E+00    2.53637543E-13
   9.06059458E-04    0.00000000E+00    2.65855794E-13
   9.28902052E-04    0.00000000E+00    2.78675301E-13
   9.52320529E-04    0.00000000E+00    2.92126064E-13
   9.76329407E-04    0.00000000E+00    3.06239588E-13
   1.00094357E-03    0.00000000E+00    3.21048957E-13
   1.02617828E-03    0.00000000E+00    3.36588921E-13
   1.05204918E-03    0.00000000E+00    3.52895971E-13
   1.07857231E-03    0.00000000E+00    3.70008433E-13
   1.10576411E-03    0.00000000E+00    3.87966555E-13
   1.13364145E-03    0.00000000E+00    4.06812606E-13
   1.16222159E-03    0.00000000E+00    4.26590979E-13
   1.19152227E-03    0.00000000E+00    4.47348294E-13
   1.22156164E-03    0.00000000E+00    4.69133511E-13
   1.25235834E-03    0.00000000E+00    4.91998049E-13
   1.28393145E-03    0.00000000E+00    5.15995905E-13
   1.31630054E-03    0.00000000E+00    5.41183791E-13
   1.34948569E-03    0.00000000E+00    5.67621258E-13
   1.38350747E-03    0.00000000E+00    5.95370852E-13
   1.41838697E-03    0.00000000E+00    6.24498250E-13
   1.45414581E-03    0.00000000E+00    6.55072429E-13
   1.49080617E-03    0.00000000E+00    6.87165822E-13
   1.52839077E-03    0.00000000E+00    7.20854496E-13
   1.56692291E-03    0.00000000E+00    7.56218332E-13
   1.60642648E-03    0.00000000E+00    7.93341213E-13
   1.64692597E-03    0.00000000E+00    8.32311229E-13
   1.68844649E-03    0.00000000E+00    8.73220882E-13
   1.73101378E-03    0.00000000E+00    9.16167309E-13
   1.77465424E-03    0.00000000E+00    9.61252514E-13
   1.81939491E-03    0.00000000E+00    1.00858360E-12
   1.86526353E-03    0.00000000E+00    1.05827305E-12
   1.91228854E-03    0.00000000E+00    1.11043897E-12
   1.96049910E-03    0.00000000E+00    1.16520535E-12
   2.00992509E-03    0.00000000E+00    1.22270242E-12
   2.06059715E-03    0.00000000E+00    1.28306690E-12
   2.11254670E-03    0.00000000E+00    1.34644235E-12
   2.16580595E-03    0.00000000E+00    1.41297952E-12
   2.22040792E-03    0.00000000E+00    1.48283666E-12
   2.27638645E-03    0.00000000E+00    1.55617995E-12
   2.33377625E-03    0.00000000E+00    1.63318385E-12
   2.39261290E-03    0.00000000E+00    1.71403154E-12
   2.45293288E-03    0.00000000E+00    1.79891533E-12
   2.51477357E-03    0.00000000E+00    1.88803713E-12
   2.57817333E-03    0.00000000E+00    1.98160889E-12
   2.64317146E-03    0.00000000E+00    2.07985314E-12
   2.70980825E-03    0.00000000E+00    2.18300350E-12
   2.77812501E-03    0.00000000E+00    2.29130520E-12
   2.84816411E-03    0.00000000E+00    2.40501568E-12
   2.91996895E-03    0.00000000E+00    2.52440519E-12
   2.99358406E-03    0.00000000E+00    2.64975740E-12
   3.06905507E-03    0.00000000E+00    2.78137008E-12
   3.14642878E-03    0.00000000E+00    2.91955579E-12
   3.22575315E-03    0.00000000E+00    3.06464259E-12
   3.30707736E-03    0.00000000E+00    3.21697482E-12
   3.39045183E-03    0.00000000E+00    3.37691388E-12
   3.47592824E-03    0.00000000E+00    3.54483908E-12
   3.56355960E-03    0.00000000E+00    3.72114851E-12
   3.65340022E-03    0.00000000E+00    3.90625994E-12
   3.74550581E-03    0.00000000E+00    4.10061183E-12
   3.83993346E-03    0.00000000E+00    4.30466426E-12
   3.93674172E-03    0.00000000E+00    4.51890005E-12
   4.03599061E-03    0.00000000E+00    4.74382584E-12
   4.13774165E-03    0.00000000E+00    4.97997325E-12
   4.24205793E-03    0.00000000E+00    5.22790007E-12
   4.34900412E-03    0.00000000E+00    5.48819156E-12
   4.45864653E-03    0.00000000E+00    5.76146178E-12
   4.57105312E-03    0.00000000E+00    6.04835492E-12
   4.68629358E-03    1.00997333E-14    6.34954685E-12
   4.80443936E-03    1.08685104E-14    6.66574657E-12
   4.92556370E-03    1.16959189E-14    6.99769781E-12
   5.04974170E-03    1.25864305E-14    7.34618077E-12
   5.17705035E-03    1.35448578E-14    7.71201375E-12
   5.30756856E-03    1.45763794E-14    8.09605509E-12
   5.44137725E-03    1.56865681E-14    8.49920501E-12
   5.57855939E-03    1.68814208E-14    8.92240763E-12
   5.71920001E-03    1.81673902E-14    9.36665306E-12
   5.86338632E-03    1.95514201E-14    9.83297962E-12
   6.01120769E-03    2.10409814E-14    1.03224761E-11
   6.16275578E-03    2.26441134E-14    1.08362840E-11
   6.31812453E-03    2.43694653E-14    1.13756004E-11
   6.47741028E-03    2.62263439E-14    1.19416803E-11
   6.64071176E-03    2.82247613E-14    1.25358392E-11
   6.80813022E-03    3.03754907E-14    1.31594564E-11
   6.97976946E-03    3.26901208E-14    1.38139777E-11
   7.15573588E-03    3.51811204E-14    1.45009183E-11
   7.33613858E-03    3.78619018E-14    1.52218667E-11
   7.52108940E-03    4.07468948E-14    1.59784873E-11
   7.71070299E-03    4.38516202E-14    1.67725247E-11
   7.90509692E-03    4.71927749E-14    1.76058067E-11
   8.10439170E-03    5.07883177E-14    1.84802488E-11
   8.30871089E-03    5.46575661E-14    1.93978578E-11
   8.51818115E-03    5.88212971E-14    2.03607361E-11
   8.73293235E-03    6.33018567E-14    2.13710863E-11
   8.95309762E-03    6.81232791E-14    2.24312155E-11
   9.17881346E-03    7.33114098E-14    2.35435401E-11
   9.41021981E-03    7.88940464E-14    2.47105911E-11
   9.64746013E-03    8.49010773E-14    2.59350188E-11
   9.89068149E-03    9.13646475E-14    2.72195986E-11
   1.01400347E-02    9.83193153E-14    2.85672364E-11
   1.03956743E-02    1.05802246E-13    2.99809745E-11
   1.06577588E-02    1.13853391E-13    3.14639980E-11
   1.09264508E-02    1.22515711E-13    3.30196406E-11
   1.12019167E-02    1.31835385E-13    3.46513916E-11
   1.14843273E-02    1.41862064E-13    3.63629028E-11
   1.17738578E-02    1.52649113E-13    3.81579956E-11
   1.20706876E-02    1.64253903E-13    4.00406681E-11
   1.23750007E-02    1.76738094E-13    4.20151035E-11
   1.26869859E-02    1.90167960E-13    4.40856776E-11
   1.30068365E-02    2.04614729E-13    4.62569676E-11
   1.33347509E-02    2.20154947E-13    4.85337602E-11
   1.36709322E-02    2.36870874E-13    5.09210612E-11
   1.40155890E-02    2.54850896E-13    5.34241047E-11
   1.43689349E-02    2.74189995E-13    5.60483624E-11
   1.47311890E-02    2.94990203E-13    5.87995545E-11
   1.51025759E-02    3.17361162E-13    6.16836593E-11
   1.54833258E-02    3.41420627E-13    6.47069246E-11
   1.58736747E-02    3.67295127E-13    6.78758786E-11
   1.62738646E-02    3.95120531E-13    7.11973419E-11
   1.66841438E-02    4.25042811E-13    7.46784388E-11
   1.71047664E-02    4.57218694E-13    7.83266110E-11
   1.75359933E-02    4.91816532E-13    8.21496290E-11
   1.79780919E-02    5.29017058E-13    8.61556067E-11
   1.84313362E-02    5.69014376E-13    9.03530143E-11
   1.88960071E-02    6.12016843E-13    9.47506932E-11
   1.93723929E-02    6.58248171E-13    9.93578700E-11
   1.98607888E-02    7.07948491E-13    1.04184172E-10
   2.03614976E-02    7.61375554E-13    1.09239644E-10
   2.08748297E-02    8.18806013E-13    1.14534761E-10
   2.14011034E-02    8.80536734E-13    1.20080450E-10
   2.19406449E-02    9.46886331E-13    1.25888101E-10
   2.24937888E-02    1.01819660E-12    1.31969590E-10
   2.30608780E-02    1.09483433E-12    1.38337295E-10
   2.36422640E-02    1.17719290E-12    1.45004114E-10
   2.42383072E-02    1.26569442E-12    1.51983482E-10
   2.48493773E-02    1.36079143E-12    1.59289399E-10
   2.54758530E-02    1.46296949E-12    1.66936438E-10
   2.61181227E-02    1.57274901E-12    1.74939778E-10
   2.67765847E-02    1.69068826E-12    1.83315213E-10
   2.74516471E-02    1.81738550E-12    1.92079185E-10
   2.81437284E-02    1.95348227E-12    2.01248796E-10
   2.88532577E-02    2.09966599E-12    2.10841841E-10
   2.95806749E-02    2.25667359E-12    2.20876818E-10
   3.03264310E-02    2.42529456E-12    2.31372966E-10
   3.10909883E-02    2.60637495E-12    2.42350276E-10
   3.18748208E-02    2.80082107E-12    2.53829525E-10
   3.26784144E-02    3.00960373E-12    2.65832294E-10
   3.35022673E-02    3.23376281E-12    2.78380995E-10
   3.43468904E-02    3.47441170E-12    2.91498902E-10
   3.52128071E-02    3.73274288E-12    3.05210165E-10
   3.61005545E-02    4.01003258E-12    3.19539848E-10
   3.70106827E-02    4.30764749E-12    3.34513946E-10
   3.79437561E-02    4.62704966E-12    3.50159421E-10
   3.89003532E-02    4.96980451E-12    3.66504213E-10
   3.98810670E-02    5.33758601E-12    3.83577291E-10
   4.08865054E-02    5.73218609E-12    4.01408650E-10
   4.19172919E-02    6.15552018E-12    4.20029367E-10
   4.29740655E-02    6.60963816E-12    4.39471600E-10
   4.40574813E-02    7.09673045E-12    4.59768644E-10
   4.51682110E-02    7.61914035E-12    4.80954926E-10
   4.63069432E-02    8.17937115E-12    5.03066063E-10
   4.74743840E-02    8.78009970E-12    5.26138855E-10
   4.86712569E-02    9.42418494E-12    5.50211344E-10
   4.98983042E-02    1.01146825E-11    5.75322807E-10
   5.11562864E-02    1.08548552E-11    6.01513810E-10
   5.24459836E-02    1.16481886E-11    6.28826205E-10
   5.37681951E-02    1.24984036E-11    6.57303172E-10
   5.51237409E-02    1.34094728E-11    6.86989234E-10
   5.65134612E-02    1.43856367E-11    7.17930274E-10
   5.79382177E-02    1.54314196E-11    7.50173568E-10
   5.93988935E-02    1.65516498E-11    7.83767780E-10
   6.08963944E-02    1.77514758E-11    8.18763021E-10
   6.24316486E-02    1.90363909E-11    8.55210799E-10
   6.40056080E-02    2.04122489E-11    8.93164127E-10
   6.56192484E-02    2.18852941E-11    9.32677422E-10
   6.72735702E-02    2.34621770E-11    9.73806640E-10
   6.89695989E-02    2.51499888E-11    1.01660916E-09
   7.07083860E-02    2.69562788E-11    1.06114391E-09
   7.24910096E-02    2.88890916E-11    1.10747129E-09
   7.43185748E-02    3.09569917E-11    1.15565318E-09
   7.61922146E-02    3.31690935E-11    1.20575304E-09
   7.81130905E-02    3.55351029E-11    1.25783573E-09
   8.00823935E-02    3.80653428E-11    1.31196771E-09
   8.21013445E-02    4.07707972E-11    1.36821686E-09
   8.41711951E-02    4.36631466E-11    1.42665257E-09
   8.62932285E-02    4.67548083E-11    1.48734575E-09
   8.84687603E-02    5.00589874E-11    1.55036869E-09
   9.06991393E-02    5.35897079E-11    1.61579524E-09
   9.29857482E-02    5.73618793E-11    1.68370054E-09
   9.53300046E-02    6.13913308E-11    1.75416127E-09
   9.77333619E-02    6.56948715E-11    1.82725546E-09
   1.00197310E-01    7.02903480E-11    1.90306247E-09
   1.02723377E-01    7.51967017E-11    1.98166302E-09
   1.05313128E-01    8.04340249E-11    2.06313918E-09
   1.07968169E-01    8.60236353E-11    2.14757423E-09
   1.10690146E-01    9.19881333E-11    2.23505277E-09
   1.13480746E-01    9.83514853E-11    2.32566054E-09
   1.16341700E-01    1.05139087E-10    2.41948451E-09
   1.19274782E-01    1.12377847E-10    2.51661279E-09
   1.22281809E-01    1.20096271E-10    2.61713455E-09
   1.25364646E-01    1.28324547E-10    2.72114000E-09
   1.28525205E-01    1.37094626E-10    2.82872048E-09
   1.31765443E-01    1.46440335E-10    2.93996815E-09
   1.35087372E-01    1.56397467E-10    3.05497608E-09
   1.38493049E-01    1.67003860E-10    3.17383851E-09
   1.41984586E-01    1.78299568E-10    3.29664999E-09
   1.45564149E-01    1.90326895E-10    3.42350631E-09
   1.49233955E-01    2.03130585E-10    3.55450362E-09
   1.52996281E-01    2.16757900E-10    3.68973884E-09
   1.56853458E-01    2.31258755E-10    3.82930965E-09
   1.60807878E-01    2.46685884E-10    3.97331396E-09
   1.64861993E-01    2.63094950E-10    4.12185027E-09
   1.69018316E-01    2.80544696E-10    4.27501763E-09
   1.73279423E-01    2.99097113E-10    4.43291531E-09
   1.77647957E-01    3.18817593E-10    4.59564301E-09
   1.82126626E-01    3.39775097E-10    4.76330072E-09
   1.86718206E-01    3.62042333E-10    4.93598877E-09
   1.91425544E-01    3.85695930E-10    5.11380793E-09
   1.96251559E-01    4.10816655E-10    5.29685915E-09
   2.01199241E-01    4.37489580E-10    5.48524408E-09
   2.06271660E-01    4.65804323E-10    5.67906475E-09
   2.11471958E-01    4.95855248E-10    5.87842399E-09
   2.16803361E-01    5.27741710E-10    6.08342542E-09
   2.22269174E-01    5.61568275E-10    6.29417399E-09
   2.27872785E-01    5.97445010E-10    6.51077566E-09
   2.33617667E-01    6.35487729E-10    6.73333806E-09
   2.39507384E-01    6.75818258E-10    6.96197095E-09
   2.45545586E-01    7.18564781E-10    7.19678590E-09
   2.51736017E-01    7.63862092E-10    7.43789745E-09
   2.58082514E-01    8.11851981E-10    7.68542264E-09
   2.64589012E-01    8.62683543E-10    7.93948193E-09
   2.71259545E-01    9.16513552E-10    8.20019945E-09
   2.78098248E-01    9.73506861E-10    8.46770313E-09
   2.85109361E-01    1.03383680E-09    8.74212511E-09
   2.92297231E-01    1.09768560E-09    9.02360218E-09
   2.99666313E-01    1.16524485E-09    9.31227590E-09
   3.07221177E-01    1.23671598E-09    9.60829294E-09
   3.14966506E-01    1.31231076E-09    9.91180514E-09
   3.22907102E-01    1.39225182E-09    1.02229698E-08
   3.31047888E-01    1.47677323E-09    1.05419497E-08
   3.39393910E-01    1.56612105E-09    1.08689131E-08
   3.47950344E-01    1.66055397E-09    1.12040338E-08
   3.56722493E-01    1.76034394E-09    1.15474909E-08
   3.65715795E-01    1.86577686E-09    1.18994691E-08
   3.74935828E-01    1.97715326E-09    1.22601576E-08
   3.84388306E-01    2.09478907E-09    1.26297506E-08
   3.94079089E-01    2.21901636E-09    1.30084468E-08
   4.04014186E-01    2.35018417E-09    1.33964487E-08
   4.14199756E-01    2.48865933E-09    1.37939622E-08
   4.24642114E-01    2.63482733E-09    1.42011965E-08
   4.35347733E-01    2.78909326E-09    1.46183630E-08
   4.46323251E-01    2.95188270E-09    1.50456753E-08
   4.57575471E-01    3.12364275E-09    1.54833481E-08
   4.69111370E-01    3.30484303E-09    1.59315973E-08
   4.80938100E-01    3.49597674E-09    1.63906392E-08
   4.93062993E-01    3.69756173E-09    1.68606900E-08
   5.05493566E-01    3.91014170E-09    1.73419660E-08
   5.18237525E-01    4.13428735E-09    1.78346830E-08
   5.31302770E-01    4.37059761E-09    1.83390566E-08
   5.44697403E-01    4.61970097E-09    1.88553024E-08
   5.58429726E-01    4.88225681E-09    1.93836363E-08
   5.72508255E-01    5.15895681E-09    1.99242754E-08
   5.86941715E-01    5.45052646E-09    2.04774391E-08
   6.01739057E-01    5.75772662E-09    2.10433500E-08
   6.16909453E-01    6.08135522E-09    2.16222360E-08
   6.32462309E-01    6.42224896E-09    2.22143320E-08
   6.48407267E-01    6.78128528E-09    2.28198826E-08
   6.64754212E-01    7.15938430E-09    2.34391440E-08
   6.81513278E-01    7.55751105E-09    2.40723877E-08
   6.98694856E-01    7.97667776E-09    2.47199031E-08
   7.16309598E-01    8.41794635E-09    2.53820009E-08
   7.34368423E-01    8.88243118E-09    2.60590167E-08
   7.52882528E-01    9.37130190E-09    2.67513139E-08
   7.71863390E-01    9.88578663E-09    2.74592865E-08
   7.91322778E-01    1.04271753E-08    2.81833623E-08
   8.11272754E-01    1.09968233E-08    2.89240038E-08
   8.31725688E-01    1.15961554E-08    2.96817095E-08
   8.52694259E-01    1.22266694E-08    3.04570132E-08
   8.74191468E-01    1.28899412E-08    3.12504817E-08
   8.96230640E-01    1.35876285E-08    3.20627106E-08
   9.18825441E-01    1.43214759E-08    3.28943182E-08
   9.41989877E-01    1.50933196E-08    3.37459364E-08
   9.65738310E-01    1.59050916E-08    3.46181998E-08
   9.90085463E-01    1.67588251E-08    3.55117324E-08
   1.01504643E+00    1.76566582E-08    3.64271324E-08
   1.04063669E+00    1.86008389E-08    3.73649569E-08
   1.06687210E+00    1.95937284E-08    3.83257068E-08
   1.09376893E+00    2.06378052E-08    3.93098139E-08
   1.12134385E+00    2.17356683E-08    4.03176322E-08
   1.14961396E+00    2.28900407E-08    4.13494357E-08
   1.17859679E+00    2.41037719E-08    4.24054225E-08
   1.20831030E+00    2.53798420E-08    4.34857280E-08
   1.23877292E+00    2.67213651E-08    4.45904455E-08
   1.27000352E+00    2.81315940E-08    4.57196540E-08
   1.30202148E+00    2.96139260E-08    4.68734504E-08
   1.33484664E+00    3.11719097E-08    4.80519840E-08
   1.36849936E+00    3.28092536E-08    4.92554904E-08
   1.40300049E+00    3.45298363E-08    5.04843218E-08
   1.43837142E+00    3.63377182E-08    5.17389740E-08
   1.47463409E+00    3.82371553E-08    5.30201052E-08
   1.51181098E+00    4.02326144E-08    5.43285506E-08
   1.54992513E+00    4.23287899E-08    5.56653295E-08
   1.58900017E+00    4.45306218E-08    5.70316468E-08
   1.62906033E+00    4.68433159E-08    5.84288904E-08
   1.67013044E+00    4.92723644E-08    5.98586232E-08
   1.71223597E+00    5.18235682E-08    6.13225736E-08
   1.75540301E+00    5.45030599E-08    6.28226221E-08
   1.79965834E+00    5.73173284E-08    6.43607873E-08
   1.84502939E+00    6.02732442E-08    6.59392098E-08
   1.89154428E+00    6.33780852E-08    6.75601372E-08
   1.93923185E+00    6.66395644E-08    6.92259067E-08
   1.98812168E+00    7.00658577E-08    7.09389301E-08
   2.03824406E+00    7.36656326E-08    7.27016783E-08
   2.08963007E+00    7.74480788E-08    7.45166672E-08
   2.14231157E+00    8.14229382E-08    7.63864443E-08
   2.19632122E+00    8.56005371E-08    7.83135770E-08
   2.25169250E+00    8.99918193E-08    8.03006432E-08
   2.30845974E+00    9.46083795E-08    8.23502223E-08
   2.36665814E+00    9.94624991E-08    8.44648898E-08
   2.42632377E+00    1.04567182E-07    8.66472130E-08
   2.48749363E+00    1.09936195E-07    8.88997499E-08
   2.55020564E+00    1.15584105E-07    9.12250496E-08
   2.61449867E+00    1.21526321E-07    9.36256568E-08
   2.68041260E+00    1.27779142E-07    9.61041169E-08
   2.74798827E+00    1.34359800E-07    9.86629864E-08
   2.81726759E+00    1.41286511E-07    1.01304844E-07
   2.88829350E+00    1.48578527E-07    1.04032306E-07
   2.96111004E+00    1.56256198E-07    1.06848045E-07
   3.03576235E+00    1.64341025E-07    1.09754808E-07
   3.11229672E+00    1.72855734E-07    1.12755444E-07
   3.19076059E+00    1.81824344E-07    1.15852929E-07
   3.27120260E+00    1.91272245E-07    1.19050398E-07
   3.35367264E+00    2.01226285E-07    1.22351172E-07
   3.43822182E+00    2.11714865E-07    1.25758804E-07
   3.52490256E+00    2.22768034E-07    1.29277110E-07
   3.61376860E+00    2.34417613E-07    1.32910213E-07
   3.70487504E+00    2.46697308E-07    1.36662590E-07
   3.79827835E+00    2.59642852E-07    1.40539118E-07
   3.89403645E+00    2.73292154E-07    1.44545125E-07
   3.99220870E+00    2.87685467E-07    1.48686442E-07
   4.09285596E+00    3.02865565E-07    1.52969462E-07
   4.19604063E+00    3.18877950E-07    1.57401196E-07
   4.30182668E+00    3.35771074E-07    1.61989332E-07
   4.41027970E+00    3.53596582E-07    1.66742304E-07
   4.52146691E+00    3.72409585E-07    1.71669352E-07
   4.63545726E+00    3.92268959E-07    1.76780593E-07
   4.75232141E+00    4.13237670E-07    1.82087086E-07
   4.87213182E+00    4.35383141E-07    1.87600907E-07
   4.99496275E+00    4.58777645E-07    1.93335221E-07
   5.12089037E+00    4.83498743E-07    1.99304352E-07
   5.24999273E+00    5.09629768E-07    2.05523860E-07
   5.38234989E+00    5.37260341E-07    2.12010616E-07
   5.51804389E+00    5.66486958E-07    2.18782877E-07
   5.65715886E+00    5.97413608E-07    2.25860360E-07
   5.79978105E+00    6.30152470E-07    2.33264322E-07
   5.94599888E+00    6.64824658E-07    2.41017631E-07
   6.09590299E+00    7.01561039E-07    2.49144840E-07
   6.24958632E+00    7.40503128E-07    2.57672266E-07
   6.40714416E+00    7.81804050E-07    2.66628057E-07
   6.56867416E+00    8.25629595E-07    2.76042270E-07
   6.73427650E+00    8.72159361E-07    2.85946936E-07
   6.90405381E+00    9.21587988E-07    2.96376133E-07
   7.07811137E+00    9.74126497E-07    3.07366057E-07
   7.25655709E+00    1.03000374E-06    3.18955083E-07
   7.43950158E+00    1.08946798E-06    3.31183840E-07
   7.62705827E+00    1.15278854E-06    3.44095270E-07
   7.81934344E+00    1.22025769E-06    3.57734698E-07
   8.01647630E+00    1.29219256E-06    3.72149896E-07
   8.21857905E+00    1.36893727E-06    3.87391148E-07
   8.42577700E+00    1.45086524E-06    4.03511312E-07
   8.63819861E+00    1.53838161E-06    4.20565888E-07
   8.85597556E+00    1.63192589E-06    4.38613087E-07
   9.07924287E+00    1.73197481E-06    4.57713891E-07
   9.30813895E+00    1.83904532E-06    4.77932126E-07
   9.54280571E+00    1.95369791E-06    4.99334531E-07
   9.78338864E+00    2.07654009E-06    5.21990827E-07
   1.00300369E+01    2.20823013E-06    5.45973795E-07
   1.02829034E+01    2.34948111E-06    5.71359354E-07
   1.05421448E+01    2.50106528E-06    5.98226639E-07
   1.08079220E+01    2.66381858E-06    6.26658092E-07
   1.10803997E+01    2.83864573E-06    6.56739553E-07
   1.13597468E+01    3.02652542E-06    6.88560362E-07
   1.16461365E+01    3.22851609E-06    7.22213464E-07
   1.19397463E+01    3.44576196E-06    7.57795530E-07
   1.22407583E+01    3.67949957E-06    7.95407090E-07
   1.25493591E+01    3.93106478E-06    8.35152672E-07
   1.28657400E+01    4.20190025E-06    8.77140968E-07
   1.31900972E+01    4.49356347E-06    9.21485009E-07
   1.35226317E+01    4.80773532E-06    9.68302363E-07
   1.38635497E+01    5.14622935E-06    1.01771535E-06
   1.42130626E+01    5.51100165E-06    1.06985131E-06
   1.45713870E+01    5.90416148E-06    1.12484285E-06
   1.49387451E+01    6.32798267E-06    1.18282815E-06
   1.53153646E+01    6.78491590E-06    1.24395131E-06
   1.57014791E+01    7.27760188E-06    1.30836271E-06
   1.60973278E+01    7.80888555E-06    1.37621939E-06
   1.65031563E+01    8.38183131E-06    1.44768554E-06
   1.69192161E+01    8.99973953E-06    1.52293290E-06
   1.73457651E+01    9.66616424E-06    1.60214134E-06
   1.77830678E+01    1.03849322E-05    1.68549933E-06
   1.82313954E+01    1.11601637E-05    1.77320476E-06
   1.86910257E+01    1.19962945E-05    1.86546455E-06
   1.91622436E+01    1.28981002E-05    1.96249970E-06
   1.96453415E+01    1.38707205E-05    2.06452722E-06
   2.01406186E+01    1.49196964E-05    2.17184082E-06
   2.06483822E+01    1.60509576E-05    2.28447030E-06
   2.11689469E+01    1.72711076E-05    2.40426247E-06
   2.17026356E+01    1.85880491E-05    2.53139686E-06
   2.22497791E+01    2.00092937E-05    2.66423297E-06
   2.28107165E+01    2.15426833E-05    2.80351606E-06
   2.33857957E+01    2.31967464E-05    2.94950346E-06
   2.39753732E+01    2.49806717E-05    3.10261922E-06
   2.45798144E+01    2.69043823E-05    3.26325490E-06
   2.51994942E+01    2.89785831E-05    3.43183250E-06
   2.58347967E+01    3.12148224E-05    3.60878693E-06
   2.64861157E+01    3.36255561E-05    3.79457314E-06
   2.71538551E+01    3.62242165E-05    3.98966571E-06
   2.78384288E+01    3.90252869E-05    4.19456081E-06
   2.85402613E+01    4.20443829E-05    4.40977746E-06
   2.92597876E+01    4.52983388E-05    4.63585901E-06
   2.99974538E+01    4.88053016E-05    4.87337461E-06
   3.07537172E+01    5.25848321E-05    5.12292083E-06
   3.15290468E+01    5.66580139E-05    5.38512316E-06
   3.23239231E+01    6.10475710E-05    5.66063772E-06
   3.31388390E+01    6.57779946E-05    5.95015300E-06
   3.39742997E+01    7.08756795E-05    6.25439154E-06
   3.48308231E+01    7.63690715E-05    6.57411192E-06
   3.57089403E+01    8.22888260E-05    6.91011065E-06
   3.66091956E+01    8.86679791E-05    7.26322416E-06
   3.75321471E+01    9.55421319E-05    7.63433100E-06
   3.84783671E+01    1.02949649E-04    8.02435401E-06
   3.94484422E+01    1.10931873E-04    8.43426264E-06
   4.04429738E+01    1.19533355E-04    8.86507544E-06
   4.14625785E+01    1.28802103E-04    9.31786256E-06
   4.25078883E+01    1.38789850E-04    9.79374846E-06
   4.35795513E+01    1.49552343E-04    1.02939147E-05
   4.46782320E+01    1.61149652E-04    1.08196030E-05
   4.58046114E+01    1.73646511E-04    1.13721180E-05
   4.69593879E+01    1.87112672E-04    1.19528310E-05
   4.81432773E+01    2.01623299E-04    1.25631832E-05
   4.93570137E+01    2.17259387E-04    1.32046888E-05
   5.06013496E+01    2.34108211E-04    1.38789395E-05
   5.18770562E+01    2.52263818E-04    1.45876082E-05
   5.31849246E+01    2.71827549E-04    1.53324529E-05
   5.45257656E+01    2.92908604E-04    1.61153214E-05
   5.59004104E+01    3.15624653E-04    1.69381556E-05
   5.73097113E+01    3.40102493E-04    1.78029966E-05
   5.87545419E+01    3.66478754E-04    1.87119895E-05
   6.02357981E+01    3.94900664E-04    1.96673892E-05
   6.17543981E+01    4.25526868E-04    2.06715652E-05
   6.33112834E+01    4.58528318E-04    2.17270083E-05
   6.49074192E+01    4.94089219E-04    2.28363363E-05
   6.65437950E+01    5.32408069E-04    2.40023005E-05
   6.82214255E+01    5.73698754E-04    2.52277928E-05
   6.99413505E+01    6.18191754E-04    2.65158529E-05
   7.17046364E+01    6.66135419E-04    2.78696751E-05
   7.35123764E+01    7.17797363E-04    2.92926172E-05
   7.53656911E+01    7.73465953E-04    3.07882083E-05
   7.72657297E+01    8.33451922E-04    3.23601578E-05
   7.92136699E+01    8.98090099E-04    3.40123642E-05
   8.12107196E+01    9.67741283E-04    3.57489252E-05
   8.32581167E+01    1.04279425E-03    3.75741476E-05
   8.53571305E+01    1.12366794E-03    3.94925583E-05
   8.75090625E+01    1.21081377E-03    4.15089150E-05
   8.97152466E+01    1.30471816E-03    4.36282183E-05
   9.19770507E+01    1.40590528E-03    4.58557250E-05
   9.42958769E+01    1.51493993E-03    4.81969561E-05
   9.66731629E+01    1.63243073E-03    5.06577331E-05
   9.91103824E+01    1.75903344E-03    5.32440935E-05
   1.01609046E+02    1.89545491E-03    5.59627317E-05
   1.04170704E+02    2.04245584E-03    5.88191915E-05
   1.06796944E+02    2.20086047E-03    6.18260870E-05
   1.09489393E+02    2.37153715E-03    6.49677189E-05
   1.12249722E+02    2.14664855E-03   -7.64954608E-05
