#
# Radial density.
# Length units: bohr
#
# -----------------------------------------------------------------------
# |       r       |      n(r)       |    grad_n(r)    |    lapl_n(r)    |
# -----------------------------------------------------------------------
   3.74165729E-05    1.17519050E-01   -7.43537874E-06   -5.96156609E-01
   3.83598792E-05    1.17519050E-01   -7.62283152E-06   -5.96156612E-01
   3.93269671E-05    1.17519050E-01   -7.81501016E-06   -5.96156616E-01
   4.03184362E-05    1.17519050E-01   -8.01203380E-06   -5.96156620E-01
   4.13349012E-05    1.17519050E-01   -8.21402459E-06   -5.96156624E-01
   4.23769921E-05    1.17519050E-01   -8.42110775E-06   -5.96156628E-01
   4.34453551E-05    1.17519050E-01   -8.63341168E-06   -5.96156632E-01
   4.45406526E-05    1.17519050E-01   -8.85106799E-06   -5.96156637E-01
   4.56635635E-05    1.17519050E-01   -9.07421161E-06   -5.96156642E-01
   4.68147840E-05    1.17519050E-01   -9.30298090E-06   -5.96156647E-01
   4.79950279E-05    1.17519050E-01   -9.53751768E-06   -5.96156652E-01
   4.92050268E-05    1.17519050E-01   -9.77796734E-06   -5.96156658E-01
   5.04455309E-05    1.17519050E-01   -1.00244790E-05   -5.96156664E-01
   5.17173092E-05    1.17519050E-01   -1.02772054E-05   -5.96156670E-01
   5.30211502E-05    1.17519050E-01   -1.05363033E-05   -5.96156677E-01
   5.43578623E-05    1.17519050E-01   -1.08019333E-05   -5.96156683E-01
   5.57282741E-05    1.17519050E-01   -1.10742600E-05   -5.96156691E-01
   5.71332353E-05    1.17519050E-01   -1.13534524E-05   -5.96156698E-01
   5.85736168E-05    1.17519050E-01   -1.16396835E-05   -5.96156706E-01
   6.00503117E-05    1.17519050E-01   -1.19331308E-05   -5.96156715E-01
   6.15642354E-05    1.17519050E-01   -1.22339761E-05   -5.96156723E-01
   6.31163265E-05    1.17519050E-01   -1.25424061E-05   -5.96156733E-01
   6.47075473E-05    1.17519050E-01   -1.28586118E-05   -5.96156742E-01
   6.63388842E-05    1.17519050E-01   -1.31827894E-05   -5.96156753E-01
   6.80113486E-05    1.17519050E-01   -1.35151398E-05   -5.96156764E-01
   6.97259774E-05    1.17519050E-01   -1.38558691E-05   -5.96156775E-01
   7.14838335E-05    1.17519050E-01   -1.42051885E-05   -5.96156787E-01
   7.32860069E-05    1.17519050E-01   -1.45633146E-05   -5.96156799E-01
   7.51336146E-05    1.17519050E-01   -1.49304694E-05   -5.96156812E-01
   7.70278023E-05    1.17519050E-01   -1.53068805E-05   -5.96156826E-01
   7.89697442E-05    1.17519050E-01   -1.56927813E-05   -5.96156841E-01
   8.09606443E-05    1.17519050E-01   -1.60884110E-05   -5.96156856E-01
   8.30017367E-05    1.17519050E-01   -1.64940149E-05   -5.96156872E-01
   8.50942870E-05    1.17519050E-01   -1.69098445E-05   -5.96156889E-01
   8.72395924E-05    1.17519050E-01   -1.73361576E-05   -5.96156907E-01
   8.94389830E-05    1.17519049E-01   -1.77732185E-05   -5.96156925E-01
   9.16938222E-05    1.17519049E-01   -1.82212980E-05   -5.96156945E-01
   9.40055079E-05    1.17519049E-01   -1.86806741E-05   -5.96156965E-01
   9.63754734E-05    1.17519049E-01   -1.91516316E-05   -5.96156987E-01
   9.88051880E-05    1.17519049E-01   -1.96344623E-05   -5.96157010E-01
   1.01296158E-04    1.17519049E-01   -2.01294657E-05   -5.96157034E-01
   1.03849927E-04    1.17519049E-01   -2.06369486E-05   -5.96157059E-01
   1.06468080E-04    1.17519049E-01   -2.11572256E-05   -5.96157085E-01
   1.09152238E-04    1.17519049E-01   -2.16906194E-05   -5.96157113E-01
   1.11904067E-04    1.17519049E-01   -2.22374606E-05   -5.96157142E-01
   1.14725271E-04    1.17519049E-01   -2.27980882E-05   -5.96157173E-01
   1.17617601E-04    1.17519049E-01   -2.33728497E-05   -5.96157205E-01
   1.20582849E-04    1.17519049E-01   -2.39621016E-05   -5.96157239E-01
   1.23622854E-04    1.17519049E-01   -2.45662092E-05   -5.96157274E-01
   1.26739500E-04    1.17519049E-01   -2.51855469E-05   -5.96157312E-01
   1.29934720E-04    1.17519049E-01   -2.58204988E-05   -5.96157351E-01
   1.33210494E-04    1.17519049E-01   -2.64714585E-05   -5.96157392E-01
   1.36568853E-04    1.17519048E-01   -2.71388295E-05   -5.96157436E-01
   1.40011880E-04    1.17519048E-01   -2.78230257E-05   -5.96157481E-01
   1.43541708E-04    1.17519048E-01   -2.85244712E-05   -5.96157529E-01
   1.47160527E-04    1.17519048E-01   -2.92436009E-05   -5.96157580E-01
   1.50870580E-04    1.17519048E-01   -2.99808606E-05   -5.96157633E-01
   1.54674166E-04    1.17519048E-01   -3.07367075E-05   -5.96157689E-01
   1.58573644E-04    1.17519048E-01   -3.15116101E-05   -5.96157747E-01
   1.62571432E-04    1.17519048E-01   -3.23060488E-05   -5.96157809E-01
   1.66670008E-04    1.17519048E-01   -3.31205162E-05   -5.96157873E-01
   1.70871912E-04    1.17519047E-01   -3.39555173E-05   -5.96157941E-01
   1.75179751E-04    1.17519047E-01   -3.48115697E-05   -5.96158013E-01
   1.79596194E-04    1.17519047E-01   -3.56892041E-05   -5.96158088E-01
   1.84123979E-04    1.17519047E-01   -3.65889648E-05   -5.96158167E-01
   1.88765915E-04    1.17519047E-01   -3.75114094E-05   -5.96158250E-01
   1.93524877E-04    1.17519047E-01   -3.84571100E-05   -5.96158337E-01
   1.98403818E-04    1.17519046E-01   -3.94266528E-05   -5.96158429E-01
   2.03405761E-04    1.17519046E-01   -4.04206390E-05   -5.96158525E-01
   2.08533808E-04    1.17519046E-01   -4.14396848E-05   -5.96158626E-01
   2.13791137E-04    1.17519046E-01   -4.24844220E-05   -5.96158733E-01
   2.19181009E-04    1.17519046E-01   -4.35554984E-05   -5.96158845E-01
   2.24706764E-04    1.17519045E-01   -4.46535779E-05   -5.96158962E-01
   2.30371829E-04    1.17519045E-01   -4.57793415E-05   -5.96159086E-01
   2.36179715E-04    1.17519045E-01   -4.69334870E-05   -5.96159216E-01
   2.42134023E-04    1.17519044E-01   -4.81167301E-05   -5.96159352E-01
   2.48238445E-04    1.17519044E-01   -4.93298043E-05   -5.96159496E-01
   2.54496765E-04    1.17519044E-01   -5.05734618E-05   -5.96159647E-01
   2.60912863E-04    1.17519044E-01   -5.18484737E-05   -5.96159805E-01
   2.67490717E-04    1.17519043E-01   -5.31556304E-05   -5.96159972E-01
   2.74234404E-04    1.17519043E-01   -5.44957425E-05   -5.96160147E-01
   2.81148107E-04    1.17519042E-01   -5.58696407E-05   -5.96160331E-01
   2.88236109E-04    1.17519042E-01   -5.72781770E-05   -5.96160524E-01
   2.95502807E-04    1.17519042E-01   -5.87222246E-05   -5.96160728E-01
   3.02952706E-04    1.17519041E-01   -6.02026790E-05   -5.96160941E-01
   3.10590423E-04    1.17519041E-01   -6.17204580E-05   -5.96161166E-01
   3.18420693E-04    1.17519040E-01   -6.32765027E-05   -5.96161402E-01
   3.26448373E-04    1.17519040E-01   -6.48717778E-05   -5.96161650E-01
   3.34678437E-04    1.17519039E-01   -6.65072726E-05   -5.96161911E-01
   3.43115989E-04    1.17519039E-01   -6.81840011E-05   -5.96162185E-01
   3.51766259E-04    1.17519038E-01   -6.99030028E-05   -5.96162473E-01
   3.60634611E-04    1.17519037E-01   -7.16653438E-05   -5.96162776E-01
   3.69726542E-04    1.17519037E-01   -7.34721167E-05   -5.96163095E-01
   3.79047689E-04    1.17519036E-01   -7.53244419E-05   -5.96163429E-01
   3.88603830E-04    1.17519035E-01   -7.72234678E-05   -5.96163781E-01
   3.98400891E-04    1.17519035E-01   -7.91703721E-05   -5.96164150E-01
   4.08444945E-04    1.17519034E-01   -8.11663619E-05   -5.96164539E-01
   4.18742218E-04    1.17519033E-01   -8.32126749E-05   -5.96164947E-01
   4.29299096E-04    1.17519032E-01   -8.53105799E-05   -5.96165376E-01
   4.40122121E-04    1.17519031E-01   -8.74613780E-05   -5.96165827E-01
   4.51218006E-04    1.17519030E-01   -8.96664027E-05   -5.96166301E-01
   4.62593628E-04    1.17519029E-01   -9.19270215E-05   -5.96166800E-01
   4.74256039E-04    1.17519028E-01   -9.42446361E-05   -5.96167324E-01
   4.86212471E-04    1.17519027E-01   -9.66206838E-05   -5.96167874E-01
   4.98470336E-04    1.17519026E-01   -9.90566380E-05   -5.96168453E-01
   5.11037233E-04    1.17519024E-01   -1.01554009E-04   -5.96169061E-01
   5.23920952E-04    1.17519023E-01   -1.04114346E-04   -5.96169700E-01
   5.37129482E-04    1.17519022E-01   -1.06739237E-04   -5.96170372E-01
   5.50671012E-04    1.17519020E-01   -1.09430310E-04   -5.96171078E-01
   5.64553935E-04    1.17519019E-01   -1.12189232E-04   -5.96171820E-01
   5.78786861E-04    1.17519017E-01   -1.15017717E-04   -5.96172600E-01
   5.93378611E-04    1.17519015E-01   -1.17917517E-04   -5.96173420E-01
   6.08338233E-04    1.17519014E-01   -1.20890431E-04   -5.96174282E-01
   6.23675000E-04    1.17519012E-01   -1.23938303E-04   -5.96175188E-01
   6.39398422E-04    1.17519010E-01   -1.27063023E-04   -5.96176140E-01
   6.55518245E-04    1.17519008E-01   -1.30266531E-04   -5.96177140E-01
   6.72044464E-04    1.17519005E-01   -1.33550811E-04   -5.96178192E-01
   6.88987325E-04    1.17519003E-01   -1.36917903E-04   -5.96179297E-01
   7.06357330E-04    1.17519001E-01   -1.40369893E-04   -5.96180459E-01
   7.24165250E-04    1.17518998E-01   -1.43908925E-04   -5.96181680E-01
   7.42422123E-04    1.17518996E-01   -1.47537192E-04   -5.96182964E-01
   7.61139269E-04    1.17518993E-01   -1.51256946E-04   -5.96184313E-01
   7.80328292E-04    1.17518990E-01   -1.55070494E-04   -5.96185731E-01
   8.00001087E-04    1.17518987E-01   -1.58980203E-04   -5.96187221E-01
   8.20169852E-04    1.17518983E-01   -1.62988497E-04   -5.96188787E-01
   8.40847090E-04    1.17518980E-01   -1.67097864E-04   -5.96190434E-01
   8.62045620E-04    1.17518976E-01   -1.71310854E-04   -5.96192164E-01
   8.83778585E-04    1.17518973E-01   -1.75630080E-04   -5.96193983E-01
   9.06059458E-04    1.17518969E-01   -1.80058222E-04   -5.96195894E-01
   9.28902052E-04    1.17518965E-01   -1.84598029E-04   -5.96197904E-01
   9.52320529E-04    1.17518960E-01   -1.89252318E-04   -5.96200016E-01
   9.76329407E-04    1.17518956E-01   -1.94023977E-04   -5.96202235E-01
   1.00094357E-03    1.17518951E-01   -1.98915967E-04   -5.96204568E-01
   1.02617828E-03    1.17518946E-01   -2.03931325E-04   -5.96207020E-01
   1.05204918E-03    1.17518940E-01   -2.09073164E-04   -5.96209597E-01
   1.07857231E-03    1.17518935E-01   -2.14344676E-04   -5.96212306E-01
   1.10576411E-03    1.17518929E-01   -2.19749132E-04   -5.96215153E-01
   1.13364145E-03    1.17518923E-01   -2.25289889E-04   -5.96218146E-01
   1.16222159E-03    1.17518916E-01   -2.30970386E-04   -5.96221291E-01
   1.19152227E-03    1.17518909E-01   -2.36794150E-04   -5.96224597E-01
   1.22156164E-03    1.17518902E-01   -2.42764798E-04   -5.96228072E-01
   1.25235834E-03    1.17518894E-01   -2.48886037E-04   -5.96231724E-01
   1.28393145E-03    1.17518886E-01   -2.55161669E-04   -5.96235563E-01
   1.31630054E-03    1.17518878E-01   -2.61595592E-04   -5.96239597E-01
   1.34948569E-03    1.17518869E-01   -2.68191802E-04   -5.96243838E-01
   1.38350747E-03    1.17518860E-01   -2.74954398E-04   -5.96248295E-01
   1.41838697E-03    1.17518850E-01   -2.81887581E-04   -5.96252979E-01
   1.45414581E-03    1.17518840E-01   -2.88995658E-04   -5.96257903E-01
   1.49080617E-03    1.17518829E-01   -2.96283048E-04   -5.96263078E-01
   1.52839077E-03    1.17518818E-01   -3.03754280E-04   -5.96268517E-01
   1.56692291E-03    1.17518806E-01   -3.11413997E-04   -5.96274234E-01
   1.60642648E-03    1.17518794E-01   -3.19266961E-04   -5.96280243E-01
   1.64692597E-03    1.17518781E-01   -3.27318056E-04   -5.96286559E-01
   1.68844649E-03    1.17518767E-01   -3.35572288E-04   -5.96293197E-01
   1.73101378E-03    1.17518753E-01   -3.44034790E-04   -5.96300174E-01
   1.77465424E-03    1.17518737E-01   -3.52710827E-04   -5.96307507E-01
   1.81939491E-03    1.17518721E-01   -3.61605797E-04   -5.96315215E-01
   1.86526353E-03    1.17518705E-01   -3.70725234E-04   -5.96323316E-01
   1.91228854E-03    1.17518687E-01   -3.80074816E-04   -5.96331831E-01
   1.96049910E-03    1.17518668E-01   -3.89660361E-04   -5.96340780E-01
   2.00992509E-03    1.17518649E-01   -3.99487840E-04   -5.96350187E-01
   2.06059715E-03    1.17518628E-01   -4.09563371E-04   -5.96360073E-01
   2.11254670E-03    1.17518607E-01   -4.19893231E-04   -5.96370464E-01
   2.16580595E-03    1.17518584E-01   -4.30483858E-04   -5.96381386E-01
   2.22040792E-03    1.17518560E-01   -4.41341851E-04   -5.96392865E-01
   2.27638645E-03    1.17518535E-01   -4.52473979E-04   -5.96404931E-01
   2.33377625E-03    1.17518509E-01   -4.63887184E-04   -5.96417612E-01
   2.39261290E-03    1.17518481E-01   -4.75588586E-04   -5.96430941E-01
   2.45293288E-03    1.17518452E-01   -4.87585486E-04   -5.96444950E-01
   2.51477357E-03    1.17518422E-01   -4.99885371E-04   -5.96459675E-01
   2.57817333E-03    1.17518390E-01   -5.12495922E-04   -5.96475151E-01
   2.64317146E-03    1.17518356E-01   -5.25425016E-04   -5.96491417E-01
   2.70980825E-03    1.17518321E-01   -5.38680731E-04   -5.96508513E-01
   2.77812501E-03    1.17518283E-01   -5.52271353E-04   -5.96526482E-01
   2.84816411E-03    1.17518244E-01   -5.66205382E-04   -5.96545369E-01
   2.91996895E-03    1.17518203E-01   -5.80491535E-04   -5.96565220E-01
   2.99358406E-03    1.17518160E-01   -5.95138754E-04   -5.96586084E-01
   3.06905507E-03    1.17518114E-01   -6.10156212E-04   -5.96608013E-01
   3.14642878E-03    1.17518066E-01   -6.25553317E-04   -5.96631061E-01
   3.22575315E-03    1.17518016E-01   -6.41339723E-04   -5.96655286E-01
   3.30707736E-03    1.17517963E-01   -6.57525330E-04   -5.96680747E-01
   3.39045183E-03    1.17517908E-01   -6.74120297E-04   -5.96707509E-01
   3.47592824E-03    1.17517849E-01   -6.91135047E-04   -5.96735636E-01
   3.56355960E-03    1.17517788E-01   -7.08580270E-04   -5.96765199E-01
   3.65340022E-03    1.17517724E-01   -7.26466937E-04   -5.96796271E-01
   3.74550581E-03    1.17517656E-01   -7.44806304E-04   -5.96828929E-01
   3.83993346E-03    1.17517585E-01   -7.63609921E-04   -5.96863253E-01
   3.93674172E-03    1.17517510E-01   -7.82889638E-04   -5.96899330E-01
   4.03599061E-03    1.17517431E-01   -8.02657618E-04   -5.96937248E-01
   4.13774165E-03    1.17517348E-01   -8.22926341E-04   -5.96977102E-01
   4.24205793E-03    1.17517262E-01   -8.43708614E-04   -5.97018989E-01
   4.34900412E-03    1.17517170E-01   -8.65017583E-04   -5.97063014E-01
   4.45864653E-03    1.17517074E-01   -8.86866741E-04   -5.97109286E-01
   4.57105312E-03    1.17516973E-01   -9.09269936E-04   -5.97157920E-01
   4.68629358E-03    1.17516867E-01   -9.32241384E-04   -5.97209035E-01
   4.80443936E-03    1.17516756E-01   -9.55795679E-04   -5.97262759E-01
   4.92556370E-03    1.17516638E-01   -9.79947802E-04   -5.97319225E-01
   5.04974170E-03    1.17516515E-01   -1.00471314E-03   -5.97378572E-01
   5.17705035E-03    1.17516386E-01   -1.03010748E-03   -5.97440947E-01
   5.30756856E-03    1.17516249E-01   -1.05614704E-03   -5.97506505E-01
   5.44137725E-03    1.17516106E-01   -1.08284848E-03   -5.97575408E-01
   5.57855939E-03    1.17515956E-01   -1.11022890E-03   -5.97647827E-01
   5.71920001E-03    1.17515798E-01   -1.13830587E-03   -5.97723941E-01
   5.86338632E-03    1.17515632E-01   -1.16709744E-03   -5.97803938E-01
   6.01120769E-03    1.17515457E-01   -1.19662215E-03   -5.97888016E-01
   6.16275578E-03    1.17515273E-01   -1.22689904E-03   -5.97976384E-01
   6.31812453E-03    1.17515080E-01   -1.25794769E-03   -5.98069260E-01
   6.47741028E-03    1.17514877E-01   -1.28978819E-03   -5.98166873E-01
   6.64071176E-03    1.17514664E-01   -1.32244124E-03   -5.98269466E-01
   6.80813022E-03    1.17514440E-01   -1.35592806E-03   -5.98377291E-01
   6.97976946E-03    1.17514204E-01   -1.39027050E-03   -5.98490616E-01
   7.15573588E-03    1.17513956E-01   -1.42549101E-03   -5.98609721E-01
   7.33613858E-03    1.17513696E-01   -1.46161268E-03   -5.98734900E-01
   7.52108940E-03    1.17513422E-01   -1.49865925E-03   -5.98866462E-01
   7.71070299E-03    1.17513134E-01   -1.53665514E-03   -5.99004734E-01
   7.90509692E-03    1.17512832E-01   -1.57562548E-03   -5.99150055E-01
   8.10439170E-03    1.17512514E-01   -1.61559611E-03   -5.99302786E-01
   8.30871089E-03    1.17512180E-01   -1.65659363E-03   -5.99463303E-01
   8.51818115E-03    1.17511828E-01   -1.69864541E-03   -5.99632003E-01
   8.73293235E-03    1.17511459E-01   -1.74177964E-03   -5.99809302E-01
   8.95309762E-03    1.17511070E-01   -1.78602533E-03   -5.99995638E-01
   9.17881346E-03    1.17510662E-01   -1.83141236E-03   -6.00191471E-01
   9.41021981E-03    1.17510233E-01   -1.87797152E-03   -6.00397283E-01
   9.64746013E-03    1.17509782E-01   -1.92573450E-03   -6.00613583E-01
   9.89068149E-03    1.17509307E-01   -1.97473398E-03   -6.00840903E-01
   1.01400347E-02    1.17508809E-01   -2.02500364E-03   -6.01079804E-01
   1.03956743E-02    1.17508285E-01   -2.07657820E-03   -6.01330874E-01
   1.06577588E-02    1.17507733E-01   -2.12949347E-03   -6.01594732E-01
   1.09264508E-02    1.17507154E-01   -2.18378638E-03   -6.01872027E-01
   1.12019167E-02    1.17506545E-01   -2.23949504E-03   -6.02163443E-01
   1.14843273E-02    1.17505904E-01   -2.29665876E-03   -6.02469694E-01
   1.17738578E-02    1.17505231E-01   -2.35531815E-03   -6.02791536E-01
   1.20706876E-02    1.17504523E-01   -2.41551514E-03   -6.03129759E-01
   1.23750007E-02    1.17503778E-01   -2.47729303E-03   -6.03485193E-01
   1.26869859E-02    1.17502995E-01   -2.54069658E-03   -6.03858713E-01
   1.30068365E-02    1.17502172E-01   -2.60577203E-03   -6.04251234E-01
   1.33347509E-02    1.17501307E-01   -2.67256723E-03   -6.04663719E-01
   1.36709322E-02    1.17500397E-01   -2.74113164E-03   -6.05097180E-01
   1.40155890E-02    1.17499440E-01   -2.81151645E-03   -6.05552679E-01
   1.43689349E-02    1.17498434E-01   -2.88377467E-03   -6.06031332E-01
   1.47311890E-02    1.17497376E-01   -2.95796115E-03   -6.06534309E-01
   1.51025759E-02    1.17496263E-01   -3.03413276E-03   -6.07062841E-01
   1.54833258E-02    1.17495093E-01   -3.11234840E-03   -6.07618219E-01
   1.58736747E-02    1.17493862E-01   -3.19266915E-03   -6.08201800E-01
   1.62738646E-02    1.17492568E-01   -3.27515839E-03   -6.08815006E-01
   1.66841438E-02    1.17491207E-01   -3.35988185E-03   -6.09459334E-01
   1.71047664E-02    1.17489776E-01   -3.44690779E-03   -6.10136353E-01
   1.75359933E-02    1.17488270E-01   -3.53630710E-03   -6.10847710E-01
   1.79780919E-02    1.17486686E-01   -3.62815346E-03   -6.11595133E-01
   1.84313362E-02    1.17485020E-01   -3.72252346E-03   -6.12380439E-01
   1.88960071E-02    1.17483268E-01   -3.81949676E-03   -6.13205533E-01
   1.93723929E-02    1.17481425E-01   -3.91915627E-03   -6.14072412E-01
   1.98607888E-02    1.17479486E-01   -4.02158831E-03   -6.14983176E-01
   2.03614976E-02    1.17477446E-01   -4.12688280E-03   -6.15940026E-01
   2.08748297E-02    1.17475299E-01   -4.23513347E-03   -6.16945271E-01
   2.14011034E-02    1.17473041E-01   -4.34643804E-03   -6.18001334E-01
   2.19406449E-02    1.17470665E-01   -4.46089851E-03   -6.19110758E-01
   2.24937888E-02    1.17468165E-01   -4.57862133E-03   -6.20276207E-01
   2.30608780E-02    1.17465535E-01   -4.69971769E-03   -6.21500477E-01
   2.36422640E-02    1.17462766E-01   -4.82430382E-03   -6.22786502E-01
   2.42383072E-02    1.17459852E-01   -4.95250122E-03   -6.24137355E-01
   2.48493773E-02    1.17456786E-01   -5.08443705E-03   -6.25556258E-01
   2.54758530E-02    1.17453558E-01   -5.22024438E-03   -6.27046591E-01
   2.61181227E-02    1.17450160E-01   -5.36006264E-03   -6.28611894E-01
   2.67765847E-02    1.17446584E-01   -5.50403791E-03   -6.30255878E-01
   2.74516471E-02    1.17442818E-01   -5.65232338E-03   -6.31982431E-01
   2.81437284E-02    1.17438853E-01   -5.80507979E-03   -6.33795626E-01
   2.88532577E-02    1.17434679E-01   -5.96247586E-03   -6.35699729E-01
   2.95806749E-02    1.17430282E-01   -6.12468880E-03   -6.37699208E-01
   3.03264310E-02    1.17425653E-01   -6.29190485E-03   -6.39798740E-01
   3.10909883E-02    1.17420776E-01   -6.46431982E-03   -6.42003221E-01
   3.18748208E-02    1.17415640E-01   -6.64213971E-03   -6.44317776E-01
   3.26784144E-02    1.17410228E-01   -6.82558137E-03   -6.46747767E-01
   3.35022673E-02    1.17404527E-01   -7.01487314E-03   -6.49298801E-01
   3.43468904E-02    1.17398520E-01   -7.21025563E-03   -6.51976744E-01
   3.52128071E-02    1.17392189E-01   -7.41198248E-03   -6.54787729E-01
   3.61005545E-02    1.17385517E-01   -7.62032120E-03   -6.57738164E-01
   3.70106827E-02    1.17378484E-01   -7.83555407E-03   -6.60834746E-01
   3.79437561E-02    1.17371069E-01   -8.05797906E-03   -6.64084469E-01
   3.89003532E-02    1.17363251E-01   -8.28791091E-03   -6.67494636E-01
   3.98810670E-02    1.17355006E-01   -8.52568213E-03   -6.71072872E-01
   4.08865054E-02    1.17346311E-01   -8.77164421E-03   -6.74827128E-01
   4.19172919E-02    1.17337138E-01   -9.02616886E-03   -6.78765699E-01
   4.29740655E-02    1.17327461E-01   -9.28964924E-03   -6.82897232E-01
   4.40574813E-02    1.17317248E-01   -9.56250146E-03   -6.87230735E-01
   4.51682110E-02    1.17306470E-01   -9.84516598E-03   -6.91775590E-01
   4.63069432E-02    1.17295093E-01   -1.01381092E-02   -6.96541562E-01
   4.74743840E-02    1.17283080E-01   -1.04418253E-02   -7.01538810E-01
   4.86712569E-02    1.17270395E-01   -1.07568376E-02   -7.06777893E-01
   4.98983042E-02    1.17256995E-01   -1.10837010E-02   -7.12269783E-01
   5.11562864E-02    1.17242839E-01   -1.14230037E-02   -7.18025870E-01
   5.24459836E-02    1.17227880E-01   -1.17753691E-02   -7.24057970E-01
   5.37681951E-02    1.17212069E-01   -1.21414586E-02   -7.30378331E-01
   5.51237409E-02    1.17195354E-01   -1.25219737E-02   -7.36999637E-01
   5.65134612E-02    1.17177677E-01   -1.29176582E-02   -7.43935013E-01
   5.79382177E-02    1.17158980E-01   -1.33293016E-02   -7.51198026E-01
   5.93988935E-02    1.17139198E-01   -1.37577413E-02   -7.58802681E-01
   6.08963944E-02    1.17118263E-01   -1.42038659E-02   -7.66763425E-01
   6.24316486E-02    1.17096101E-01   -1.46686180E-02   -7.75095136E-01
   6.40056080E-02    1.17072633E-01   -1.51529980E-02   -7.83813117E-01
   6.56192484E-02    1.17047775E-01   -1.56580669E-02   -7.92933084E-01
   6.72735702E-02    1.17021437E-01   -1.61849506E-02   -8.02471152E-01
   6.89695989E-02    1.16993522E-01   -1.67348431E-02   -8.12443813E-01
   7.07083860E-02    1.16963926E-01   -1.73090106E-02   -8.22867914E-01
   7.24910096E-02    1.16932538E-01   -1.79087958E-02   -8.33760624E-01
   7.43185748E-02    1.16899237E-01   -1.85356219E-02   -8.45139401E-01
   7.61922146E-02    1.16863896E-01   -1.91909971E-02   -8.57021948E-01
   7.81130905E-02    1.16826376E-01   -1.98765190E-02   -8.69426164E-01
   8.00823935E-02    1.16786530E-01   -2.05938795E-02   -8.82370085E-01
   8.21013445E-02    1.16744196E-01   -2.13448693E-02   -8.95871817E-01
   8.41711951E-02    1.16699204E-01   -2.21313827E-02   -9.09949455E-01
   8.62932285E-02    1.16651370E-01   -2.29554227E-02   -9.24621001E-01
   8.84687603E-02    1.16600493E-01   -2.38191058E-02   -9.39904256E-01
   9.06991393E-02    1.16546362E-01   -2.47246668E-02   -9.55816711E-01
   9.29857482E-02    1.16488744E-01   -2.56744638E-02   -9.72375411E-01
   9.53300046E-02    1.16427393E-01   -2.66709825E-02   -9.89596818E-01
   9.77333619E-02    1.16362042E-01   -2.77168412E-02   -1.00749664E+00
   1.00197310E-01    1.16292401E-01   -2.88147946E-02   -1.02608965E+00
   1.02723377E-01    1.16218163E-01   -2.99677379E-02   -1.04538949E+00
   1.05313128E-01    1.16138992E-01   -3.11787101E-02   -1.06540844E+00
   1.07968169E-01    1.16054530E-01   -3.24508967E-02   -1.08615716E+00
   1.10690146E-01    1.15964387E-01   -3.37876321E-02   -1.10764442E+00
   1.13480746E-01    1.15868147E-01   -3.51924005E-02   -1.12987682E+00
   1.16341700E-01    1.15765360E-01   -3.66688361E-02   -1.15285842E+00
   1.19274782E-01    1.15655541E-01   -3.82207221E-02   -1.17659038E+00
   1.22281809E-01    1.15538168E-01   -3.98519881E-02   -1.20107059E+00
   1.25364646E-01    1.15412679E-01   -4.15667057E-02   -1.22629322E+00
   1.28525205E-01    1.15278468E-01   -4.33690822E-02   -1.25224824E+00
   1.31765443E-01    1.15134886E-01   -4.52634519E-02   -1.27892092E+00
   1.35087372E-01    1.14981231E-01   -4.72542648E-02   -1.30629130E+00
   1.38493049E-01    1.14816751E-01   -4.93460723E-02   -1.33433358E+00
   1.41984586E-01    1.14640636E-01   -5.15435089E-02   -1.36301550E+00
   1.45564149E-01    1.14452019E-01   -5.38512711E-02   -1.39229769E+00
   1.49233955E-01    1.14249967E-01   -5.62740903E-02   -1.42213294E+00
   1.52996281E-01    1.14033481E-01   -5.88167023E-02   -1.45246550E+00
   1.56853458E-01    1.13801490E-01   -6.14838103E-02   -1.48323024E+00
   1.60807878E-01    1.13552849E-01   -6.42800419E-02   -1.51435192E+00
   1.64861993E-01    1.13286333E-01   -6.72098996E-02   -1.54574432E+00
   1.69018316E-01    1.13000633E-01   -7.02777041E-02   -1.57730941E+00
   1.73279423E-01    1.12694356E-01   -7.34875287E-02   -1.60893649E+00
   1.77647957E-01    1.12366017E-01   -7.68431257E-02   -1.64050135E+00
   1.82126626E-01    1.12014038E-01   -8.03478430E-02   -1.67186547E+00
   1.86718206E-01    1.11636743E-01   -8.40045312E-02   -1.70287519E+00
   1.91425544E-01    1.11232360E-01   -8.78154393E-02   -1.73336102E+00
   1.96251559E-01    1.10799013E-01   -9.17821001E-02   -1.76313695E+00
   2.01199241E-01    1.10334726E-01   -9.59052033E-02   -1.79199995E+00
   2.06271660E-01    1.09837422E-01   -1.00184458E-01   -1.81972957E+00
   2.11471958E-01    1.09304923E-01   -1.04618443E-01   -1.84608769E+00
   2.16803361E-01    1.08734951E-01   -1.09204443E-01   -1.87081856E+00
   2.22269174E-01    1.08125135E-01   -1.13938283E-01   -1.89364907E+00
   2.27872785E-01    1.07473016E-01   -1.18814137E-01   -1.91428930E+00
   2.33617667E-01    1.06776054E-01   -1.23824347E-01   -1.93243350E+00
   2.39507384E-01    1.06031638E-01   -1.28959218E-01   -1.94776150E+00
   2.45545586E-01    1.05237101E-01   -1.34206822E-01   -1.95994051E+00
   2.51736017E-01    1.04389734E-01   -1.39552797E-01   -1.96862760E+00
   2.58082514E-01    1.03486807E-01   -1.44980143E-01   -1.97347268E+00
   2.64589012E-01    1.02525590E-01   -1.50469040E-01   -1.97412219E+00
   2.71259545E-01    1.01503384E-01   -1.55996668E-01   -1.97022350E+00
   2.78098248E-01    1.00417545E-01   -1.61537059E-01   -1.96143000E+00
   2.85109361E-01    9.92655266E-02   -1.67060967E-01   -1.94740704E+00
   2.92297231E-01    9.80449165E-02   -1.72535787E-01   -1.92783855E+00
   2.99666313E-01    9.67534810E-02   -1.77925518E-01   -1.90243450E+00
   3.07221177E-01    9.53892148E-02   -1.83190785E-01   -1.87093896E+00
   3.14966506E-01    9.39503942E-02   -1.88288932E-01   -1.83313884E+00
   3.22907102E-01    9.24356348E-02   -1.93174198E-01   -1.78887301E+00
   3.31047888E-01    9.08439519E-02   -1.97797983E-01   -1.73804176E+00
   3.39393910E-01    8.91748244E-02   -2.02109225E-01   -1.68061627E+00
   3.47950344E-01    8.74282599E-02   -2.06054878E-01   -1.61664780E+00
   3.56722493E-01    8.56048608E-02   -2.09580526E-01   -1.54627628E+00
   3.65715795E-01    8.37058886E-02   -2.12631106E-01   -1.46973788E+00
   3.74935828E-01    8.17333264E-02   -2.15151765E-01   -1.38737105E+00
   3.84388306E-01    7.96899357E-02   -2.17088832E-01   -1.29962068E+00
   3.94079089E-01    7.75793069E-02   -2.18390901E-01   -1.20703972E+00
   4.04014186E-01    7.54058997E-02   -2.19010001E-01   -1.11028787E+00
   4.14199756E-01    7.31750727E-02   -2.18902834E-01   -1.01012692E+00
   4.24642114E-01    7.08930976E-02   -2.18032047E-01   -9.07412216E-01
   4.35347733E-01    6.85671572E-02   -2.16367489E-01   -8.03080273E-01
   4.46323251E-01    6.62053254E-02   -2.13887419E-01   -6.98132141E-01
   4.57575471E-01    6.38165255E-02   -2.10579594E-01   -5.93612883E-01
   4.69111370E-01    6.14104688E-02   -2.06442196E-01   -4.90587364E-01
   4.80938100E-01    5.89975706E-02   -2.01484525E-01   -3.90113013E-01
   4.93062993E-01    5.65888459E-02   -1.95727401E-01   -2.93210382E-01
   5.05493566E-01    5.41957861E-02   -1.89203236E-01   -2.00832620E-01
   5.18237525E-01    5.18302193E-02   -1.81955710E-01   -1.13835162E-01
   5.31302770E-01    4.95041588E-02   -1.74039046E-01   -3.29470850E-02
   5.44697403E-01    4.72296449E-02   -1.65516857E-01    4.12543490E-02
   5.58429726E-01    4.50185859E-02   -1.56460579E-01    1.08364499E-01
   5.72508255E-01    4.28826051E-02   -1.46947527E-01    1.68166186E-01
   5.86941715E-01    4.08329028E-02   -1.37058623E-01    2.20637508E-01
   6.01739057E-01    3.88801389E-02   -1.26875878E-01    2.65951964E-01
   6.16909453E-01    3.70343454E-02   -1.16479720E-01    3.04470585E-01
   6.32462309E-01    3.53048744E-02   -1.05946281E-01    3.36726273E-01
   6.48407267E-01    3.37003884E-02   -9.53447687E-02    3.63400885E-01
   6.64754212E-01    3.22288958E-02   -8.47350309E-02    3.85295900E-01
   6.81513278E-01    3.08978357E-02   -7.41654545E-02    4.03297633E-01
   6.98694856E-01    2.97142102E-02   -6.36713158E-02    4.18337786E-01
   7.16309598E-01    2.86847624E-02   -5.32737114E-02    4.31349761E-01
   7.34368423E-01    2.78161940E-02   -4.29792128E-02    4.43220445E-01
   7.52882528E-01    2.71154105E-02   -3.27804141E-02    4.54736248E-01
   7.71863390E-01    2.65897779E-02   -2.26575943E-02    4.66521128E-01
   7.91322778E-01    2.62473659E-02   -1.25817895E-02    4.78963419E-01
   8.11272754E-01    2.60971407E-02   -2.51967382E-03    4.92128002E-01
   8.31725688E-01    2.61490559E-02    7.55925529E-03    5.05651555E-01
   8.52694259E-01    2.64139706E-02    1.76726171E-02    5.18622488E-01
   8.74191468E-01    2.69032990E-02    2.78117013E-02    5.29455567E-01
   8.96230640E-01    2.76282761E-02    3.79244309E-02    5.35785965E-01
   9.18825441E-01    2.85987062E-02    4.78953024E-02    5.34429796E-01
   9.41989877E-01    2.98210755E-02    5.75243411E-02    5.21486316E-01
   9.65738310E-01    3.12959648E-02    6.65094478E-02    4.92682739E-01
   9.90085463E-01    3.30148437E-02    7.44395969E-02    4.44067043E-01
   1.01504643E+00    3.49565722E-02    8.08094064E-02    3.73105932E-01
   1.04063669E+00    3.70842931E-02    8.50667915E-02    2.80106638E-01
   1.06687210E+00    3.93437945E-02    8.67017884E-02    1.69638447E-01
   1.09376893E+00    4.16646863E-02    8.53728688E-02    5.13108376E-02
   1.12134385E+00    4.39655716E-02    8.10456670E-02   -6.09379390E-02
   1.14961396E+00    4.61634684E-02    7.40910397E-02   -1.52003010E-01
   1.17859679E+00    4.81857891E-02    6.52632073E-02   -2.11260551E-01
   1.20831030E+00    4.99802167E-02    5.54632835E-02   -2.42296284E-01
   1.23877292E+00    5.15150880E-02    4.53328689E-02   -2.55523755E-01
   1.27000352E+00    5.27728959E-02    3.53064862E-02   -2.56418675E-01
   1.30202148E+00    5.37470942E-02    2.56612966E-02   -2.50931966E-01
   1.33484664E+00    5.44370938E-02    1.65060196E-02   -2.42582467E-01
   1.36849936E+00    5.48457510E-02    7.91598915E-03   -2.31616925E-01
   1.40300049E+00    5.49790181E-02   -4.92555405E-05   -2.18686917E-01
   1.43837142E+00    5.48456848E-02   -7.34507528E-03   -2.04269125E-01
   1.47463409E+00    5.44570984E-02   -1.39407629E-02   -1.88824400E-01
   1.51181098E+00    5.38268726E-02   -1.98185284E-02   -1.72755254E-01
   1.54992513E+00    5.29705829E-02   -2.49724380E-02   -1.56418734E-01
   1.58900017E+00    5.19054546E-02   -2.94073165E-02   -1.40124662E-01
   1.62906033E+00    5.06500458E-02   -3.31376207E-02   -1.24138062E-01
   1.67013044E+00    4.92239303E-02   -3.61862852E-02   -1.08680925E-01
   1.71223597E+00    4.76473843E-02   -3.85835605E-02   -9.39341039E-02
   1.75540301E+00    4.59410771E-02   -4.03658297E-02   -8.00401388E-02
   1.79965834E+00    4.41257847E-02   -4.15744732E-02   -6.71056742E-02
   1.84502939E+00    4.22221034E-02   -4.22547048E-02   -5.52042353E-02
   1.89154428E+00    4.02501976E-02   -4.24544947E-02   -4.43798651E-02
   1.93923185E+00    3.82295642E-02   -4.22235227E-02   -3.46499737E-02
   1.98812168E+00    3.61788227E-02   -4.16122047E-02   -2.60089287E-02
   2.03824406E+00    3.41155357E-02   -4.06708022E-02   -1.84315217E-02
   2.08963007E+00    3.20560587E-02   -3.94486253E-02   -1.18762062E-02
   2.14231157E+00    3.00154169E-02   -3.79933243E-02   -6.28847766E-03
   2.19632122E+00    2.80072180E-02   -3.63503027E-02   -1.60395562E-03
   2.25169250E+00    2.60435895E-02   -3.45622193E-02    2.24880018E-03
   2.30845974E+00    2.41351478E-02   -3.26686082E-02    5.34564352E-03
   2.36665814E+00    2.22909917E-02   -3.07055931E-02    7.76446651E-03
   2.42632377E+00    2.05187247E-02   -2.87057125E-02    9.58324419E-03
   2.48749363E+00    1.88244932E-02   -2.66978178E-02    1.08783636E-02
   2.55020564E+00    1.72130497E-02   -2.47070693E-02    1.17231313E-02
   2.61449867E+00    1.56878289E-02   -2.27549965E-02    1.21867801E-02
   2.68041260E+00    1.42510379E-02   -2.08596225E-02    1.23336155E-02
   2.74798827E+00    1.29037568E-02   -1.90356405E-02    1.22224757E-02
   2.81726759E+00    1.16460460E-02   -1.72946299E-02    1.19064128E-02
   2.88829350E+00    1.04770580E-02   -1.56453037E-02    1.14325642E-02
   2.96111004E+00    9.39515136E-03   -1.40937762E-02    1.08422008E-02
   3.03576235E+00    8.39800305E-03   -1.26438423E-02    1.01709131E-02
   3.11229672E+00    7.48271936E-03   -1.12972612E-02    9.44888737E-03
   3.19076059E+00    6.64594161E-03   -1.00540369E-02    8.70128336E-03
   3.27120260E+00    5.88394646E-03   -8.91268949E-03    7.94865005E-03
   3.35367264E+00    5.19273908E-03   -7.87051390E-03    7.20738288E-03
   3.43822182E+00    4.56813864E-03   -6.92382052E-03    6.49018982E-03
   3.52490256E+00    4.00585544E-03   -6.06815702E-03    5.80655684E-03
   3.61376860E+00    3.50155945E-03   -5.29850832E-03    5.16320455E-03
   3.70487504E+00    3.05094005E-03   -4.60947411E-03    4.56451039E-03
   3.79827835E+00    2.64975740E-03   -3.99542480E-03    4.01290923E-03
   3.89403645E+00    2.29388518E-03   -3.45063423E-03    3.50925903E-03
   3.99220870E+00    1.97934575E-03   -2.96939202E-03    3.05316133E-03
   4.09285596E+00    1.70233772E-03   -2.54609560E-03    2.64325079E-03
   4.19604063E+00    1.45925695E-03   -2.17532403E-03    2.27744247E-03
   4.30182668E+00    1.24671137E-03   -1.85189508E-03    1.95314432E-03
   4.41027970E+00    1.06153024E-03   -1.57090714E-03    1.66743396E-03
   4.52146691E+00    9.00768869E-04   -1.32776846E-03    1.41720532E-03
   4.63545726E+00    7.61708971E-04   -1.11821450E-03    1.19928526E-03
   4.75232141E+00    6.41855919E-04   -9.38316449E-04    1.01052519E-03
   4.87213182E+00    5.38932924E-04   -7.84481361E-04    8.47871662E-04
   4.99496275E+00    4.50873052E-04   -6.53446069E-04    7.08417246E-04
   5.12089037E+00    3.75809433E-04   -5.42266013E-04    5.89435148E-04
   5.24999273E+00    3.12064341E-04   -4.48300531E-04    4.88401660E-04
   5.38234989E+00    2.58137224E-04   -3.69195120E-04    4.03007773E-04
   5.51804389E+00    2.12692347E-04   -3.02862149E-04    3.31161858E-04
   5.65715886E+00    1.74546174E-04   -2.47460463E-04    2.70986629E-04
   5.79978105E+00    1.42654792E-04   -2.01374651E-04    2.20811128E-04
   5.94599888E+00    1.16101595E-04   -1.63194416E-04    1.79159236E-04
   6.09590299E+00    9.40853337E-05   -1.31694528E-04    1.44736253E-04
   6.24958632E+00    7.59087285E-05   -1.05815582E-04    1.16413957E-04
   6.40714416E+00    6.09677032E-05   -8.46458802E-05    9.32152765E-05
   6.56867416E+00    4.87412631E-05   -6.74044580E-05    7.42992229E-05
   6.73427650E+00    3.87820937E-05   -5.34253916E-05    5.89457926E-05
   6.90405381E+00    3.07079214E-05   -4.21435012E-05    4.65420047E-05
   7.07811137E+00    2.41935644E-05   -3.30813001E-05    3.65687105E-05
   7.25655709E+00    1.89637334E-05   -2.58372941E-05    2.85885338E-05
   7.43950158E+00    1.47864939E-05   -2.00754580E-05    2.22348494E-05
   7.62705827E+00    1.14674180E-05   -1.55159305E-05    1.72018883E-05
   7.81934344E+00    8.84434362E-06   -1.19267603E-05    1.32359446E-05
   8.01647630E+00    6.78273068E-06   -9.11667800E-06    1.01275841E-05
   8.21857905E+00    5.17155149E-06   -6.92876782E-06    7.70481856E-06
   8.42577700E+00    3.91969156E-06   -5.23498577E-06    5.82715176E-06
   8.63819861E+00    2.95280073E-06   -3.93141529E-06    4.38044774E-06
   8.85597556E+00    2.21056408E-06   -2.93419615E-06    3.27249106E-06
   9.07924287E+00    1.64434675E-06   -2.17604679E-06    2.42921032E-06
   9.30813895E+00    1.21517446E-06   -1.60330953E-06    1.79145636E-06
   9.54280571E+00    8.92013871E-07   -1.17345685E-06    1.31228946E-06
   9.78338864E+00    6.50314991E-07   -8.52995738E-07    9.54688789E-07
   1.00300369E+01    4.70788737E-07   -6.15723465E-07    6.89650249E-07
   1.02829034E+01    3.38382521E-07   -4.41277190E-07    4.94603581E-07
   1.05421448E+01    2.41433581E-07   -3.13943267E-07    3.52104899E-07
   1.08079220E+01    1.70970895E-07   -2.21682063E-07    2.48769478E-07
   1.10803997E+01    1.20145555E-07   -1.55337057E-07    1.74404184E-07
   1.13597468E+01    8.37679543E-08   -1.07996031E-07    1.21303944E-07
   1.16461365E+01    5.79369551E-08   -7.44819925E-08    8.36897341E-08
   1.19397463E+01    3.97431088E-08   -5.09479012E-08    5.72625085E-08
   1.22407583E+01    2.70343282E-08   -3.45582797E-08    3.88498091E-08
   1.25493591E+01    1.82319906E-08   -2.32405408E-08    2.61303774E-08
   1.28657400E+01    1.21880093E-08   -1.54926093E-08    1.74204173E-08
   1.31900972E+01    8.07464965E-09   -1.02352812E-08    1.15091013E-08
   1.35226317E+01    5.30051682E-09   -6.70014264E-09    7.53366628E-09
   1.38635497E+01    3.44686511E-09   -4.34496390E-09    4.88501370E-09
   1.42130626E+01    2.21997155E-09   -2.79069654E-09    3.13708748E-09
   1.45713870E+01    1.41576369E-09   -1.77487425E-09    1.99478330E-09
   1.49387451E+01    8.93827717E-10   -1.11751042E-09    1.25567025E-09
   1.53153646E+01    5.58514205E-10   -6.96407361E-10    7.82286646E-10
   1.57014791E+01    3.45323380E-10   -4.29435539E-10    4.82242065E-10
   1.60973278E+01    2.11212600E-10   -2.61967408E-10    2.94080180E-10
   1.65031563E+01    1.27762738E-10   -1.58052273E-10    1.77361627E-10
   1.69192161E+01    7.64121879E-11   -9.42850742E-11    1.05763101E-10
   1.73457651E+01    4.51727263E-11   -5.55976124E-11    6.23407156E-11
   1.77830678E+01    2.63889722E-11   -3.23980375E-11    3.63122759E-11
   1.82313954E+01    1.52291119E-11   -1.86511357E-11    2.08956086E-11
   1.86910257E+01    8.67964421E-12   -1.06044164E-11    1.18754343E-11
   1.91622436E+01    4.88393099E-12   -5.95292098E-12    6.66350891E-12
   1.96453415E+01    2.71229475E-12   -3.29836626E-12    3.69052354E-12
   2.01406186E+01    1.48613337E-12   -1.80322254E-12    2.01668931E-12
   2.06483822E+01    8.03110322E-13   -9.72403104E-13    1.08713434E-12
   2.11689469E+01    4.27888241E-13   -5.16976991E-13    5.77910598E-13
   2.17026356E+01    2.24703364E-13   -2.70882767E-13    3.02692657E-13
   2.22497791E+01    1.16269202E-13   -1.39862613E-13    1.56199563E-13
   2.28107165E+01    5.92556064E-14   -7.11299392E-14    7.94053870E-14
   2.33857957E+01    2.97328631E-14   -3.56180115E-14    3.97439250E-14
   2.39753732E+01    1.46829340E-14   -1.75540771E-14    1.95795298E-14
   2.45798144E+01    7.13321039E-15   -8.51146736E-15    9.48972036E-15
   2.51994942E+01    3.40776788E-15   -4.05849508E-15    4.52325884E-15
   2.58347967E+01    1.60022896E-15   -1.90227630E-15    2.11935055E-15
   2.64861157E+01    7.38299343E-16   -8.76073863E-16    9.75708755E-16
   2.71538551E+01    3.34522490E-16   -3.96250778E-16    4.41170912E-16
   2.78384288E+01    1.48785917E-16   -1.75939154E-16    1.95822578E-16
   2.85402613E+01    6.49286068E-17   -7.66498705E-17    8.52866506E-17
   2.92597876E+01    2.77870210E-17   -3.27499285E-17    3.64295493E-17
   2.99974538E+01    1.16562966E-17   -1.37163905E-17    1.52533518E-17
   3.07537172E+01    4.79041598E-18   -5.62834586E-18    6.25736024E-18
   3.15290468E+01    1.92776271E-18   -2.26155107E-18    2.51366537E-18
   3.23239231E+01    7.59226031E-19   -8.89376685E-19    9.88282675E-19
   3.31388390E+01    2.92473790E-19   -3.42120856E-19    3.80080551E-19
   3.39742997E+01    1.10142685E-19   -1.28659512E-19    1.42902959E-19
   3.48308231E+01    4.05261622E-20   -4.72749099E-20    5.24969733E-20
   3.57089403E+01    1.45601068E-20   -1.69622595E-20    1.88321401E-20
   3.66091956E+01    5.10483134E-21   -5.93935101E-21    6.59277919E-21
   3.75321471E+01    1.74548339E-21   -2.02827078E-21    2.25098479E-21
   3.84783671E+01    5.81698191E-22   -6.75109747E-22    7.49097966E-22
   3.94484422E+01    1.88816058E-22   -2.18874666E-22    2.42819144E-22
   4.04429738E+01    5.96563215E-23   -6.90726444E-23    7.66151807E-23
   4.14625785E+01    1.83335650E-23   -2.12032461E-23    2.35147607E-23
   4.25078883E+01    5.47650942E-24   -6.32670422E-24    7.01523910E-24
   4.35795513E+01    1.58902154E-24   -1.83372378E-24    2.03293594E-24
   4.46782320E+01    4.47498312E-25   -5.15867060E-25    5.71824772E-25
   4.58046114E+01    1.22225835E-25   -1.40754793E-25    1.55995202E-25
   4.69593879E+01    3.23534871E-26   -3.72208545E-26    4.12478513E-26
   4.81432773E+01    8.29219244E-27   -9.53038614E-27    1.05542326E-26
   4.93570137E+01    2.05654538E-27   -2.36138127E-27    2.62561821E-27
   5.06013496E+01    4.93083729E-28   -5.65647102E-28    6.08317780E-28
   5.18770562E+01    1.14192802E-28   -1.30879258E-28    1.78029509E-28
   5.31849246E+01    2.55244260E-29    0.00000000E+00    2.46430116E-29
   5.45257656E+01    0.00000000E+00    0.00000000E+00    0.00000000E+00
   5.59004104E+01    0.00000000E+00    0.00000000E+00    0.00000000E+00
   5.73097113E+01    0.00000000E+00    0.00000000E+00    0.00000000E+00
   5.87545419E+01    0.00000000E+00    0.00000000E+00    0.00000000E+00
   6.02357981E+01    0.00000000E+00    0.00000000E+00    0.00000000E+00
   6.17543981E+01    0.00000000E+00    0.00000000E+00    0.00000000E+00
   6.33112834E+01    0.00000000E+00    0.00000000E+00    0.00000000E+00
   6.49074192E+01    0.00000000E+00    0.00000000E+00    0.00000000E+00
   6.65437950E+01    0.00000000E+00    0.00000000E+00    0.00000000E+00
   6.82214255E+01    0.00000000E+00    0.00000000E+00    0.00000000E+00
   6.99413505E+01    0.00000000E+00    0.00000000E+00    0.00000000E+00
   7.17046364E+01    0.00000000E+00    0.00000000E+00    0.00000000E+00
   7.35123764E+01    0.00000000E+00    0.00000000E+00    0.00000000E+00
   7.53656911E+01    0.00000000E+00    0.00000000E+00    0.00000000E+00
   7.72657297E+01    0.00000000E+00    0.00000000E+00    0.00000000E+00
   7.92136699E+01    0.00000000E+00    0.00000000E+00    0.00000000E+00
   8.12107196E+01    0.00000000E+00    0.00000000E+00    0.00000000E+00
   8.32581167E+01    0.00000000E+00    0.00000000E+00    0.00000000E+00
   8.53571305E+01    0.00000000E+00    0.00000000E+00    0.00000000E+00
   8.75090625E+01    0.00000000E+00    0.00000000E+00    0.00000000E+00
   8.97152466E+01    0.00000000E+00    0.00000000E+00    0.00000000E+00
   9.19770507E+01    0.00000000E+00    0.00000000E+00    0.00000000E+00
   9.42958769E+01    0.00000000E+00    0.00000000E+00    0.00000000E+00
   9.66731629E+01    0.00000000E+00    0.00000000E+00    0.00000000E+00
   9.91103824E+01    0.00000000E+00    0.00000000E+00    0.00000000E+00
   1.01609046E+02    0.00000000E+00    0.00000000E+00    0.00000000E+00
   1.04170704E+02    0.00000000E+00    0.00000000E+00    0.00000000E+00
   1.06796944E+02    0.00000000E+00    0.00000000E+00    0.00000000E+00
   1.09489393E+02    0.00000000E+00    0.00000000E+00    0.00000000E+00
   1.12249722E+02    0.00000000E+00    0.00000000E+00    0.00000000E+00
