# Radial wavefunctions and first derivative.
# Energy units: hartree
# Length units: bohr
#
# State: 3p
# Nodes: 
# Peaks:     2.142312  
   3.74165729E-05    6.86381387E-05    1.83443145E+00
   3.83598792E-05    7.03685694E-05    1.83443145E+00
   3.93269671E-05    7.21426259E-05    1.83443144E+00
   4.03184362E-05    7.39614080E-05    1.83443144E+00
   4.13349012E-05    7.58260432E-05    1.83443144E+00
   4.23769921E-05    7.77376876E-05    1.83443144E+00
   4.34453551E-05    7.96975264E-05    1.83443144E+00
   4.45406526E-05    8.17067744E-05    1.83443144E+00
   4.56635635E-05    8.37666775E-05    1.83443143E+00
   4.68147840E-05    8.58785126E-05    1.83443143E+00
   4.79950279E-05    8.80435891E-05    1.83443143E+00
   4.92050268E-05    9.02632490E-05    1.83443143E+00
   5.04455309E-05    9.25388687E-05    1.83443142E+00
   5.17173092E-05    9.48718589E-05    1.83443142E+00
   5.30211502E-05    9.72636658E-05    1.83443142E+00
   5.43578623E-05    9.97157724E-05    1.83443142E+00
   5.57282741E-05    1.02229699E-04    1.83443141E+00
   5.71332353E-05    1.04807004E-04    1.83443141E+00
   5.85736168E-05    1.07449285E-04    1.83443141E+00
   6.00503117E-05    1.10158180E-04    1.83443140E+00
   6.15642354E-05    1.12935370E-04    1.83443140E+00
   6.31163265E-05    1.15782574E-04    1.83443140E+00
   6.47075473E-05    1.18701560E-04    1.83443139E+00
   6.63388842E-05    1.21694135E-04    1.83443139E+00
   6.80113486E-05    1.24762156E-04    1.83443138E+00
   6.97259774E-05    1.27907525E-04    1.83443138E+00
   7.14838335E-05    1.31132192E-04    1.83443138E+00
   7.32860069E-05    1.34438155E-04    1.83443137E+00
   7.51336146E-05    1.37827465E-04    1.83443136E+00
   7.70278023E-05    1.41302222E-04    1.83443136E+00
   7.89697442E-05    1.44864581E-04    1.83443135E+00
   8.09606443E-05    1.48516751E-04    1.83443135E+00
   8.30017367E-05    1.52260995E-04    1.83443134E+00
   8.50942870E-05    1.56099634E-04    1.83443133E+00
   8.72395924E-05    1.60035050E-04    1.83443133E+00
   8.94389830E-05    1.64069681E-04    1.83443132E+00
   9.16938222E-05    1.68206028E-04    1.83443131E+00
   9.40055079E-05    1.72446657E-04    1.83443130E+00
   9.63754734E-05    1.76794196E-04    1.83443129E+00
   9.88051880E-05    1.81251340E-04    1.83443129E+00
   1.01296158E-04    1.85820853E-04    1.83443128E+00
   1.03849927E-04    1.90505568E-04    1.83443127E+00
   1.06468080E-04    1.95308389E-04    1.83443125E+00
   1.09152238E-04    2.00232293E-04    1.83443124E+00
   1.11904067E-04    2.05280333E-04    1.83443123E+00
   1.14725271E-04    2.10455639E-04    1.83443122E+00
   1.17617601E-04    2.15761419E-04    1.83443121E+00
   1.20582849E-04    2.21200963E-04    1.83443119E+00
   1.23622854E-04    2.26777642E-04    1.83443118E+00
   1.26739500E-04    2.32494915E-04    1.83443116E+00
   1.29934720E-04    2.38356326E-04    1.83443115E+00
   1.33210494E-04    2.44365507E-04    1.83443113E+00
   1.36568853E-04    2.50526186E-04    1.83443111E+00
   1.40011880E-04    2.56842182E-04    1.83443109E+00
   1.43541708E-04    2.63317409E-04    1.83443108E+00
   1.47160527E-04    2.69955882E-04    1.83443105E+00
   1.50870580E-04    2.76761718E-04    1.83443103E+00
   1.54674166E-04    2.83739135E-04    1.83443101E+00
   1.58573644E-04    2.90892459E-04    1.83443099E+00
   1.62571432E-04    2.98226124E-04    1.83443096E+00
   1.66670008E-04    3.05744678E-04    1.83443094E+00
   1.70871912E-04    3.13452782E-04    1.83443091E+00
   1.75179751E-04    3.21355214E-04    1.83443088E+00
   1.79596194E-04    3.29456873E-04    1.83443085E+00
   1.84123979E-04    3.37762783E-04    1.83443082E+00
   1.88765915E-04    3.46278092E-04    1.83443078E+00
   1.93524877E-04    3.55008079E-04    1.83443075E+00
   1.98403818E-04    3.63958158E-04    1.83443071E+00
   2.03405761E-04    3.73133876E-04    1.83443067E+00
   2.08533808E-04    3.82540922E-04    1.83443063E+00
   2.13791137E-04    3.92185128E-04    1.83443059E+00
   2.19181009E-04    4.02072473E-04    1.83443054E+00
   2.24706764E-04    4.12209087E-04    1.83443050E+00
   2.30371829E-04    4.22601254E-04    1.83443045E+00
   2.36179715E-04    4.33255417E-04    1.83443039E+00
   2.42134023E-04    4.44178181E-04    1.83443034E+00
   2.48238445E-04    4.55376318E-04    1.83443028E+00
   2.54496765E-04    4.66856770E-04    1.83443022E+00
   2.60912863E-04    4.78626654E-04    1.83443016E+00
   2.67490717E-04    4.90693267E-04    1.83443009E+00
   2.74234404E-04    5.03064090E-04    1.83443002E+00
   2.81148107E-04    5.15746792E-04    1.83442994E+00
   2.88236109E-04    5.28749237E-04    1.83442987E+00
   2.95502807E-04    5.42079484E-04    1.83442978E+00
   3.02952706E-04    5.55745799E-04    1.83442970E+00
   3.10590423E-04    5.69756653E-04    1.83442961E+00
   3.18420693E-04    5.84120734E-04    1.83442951E+00
   3.26448373E-04    5.98846945E-04    1.83442941E+00
   3.34678437E-04    6.13944417E-04    1.83442931E+00
   3.43115989E-04    6.29422509E-04    1.83442919E+00
   3.51766259E-04    6.45290816E-04    1.83442908E+00
   3.60634611E-04    6.61559178E-04    1.83442896E+00
   3.69726542E-04    6.78237679E-04    1.83442883E+00
   3.79047689E-04    6.95336659E-04    1.83442869E+00
   3.88603830E-04    7.12866719E-04    1.83442855E+00
   3.98400891E-04    7.30838726E-04    1.83442840E+00
   4.08444945E-04    7.49263822E-04    1.83442824E+00
   4.18742218E-04    7.68153431E-04    1.83442808E+00
   4.29299096E-04    7.87519262E-04    1.83442791E+00
   4.40122121E-04    8.07373322E-04    1.83442772E+00
   4.51218006E-04    8.27727919E-04    1.83442753E+00
   4.62593628E-04    8.48595671E-04    1.83442733E+00
   4.74256039E-04    8.69989517E-04    1.83442712E+00
   4.86212471E-04    8.91922719E-04    1.83442690E+00
   4.98470336E-04    9.14408874E-04    1.83442666E+00
   5.11037233E-04    9.37461922E-04    1.83442642E+00
   5.23920952E-04    9.61096156E-04    1.83442616E+00
   5.37129482E-04    9.85326228E-04    1.83442589E+00
   5.50671012E-04    1.01016716E-03    1.83442560E+00
   5.64553935E-04    1.03563435E-03    1.83442530E+00
   5.78786861E-04    1.06174358E-03    1.83442499E+00
   5.93378611E-04    1.08851105E-03    1.83442466E+00
   6.08338233E-04    1.11595335E-03    1.83442431E+00
   6.23675000E-04    1.14408748E-03    1.83442394E+00
   6.39398422E-04    1.17293090E-03    1.83442356E+00
   6.55518245E-04    1.20250148E-03    1.83442315E+00
   6.72044464E-04    1.23281756E-03    1.83442273E+00
   6.88987325E-04    1.26389792E-03    1.83442228E+00
   7.06357330E-04    1.29576184E-03    1.83442181E+00
   7.24165250E-04    1.32842908E-03    1.83442132E+00
   7.42422123E-04    1.36191987E-03    1.83442080E+00
   7.61139269E-04    1.39625499E-03    1.83442026E+00
   7.80328292E-04    1.43145571E-03    1.83441968E+00
   8.00001087E-04    1.46754387E-03    1.83441908E+00
   8.20169852E-04    1.50454183E-03    1.83441845E+00
   8.40847090E-04    1.54247253E-03    1.83441778E+00
   8.62045620E-04    1.58135948E-03    1.83441708E+00
   8.83778585E-04    1.62122680E-03    1.83441635E+00
   9.06059458E-04    1.66209919E-03    1.83441558E+00
   9.28902052E-04    1.70400199E-03    1.83441477E+00
   9.52320529E-04    1.74696118E-03    1.83441391E+00
   9.76329407E-04    1.79100339E-03    1.83441302E+00
   1.00094357E-03    1.83615592E-03    1.83441207E+00
   1.02617828E-03    1.88244676E-03    1.83441108E+00
   1.05204918E-03    1.92990462E-03    1.83441004E+00
   1.07857231E-03    1.97855890E-03    1.83440895E+00
   1.10576411E-03    2.02843977E-03    1.83440780E+00
   1.13364145E-03    2.07957815E-03    1.83440659E+00
   1.16222159E-03    2.13200574E-03    1.83440532E+00
   1.19152227E-03    2.18575503E-03    1.83440398E+00
   1.22156164E-03    2.24085936E-03    1.83440258E+00
   1.25235834E-03    2.29735288E-03    1.83440110E+00
   1.28393145E-03    2.35527060E-03    1.83439955E+00
   1.31630054E-03    2.41464842E-03    1.83439792E+00
   1.34948569E-03    2.47552317E-03    1.83439621E+00
   1.38350747E-03    2.53793256E-03    1.83439441E+00
   1.41838697E-03    2.60191528E-03    1.83439252E+00
   1.45414581E-03    2.66751100E-03    1.83439053E+00
   1.49080617E-03    2.73476037E-03    1.83438844E+00
   1.52839077E-03    2.80370508E-03    1.83438624E+00
   1.56692291E-03    2.87438786E-03    1.83438393E+00
   1.60642648E-03    2.94685253E-03    1.83438150E+00
   1.64692597E-03    3.02114400E-03    1.83437895E+00
   1.68844649E-03    3.09730832E-03    1.83437627E+00
   1.73101378E-03    3.17539269E-03    1.83437345E+00
   1.77465424E-03    3.25544551E-03    1.83437049E+00
   1.81939491E-03    3.33751640E-03    1.83436738E+00
   1.86526353E-03    3.42165623E-03    1.83436410E+00
   1.91228854E-03    3.50791715E-03    1.83436066E+00
   1.96049910E-03    3.59635261E-03    1.83435705E+00
   2.00992509E-03    3.68701743E-03    1.83435325E+00
   2.06059715E-03    3.77996779E-03    1.83434925E+00
   2.11254670E-03    3.87526131E-03    1.83434506E+00
   2.16580595E-03    3.97295703E-03    1.83434064E+00
   2.22040792E-03    4.07311551E-03    1.83433601E+00
   2.27638645E-03    4.17579881E-03    1.83433113E+00
   2.33377625E-03    4.28107056E-03    1.83432601E+00
   2.39261290E-03    4.38899600E-03    1.83432062E+00
   2.45293288E-03    4.49964201E-03    1.83431496E+00
   2.51477357E-03    4.61307714E-03    1.83430902E+00
   2.57817333E-03    4.72937170E-03    1.83430276E+00
   2.64317146E-03    4.84859773E-03    1.83429619E+00
   2.70980825E-03    4.97082911E-03    1.83428928E+00
   2.77812501E-03    5.09614157E-03    1.83428203E+00
   2.84816411E-03    5.22461275E-03    1.83427439E+00
   2.91996895E-03    5.35632225E-03    1.83426637E+00
   2.99358406E-03    5.49135166E-03    1.83425795E+00
   3.06905507E-03    5.62978463E-03    1.83424909E+00
   3.14642878E-03    5.77170692E-03    1.83423977E+00
   3.22575315E-03    5.91720645E-03    1.83422999E+00
   3.30707736E-03    6.06637334E-03    1.83421970E+00
   3.39045183E-03    6.21929998E-03    1.83420889E+00
   3.47592824E-03    6.37608110E-03    1.83419752E+00
   3.56355960E-03    6.53681379E-03    1.83418558E+00
   3.65340022E-03    6.70159760E-03    1.83417302E+00
   3.74550581E-03    6.87053458E-03    1.83415983E+00
   3.83993346E-03    7.04372934E-03    1.83414596E+00
   3.93674172E-03    7.22128912E-03    1.83413138E+00
   4.03599061E-03    7.40332386E-03    1.83411606E+00
   4.13774165E-03    7.58994627E-03    1.83409996E+00
   4.24205793E-03    7.78127187E-03    1.83408303E+00
   4.34900412E-03    7.97741912E-03    1.83406524E+00
   4.45864653E-03    8.17850942E-03    1.83404654E+00
   4.57105312E-03    8.38466723E-03    1.83402689E+00
   4.68629358E-03    8.59602015E-03    1.83400623E+00
   4.80443936E-03    8.81269898E-03    1.83398452E+00
   4.92556370E-03    9.03483777E-03    1.83396170E+00
   5.04974170E-03    9.26257399E-03    1.83393772E+00
   5.17705035E-03    9.49604851E-03    1.83391251E+00
   5.30756856E-03    9.73540577E-03    1.83388601E+00
   5.44137725E-03    9.98079381E-03    1.83385817E+00
   5.57855939E-03    1.02323644E-02    1.83382890E+00
   5.71920001E-03    1.04902731E-02    1.83379813E+00
   5.86338632E-03    1.07546793E-02    1.83376580E+00
   6.01120769E-03    1.10257466E-02    1.83373181E+00
   6.16275578E-03    1.13036425E-02    1.83369609E+00
   6.31812453E-03    1.15885386E-02    1.83365855E+00
   6.47741028E-03    1.18806112E-02    1.83361909E+00
   6.64071176E-03    1.21800405E-02    1.83357762E+00
   6.80813022E-03    1.24870116E-02    1.83353402E+00
   6.97976946E-03    1.28017141E-02    1.83348821E+00
   7.15573588E-03    1.31243422E-02    1.83344005E+00
   7.33613858E-03    1.34550952E-02    1.83338944E+00
   7.52108940E-03    1.37941772E-02    1.83333624E+00
   7.71070299E-03    1.41417974E-02    1.83328033E+00
   7.90509692E-03    1.44981703E-02    1.83322156E+00
   8.10439170E-03    1.48635156E-02    1.83315979E+00
   8.30871089E-03    1.52380587E-02    1.83309487E+00
   8.51818115E-03    1.56220305E-02    1.83302664E+00
   8.73293235E-03    1.60156675E-02    1.83295493E+00
   8.95309762E-03    1.64192122E-02    1.83287955E+00
   9.17881346E-03    1.68329133E-02    1.83280033E+00
   9.41021981E-03    1.72570253E-02    1.83271706E+00
   9.64746013E-03    1.76918094E-02    1.83262954E+00
   9.89068149E-03    1.81375329E-02    1.83253756E+00
   1.01400347E-02    1.85944700E-02    1.83244088E+00
   1.03956743E-02    1.90629015E-02    1.83233927E+00
   1.06577588E-02    1.95431154E-02    1.83223247E+00
   1.09264508E-02    2.00354064E-02    1.83212023E+00
   1.12019167E-02    2.05400769E-02    1.83200225E+00
   1.14843273E-02    2.10574364E-02    1.83187826E+00
   1.17738578E-02    2.15878022E-02    1.83174793E+00
   1.20706876E-02    2.21314993E-02    1.83161096E+00
   1.23750007E-02    2.26888608E-02    1.83146700E+00
   1.26869859E-02    2.32602279E-02    1.83131569E+00
   1.30068365E-02    2.38459500E-02    1.83115666E+00
   1.33347509E-02    2.44463852E-02    1.83098952E+00
   1.36709322E-02    2.50619004E-02    1.83081385E+00
   1.40155890E-02    2.56928711E-02    1.83062922E+00
   1.43689349E-02    2.63396824E-02    1.83043517E+00
   1.47311890E-02    2.70027282E-02    1.83023123E+00
   1.51025759E-02    2.76824124E-02    1.83001688E+00
   1.54833258E-02    2.83791483E-02    1.82979159E+00
   1.58736747E-02    2.90933595E-02    1.82955482E+00
   1.62738646E-02    2.98254794E-02    1.82930596E+00
   1.66841438E-02    3.05759520E-02    1.82904442E+00
   1.71047664E-02    3.13452319E-02    1.82876954E+00
   1.75359933E-02    3.21337846E-02    1.82848064E+00
   1.79780919E-02    3.29420864E-02    1.82817702E+00
   1.84313362E-02    3.37706251E-02    1.82785791E+00
   1.88960071E-02    3.46199000E-02    1.82752253E+00
   1.93723929E-02    3.54904221E-02    1.82717005E+00
   1.98607888E-02    3.63827144E-02    1.82679961E+00
   2.03614976E-02    3.72973119E-02    1.82641029E+00
   2.08748297E-02    3.82347624E-02    1.82600112E+00
   2.14011034E-02    3.91956261E-02    1.82557110E+00
   2.19406449E-02    4.01804761E-02    1.82511917E+00
   2.24937888E-02    4.11898988E-02    1.82464422E+00
   2.30608780E-02    4.22244938E-02    1.82414506E+00
   2.36422640E-02    4.32848743E-02    1.82362048E+00
   2.42383072E-02    4.43716674E-02    1.82306918E+00
   2.48493773E-02    4.54855141E-02    1.82248981E+00
   2.54758530E-02    4.66270698E-02    1.82188093E+00
   2.61181227E-02    4.77970041E-02    1.82124105E+00
   2.67765847E-02    4.89960016E-02    1.82056860E+00
   2.74516471E-02    5.02247614E-02    1.81986191E+00
   2.81437284E-02    5.14839979E-02    1.81911927E+00
   2.88532577E-02    5.27744407E-02    1.81833884E+00
   2.95806749E-02    5.40968346E-02    1.81751871E+00
   3.03264310E-02    5.54519402E-02    1.81665686E+00
   3.10909883E-02    5.68405336E-02    1.81575118E+00
   3.18748208E-02    5.82634069E-02    1.81479945E+00
   3.26784144E-02    5.97213679E-02    1.81379935E+00
   3.35022673E-02    6.12152408E-02    1.81274842E+00
   3.43468904E-02    6.27458654E-02    1.81164410E+00
   3.52128071E-02    6.43140980E-02    1.81048368E+00
   3.61005545E-02    6.59208111E-02    1.80926433E+00
   3.70106827E-02    6.75668930E-02    1.80798308E+00
   3.79437561E-02    6.92532485E-02    1.80663681E+00
   3.89003532E-02    7.09807981E-02    1.80522222E+00
   3.98810670E-02    7.27504785E-02    1.80373589E+00
   4.08865054E-02    7.45632421E-02    1.80217420E+00
   4.19172919E-02    7.64200567E-02    1.80053336E+00
   4.29740655E-02    7.83219055E-02    1.79880938E+00
   4.40574813E-02    8.02697869E-02    1.79699810E+00
   4.51682110E-02    8.22647135E-02    1.79509512E+00
   4.63069432E-02    8.43077125E-02    1.79309586E+00
   4.74743840E-02    8.63998246E-02    1.79099547E+00
   4.86712569E-02    8.85421036E-02    1.78878892E+00
   4.98983042E-02    9.07356157E-02    1.78647088E+00
   5.11562864E-02    9.29814389E-02    1.78403578E+00
   5.24459836E-02    9.52806619E-02    1.78147779E+00
   5.37681951E-02    9.76343833E-02    1.77879079E+00
   5.51237409E-02    1.00043710E-01    1.77596836E+00
   5.65134612E-02    1.02509758E-01    1.77300377E+00
   5.79382177E-02    1.05033647E-01    1.76988996E+00
   5.93988935E-02    1.07616504E-01    1.76661954E+00
   6.08963944E-02    1.10259457E-01    1.76318477E+00
   6.24316486E-02    1.12963636E-01    1.75957755E+00
   6.40056080E-02    1.15730170E-01    1.75578936E+00
   6.56192484E-02    1.18560186E-01    1.75181131E+00
   6.72735702E-02    1.21454804E-01    1.74763409E+00
   6.89695989E-02    1.24415137E-01    1.74324795E+00
   7.07083860E-02    1.27442286E-01    1.73864268E+00
   7.24910096E-02    1.30537339E-01    1.73380759E+00
   7.43185748E-02    1.33701365E-01    1.72873154E+00
   7.61922146E-02    1.36935413E-01    1.72340284E+00
   7.81130905E-02    1.40240505E-01    1.71780928E+00
   8.00823935E-02    1.43617634E-01    1.71193811E+00
   8.21013445E-02    1.47067757E-01    1.70577602E+00
   8.41711951E-02    1.50591791E-01    1.69930908E+00
   8.62932285E-02    1.54190610E-01    1.69252279E+00
   8.84687603E-02    1.57865031E-01    1.68540199E+00
   9.06991393E-02    1.61615816E-01    1.67793087E+00
   9.29857482E-02    1.65443661E-01    1.67009299E+00
   9.53300046E-02    1.69349187E-01    1.66187118E+00
   9.77333619E-02    1.73332934E-01    1.65324759E+00
   1.00197310E-01    1.77395350E-01    1.64420363E+00
   1.02723377E-01    1.81536785E-01    1.63471999E+00
   1.05313128E-01    1.85757475E-01    1.62477657E+00
   1.07968169E-01    1.90057537E-01    1.61435254E+00
   1.10690146E-01    1.94436952E-01    1.60342628E+00
   1.13480746E-01    1.98895555E-01    1.59197537E+00
   1.16341700E-01    2.03433022E-01    1.57997660E+00
   1.19274782E-01    2.08048853E-01    1.56740596E+00
   1.22281809E-01    2.12742359E-01    1.55423867E+00
   1.25364646E-01    2.17512643E-01    1.54044914E+00
   1.28525205E-01    2.22358585E-01    1.52601100E+00
   1.31765443E-01    2.27278824E-01    1.51089713E+00
   1.35087372E-01    2.32271733E-01    1.49507967E+00
   1.38493049E-01    2.37335406E-01    1.47853007E+00
   1.41984586E-01    2.42467628E-01    1.46121912E+00
   1.45564149E-01    2.47665860E-01    1.44311699E+00
   1.49233955E-01    2.52927209E-01    1.42419333E+00
   1.52996281E-01    2.58248404E-01    1.40441729E+00
   1.56853458E-01    2.63625770E-01    1.38375768E+00
   1.60807878E-01    2.69055201E-01    1.36218303E+00
   1.64861993E-01    2.74532132E-01    1.33966174E+00
   1.69018316E-01    2.80051504E-01    1.31616221E+00
   1.73279423E-01    2.85607742E-01    1.29165301E+00
   1.77647957E-01    2.91194717E-01    1.26610309E+00
   1.82126626E-01    2.96805718E-01    1.23948200E+00
   1.86718206E-01    3.02433418E-01    1.21176010E+00
   1.91425544E-01    3.08069843E-01    1.18290891E+00
   1.96251559E-01    3.13706340E-01    1.15290136E+00
   2.01199241E-01    3.19333545E-01    1.12171219E+00
   2.06271660E-01    3.24941353E-01    1.08931833E+00
   2.11471958E-01    3.30518892E-01    1.05569933E+00
   2.16803361E-01    3.36054490E-01    1.02083786E+00
   2.22269174E-01    3.41535657E-01    9.84720217E-01
   2.27872785E-01    3.46949063E-01    9.47336934E-01
   2.33617667E-01    3.52280521E-01    9.08683389E-01
   2.39507384E-01    3.57514975E-01    8.68760499E-01
   2.45545586E-01    3.62636501E-01    8.27575446E-01
   2.51736017E-01    3.67628304E-01    7.85142464E-01
   2.58082514E-01    3.72472734E-01    7.41483670E-01
   2.64589012E-01    3.77151308E-01    6.96629932E-01
   2.71259545E-01    3.81644743E-01    6.50621786E-01
   2.78098248E-01    3.85933006E-01    6.03510369E-01
   2.85109361E-01    3.89995372E-01    5.55358372E-01
   2.92297231E-01    3.93810512E-01    5.06241003E-01
   2.99666313E-01    3.97356583E-01    4.56246927E-01
   3.07221177E-01    4.00611350E-01    4.05479173E-01
   3.14966506E-01    4.03552330E-01    3.54055986E-01
   3.22907102E-01    4.06156952E-01    3.02111579E-01
   3.31047888E-01    4.08402749E-01    2.49796775E-01
   3.39393910E-01    4.10267572E-01    1.97279480E-01
   3.47950344E-01    4.11729837E-01    1.44744962E-01
   3.56722493E-01    4.12768787E-01    9.23958805E-02
   3.65715795E-01    4.13364799E-01    4.04520308E-02
   3.74935828E-01    4.13499694E-01   -1.08502558E-02
   3.84388306E-01    4.13157093E-01   -6.12590936E-02
   3.94079089E-01    4.12322775E-01   -1.10508455E-01
   4.04014186E-01    4.10985062E-01   -1.58320053E-01
   4.14199756E-01    4.09135214E-01   -2.04405722E-01
   4.24642114E-01    4.06767824E-01   -2.48470324E-01
   4.35347733E-01    4.03881213E-01   -2.90215173E-01
   4.46323251E-01    4.00477812E-01   -3.29341978E-01
   4.57575471E-01    3.96564521E-01   -3.65557257E-01
   4.69111370E-01    3.92153038E-01   -3.98577163E-01
   4.80938100E-01    3.87260134E-01   -4.28132637E-01
   4.93062993E-01    3.81907885E-01   -4.53974760E-01
   5.05493566E-01    3.76123822E-01   -4.75880162E-01
   5.18237525E-01    3.69941009E-01   -4.93656311E-01
   5.31302770E-01    3.63398038E-01   -5.07146474E-01
   5.44697403E-01    3.56538918E-01   -5.16234151E-01
   5.58429726E-01    3.49412875E-01   -5.20846751E-01
   5.72508255E-01    3.42074053E-01   -5.20958301E-01
   5.86941715E-01    3.34581115E-01   -5.16590995E-01
   6.01739057E-01    3.26996765E-01   -5.07815430E-01
   6.16909453E-01    3.19387192E-01   -4.94749429E-01
   6.32462309E-01    3.11821461E-01   -4.77555423E-01
   6.48407267E-01    3.04370864E-01   -4.56436455E-01
   6.64754212E-01    2.97108265E-01   -4.31630953E-01
   6.81513278E-01    2.90107445E-01   -4.03406547E-01
   6.98694856E-01    2.83442487E-01   -3.72053315E-01
   7.16309598E-01    2.77187203E-01   -3.37876938E-01
   7.34368423E-01    2.71414622E-01   -3.01192390E-01
   7.52882528E-01    2.66196532E-01   -2.62318862E-01
   7.71863390E-01    2.61603057E-01   -2.21576741E-01
   7.91322778E-01    2.57702231E-01   -1.79287525E-01
   8.11272754E-01    2.54559509E-01   -1.35777610E-01
   8.31725688E-01    2.52237103E-01   -9.13868633E-02
   8.52694259E-01    2.50793039E-01   -4.64828010E-02
   8.74191468E-01    2.50279738E-01   -1.48086571E-03
   8.96230640E-01    2.50741952E-01    4.31292756E-02
   9.18825441E-01    2.52213820E-01    8.67525912E-02
   9.41989877E-01    2.54714867E-01    1.28655628E-01
   9.65738310E-01    2.58244804E-01    1.67937114E-01
   9.90085463E-01    2.62777200E-01    2.03511371E-01
   1.01504643E+00    2.68252352E-01    2.34117922E-01
   1.04063669E+00    2.74570196E-01    2.58374561E-01
   1.06687210E+00    2.81584694E-01    2.74892566E-01
   1.09376893E+00    2.89101871E-01    2.82468279E-01
   1.12134385E+00    2.96884237E-01    2.80350296E-01
   1.14961396E+00    3.04664363E-01    2.68551809E-01
   1.17859679E+00    3.12169252E-01    2.48131555E-01
   1.20831030E+00    3.19154217E-01    2.21308396E-01
   1.23877292E+00    3.25439537E-01    1.91213184E-01
   1.27000352E+00    3.30934834E-01    1.61024659E-01
   1.30202148E+00    3.35625762E-01    1.32397734E-01
   1.33484664E+00    3.39523297E-01    1.05466523E-01
   1.36849936E+00    3.42641004E-01    8.02001030E-02
   1.40300049E+00    3.44993954E-01    5.65656227E-02
   1.43837142E+00    3.46598724E-01    3.45286116E-02
   1.47463409E+00    3.47473373E-01    1.40532034E-02
   1.51181098E+00    3.47637432E-01   -4.89779870E-03
   1.54992513E+00    3.47111885E-01   -2.23629262E-02
   1.58900017E+00    3.45919137E-01   -3.83821043E-02
   1.62906033E+00    3.44082978E-01   -5.29967488E-02
   1.67013044E+00    3.41628529E-01   -6.62498512E-02
   1.71223597E+00    3.38582171E-01   -7.81860545E-02
   1.75540301E+00    3.34971467E-01   -8.88516960E-02
   1.79965834E+00    3.30825067E-01   -9.82948091E-02
   1.84502939E+00    3.26172597E-01   -1.06565075E-01
   1.89154428E+00    3.21044538E-01   -1.13713728E-01
   1.93923185E+00    3.15472100E-01   -1.19793424E-01
   1.98812168E+00    3.09487079E-01   -1.24858048E-01
   2.03824406E+00    3.03121712E-01   -1.28962503E-01
   2.08963007E+00    2.96408532E-01   -1.32162467E-01
   2.14231157E+00    2.89380214E-01   -1.34514115E-01
   2.19632122E+00    2.82069421E-01   -1.36073840E-01
   2.25169250E+00    2.74508663E-01   -1.36897962E-01
   2.30845974E+00    2.66730143E-01   -1.37042425E-01
   2.36665814E+00    2.58765620E-01   -1.36562517E-01
   2.42632377E+00    2.50646282E-01   -1.35512607E-01
   2.48749363E+00    2.42402612E-01   -1.33945854E-01
   2.55020564E+00    2.34064276E-01   -1.31913991E-01
   2.61449867E+00    2.25660018E-01   -1.29467099E-01
   2.68041260E+00    2.17217564E-01   -1.26653419E-01
   2.74798827E+00    2.08763534E-01   -1.23519184E-01
   2.81726759E+00    2.00323372E-01   -1.20108486E-01
   2.88829350E+00    1.91921281E-01   -1.16463166E-01
   2.96111004E+00    1.83580172E-01   -1.12622733E-01
   3.03576235E+00    1.75321617E-01   -1.08624311E-01
   3.11229672E+00    1.67165824E-01   -1.04502605E-01
   3.19076059E+00    1.59131610E-01   -1.00289898E-01
   3.27120260E+00    1.51236385E-01   -9.60160614E-02
   3.35367264E+00    1.43496151E-01   -9.17085886E-02
   3.43822182E+00    1.35925501E-01   -8.73926406E-02
   3.52490256E+00    1.28537628E-01   -8.30911090E-02
   3.61376860E+00    1.21344338E-01   -7.88246894E-02
   3.70487504E+00    1.14356075E-01   -7.46119573E-02
   3.79827835E+00    1.07581941E-01   -7.04694692E-02
   3.89403645E+00    1.01029731E-01   -6.64118449E-02
   3.99220870E+00    9.47059636E-02   -6.24518711E-02
   4.09285596E+00    8.86159217E-02   -5.86006002E-02
   4.19604063E+00    8.27636911E-02   -5.48674512E-02
   4.30182668E+00    7.71522059E-02   -5.12603100E-02
   4.41027970E+00    7.17832949E-02   -4.77856284E-02
   4.52146691E+00    6.66577301E-02   -4.44485225E-02
   4.63545726E+00    6.17752790E-02   -4.12528668E-02
   4.75232141E+00    5.71347558E-02   -3.82013880E-02
   4.87213182E+00    5.27340783E-02   -3.52957534E-02
   4.99496275E+00    4.85703227E-02   -3.25366583E-02
   5.12089037E+00    4.46397823E-02   -2.99239091E-02
   5.24999273E+00    4.09380255E-02   -2.74565034E-02
   5.38234989E+00    3.74599564E-02   -2.51327072E-02
   5.51804389E+00    3.41998758E-02   -2.29501291E-02
   5.65715886E+00    3.11515419E-02   -2.09057913E-02
   5.79978105E+00    2.83082305E-02   -1.89961973E-02
   5.94599888E+00    2.56628021E-02   -1.72173996E-02
   6.09590299E+00    2.32077550E-02   -1.55650587E-02
   6.24958632E+00    2.09352915E-02   -1.40345057E-02
   6.40714416E+00    1.88373782E-02   -1.26208000E-02
   6.56867416E+00    1.69058020E-02   -1.13187827E-02
   6.73427650E+00    1.51322280E-02   -1.01231287E-02
   6.90405381E+00    1.35082554E-02   -9.02839649E-03
   7.07811137E+00    1.20254690E-02   -8.02907405E-03
   7.25655709E+00    1.06754909E-02   -7.11962290E-03
   7.43950158E+00    9.45002654E-03   -6.29451791E-03
   7.62705827E+00    8.34090885E-03   -5.54828491E-03
   7.81934344E+00    7.34013895E-03   -4.87553466E-03
   8.01647630E+00    6.43992357E-03   -4.27099437E-03
   8.21857905E+00    5.63270610E-03   -3.72953393E-03
   8.42577700E+00    4.91119752E-03   -3.24619147E-03
   8.63819861E+00    4.26839940E-03   -2.81619291E-03
   8.85597556E+00    3.69762546E-03   -2.43497007E-03
   9.07924287E+00    3.19251749E-03   -2.09817429E-03
   9.30813895E+00    2.74705769E-03   -1.80168721E-03
   9.54280571E+00    2.35557778E-03   -1.54162891E-03
   9.78338864E+00    2.01276211E-03   -1.31436147E-03
   1.00300369E+01    1.71365138E-03   -1.11649267E-03
   1.02829034E+01    1.45363781E-03   -9.44873413E-04
   1.05421448E+01    1.22846154E-03   -7.96595789E-04
   1.08079220E+01    1.03420219E-03   -6.68987502E-04
   1.10803997E+01    8.67269819E-04   -5.59605722E-04
   1.13597468E+01    7.24390461E-04   -4.66227007E-04
   1.16461365E+01    6.02594405E-04   -3.86839011E-04
   1.19397463E+01    4.99199644E-04   -3.19628745E-04
   1.22407583E+01    4.11795961E-04   -2.62971228E-04
   1.25493591E+01    3.38227696E-04   -2.15417199E-04
   1.28657400E+01    2.76576359E-04   -1.75680693E-04
   1.31900972E+01    2.25142450E-04   -1.42626117E-04
   1.35226317E+01    1.82428758E-04   -1.15256327E-04
   1.38635497E+01    1.47122136E-04   -9.26997412E-05
   1.42130626E+01    1.18077025E-04   -7.41986842E-05
   1.45713870E+01    9.42991983E-05   -5.90979423E-05
   1.49387451E+01    7.49301091E-05   -4.68338010E-05
   1.53153646E+01    5.92324970E-05   -3.69239963E-05
   1.57014791E+01    4.65764765E-05   -2.89580643E-05
   1.60973278E+01    3.64268828E-05   -2.25886023E-05
   1.65031563E+01    2.83315826E-05   -1.75232386E-05
   1.69192161E+01    2.19106476E-05   -1.35172416E-05
   1.73457651E+01    1.68467465E-05   -1.03669914E-05
   1.77830678E+01    1.28763328E-05   -7.90403030E-06
   1.82313954E+01    9.78184060E-06   -5.98982311E-06
   1.86910257E+01    7.38475380E-06   -4.51113169E-06
   1.91622436E+01    5.53950736E-06   -3.37596415E-06
   1.96453415E+01    4.12815326E-06   -2.51006502E-06
   2.01406186E+01    3.05574417E-06   -1.85385813E-06
   2.06483822E+01    2.24634385E-06   -1.35992800E-06
   2.11689469E+01    1.63966147E-06   -9.90521790E-07
   2.17026356E+01    1.18821240E-06   -7.16201409E-07
   2.22497791E+01    8.54716007E-07   -5.14077138E-07
   2.28107165E+01    6.10174922E-07   -3.66224174E-07
   2.33857957E+01    4.32223220E-07   -2.58887335E-07
   2.39753732E+01    3.03735965E-07   -1.81564619E-07
   2.45798144E+01    2.11705606E-07   -1.26305326E-07
   2.51994942E+01    1.46327137E-07   -8.71344372E-08
   2.58347967E+01    1.00272296E-07   -5.95994687E-08
   2.64861157E+01    6.81092582E-08   -4.04095828E-08
   2.71538551E+01    4.58461191E-08   -2.71529720E-08
   2.78384288E+01    3.05753077E-08   -1.80776304E-08
   2.85402613E+01    2.01979815E-08   -1.19221150E-08
   2.92597876E+01    1.32132887E-08   -7.78662556E-09
   2.99974538E+01    8.55795951E-09   -5.03523190E-09
   3.07537172E+01    5.48626204E-09   -3.22295394E-09
   3.15290468E+01    3.48030032E-09   -2.04145377E-09
   3.23239231E+01    2.18411489E-09   -1.27926387E-09
   3.31388390E+01    1.35560578E-09   -7.92859093E-10
   3.39742997E+01    8.31893564E-10   -4.85874391E-10
   3.48308231E+01    5.04612115E-10   -2.94322124E-10
   3.57089403E+01    3.02462972E-10   -1.76181929E-10
   3.66091956E+01    1.79093834E-10   -1.04185728E-10
   3.75321471E+01    1.04724379E-10   -6.08454368E-11
   3.84783671E+01    6.04559139E-11   -3.50820902E-11
   3.94484422E+01    3.44436682E-11   -1.99634672E-11
   4.04429738E+01    1.93605713E-11   -1.12082494E-11
   4.14625785E+01    1.07328089E-11   -6.20638669E-12
   4.25078883E+01    5.86599723E-12   -3.38832882E-12
   4.35795513E+01    3.15976531E-12   -1.82317755E-12
   4.46782320E+01    1.67681687E-12   -9.66500393E-13
   4.58046114E+01    8.76337589E-13   -5.04593467E-13
   4.69593879E+01    4.50869110E-13   -2.59349688E-13
   4.81432773E+01    2.28257271E-13   -1.31170372E-13
   4.93570137E+01    1.13673461E-13   -6.52614777E-14
   5.06013496E+01    5.56609058E-14   -3.19260485E-14
   5.18770562E+01    2.67860885E-14   -1.53501066E-14
   5.31849246E+01    1.26639132E-14    0.00000000E+00
   5.45257656E+01    0.00000000E+00    0.00000000E+00
   5.59004104E+01    0.00000000E+00    0.00000000E+00
   5.73097113E+01    0.00000000E+00    0.00000000E+00
   5.87545419E+01    0.00000000E+00    0.00000000E+00
   6.02357981E+01    0.00000000E+00    0.00000000E+00
   6.17543981E+01    0.00000000E+00    0.00000000E+00
   6.33112834E+01    0.00000000E+00    0.00000000E+00
   6.49074192E+01    0.00000000E+00    0.00000000E+00
   6.65437950E+01    0.00000000E+00    0.00000000E+00
   6.82214255E+01    0.00000000E+00    0.00000000E+00
   6.99413505E+01    0.00000000E+00    0.00000000E+00
   7.17046364E+01    0.00000000E+00    0.00000000E+00
   7.35123764E+01    0.00000000E+00    0.00000000E+00
   7.53656911E+01    0.00000000E+00    0.00000000E+00
   7.72657297E+01    0.00000000E+00    0.00000000E+00
   7.92136699E+01    0.00000000E+00    0.00000000E+00
   8.12107196E+01    0.00000000E+00    0.00000000E+00
   8.32581167E+01    0.00000000E+00    0.00000000E+00
   8.53571305E+01    0.00000000E+00    0.00000000E+00
   8.75090625E+01    0.00000000E+00    0.00000000E+00
   8.97152466E+01    0.00000000E+00    0.00000000E+00
   9.19770507E+01    0.00000000E+00    0.00000000E+00
   9.42958769E+01    0.00000000E+00    0.00000000E+00
   9.66731629E+01    0.00000000E+00    0.00000000E+00
   9.91103824E+01    0.00000000E+00    0.00000000E+00
   1.01609046E+02    0.00000000E+00    0.00000000E+00
   1.04170704E+02    0.00000000E+00    0.00000000E+00
   1.06796944E+02    0.00000000E+00    0.00000000E+00
   1.09489393E+02    0.00000000E+00    0.00000000E+00
   1.12249722E+02    0.00000000E+00    0.00000000E+00
