# Radial wavefunctions and first derivative.
# Energy units: hartree
# Length units: bohr
#
# State: 4f
# Nodes: 
# Peaks:   109.489393  
   3.74165729E-05    1.36067903E-21    1.09097033E-16
   3.83598792E-05    1.46620726E-21    1.14667248E-16
   3.93269671E-05    1.57991979E-21    1.20521863E-16
   4.03184362E-05    1.70245135E-21    1.26675400E-16
   4.13349012E-05    1.83448592E-21    1.33143121E-16
   4.23769921E-05    1.97676050E-21    1.39941067E-16
   4.34453551E-05    2.13006927E-21    1.47086099E-16
   4.45406526E-05    2.29526799E-21    1.54595938E-16
   4.56635635E-05    2.47327879E-21    1.62489210E-16
   4.68147840E-05    2.66509531E-21    1.70785492E-16
   4.79950279E-05    2.87178827E-21    1.79505361E-16
   4.92050268E-05    3.09451142E-21    1.88670444E-16
   5.04455309E-05    3.33450799E-21    1.98303473E-16
   5.17173092E-05    3.59311763E-21    2.08428339E-16
   5.30211502E-05    3.87178388E-21    2.19070155E-16
   5.43578623E-05    4.17206225E-21    2.30255315E-16
   5.57282741E-05    4.49562887E-21    2.42011561E-16
   5.71332353E-05    4.84428989E-21    2.54368050E-16
   5.85736168E-05    5.21999151E-21    2.67355430E-16
   6.00503117E-05    5.62483088E-21    2.81005912E-16
   6.15642354E-05    6.06106779E-21    2.95353353E-16
   6.31163265E-05    6.53113730E-21    3.10433338E-16
   6.47075473E-05    7.03766332E-21    3.26283267E-16
   6.63388842E-05    7.58347324E-21    3.42942454E-16
   6.80113486E-05    8.17161376E-21    3.60452215E-16
   6.97259774E-05    8.80536785E-21    3.78855980E-16
   7.14838335E-05    9.48827309E-21    3.98199395E-16
   7.32860069E-05    1.02241414E-20    4.18530434E-16
   7.51336146E-05    1.10170805E-20    4.39899524E-16
   7.70278023E-05    1.18715163E-20    4.62359665E-16
   7.89697442E-05    1.27922184E-20    4.85966563E-16
   8.09606443E-05    1.37843261E-20    5.10778768E-16
   8.30017367E-05    1.48533772E-20    5.36857821E-16
   8.50942870E-05    1.60053392E-20    5.64268404E-16
   8.72395924E-05    1.72466423E-20    5.93078501E-16
   8.94389830E-05    1.85842153E-20    6.23359567E-16
   9.16938222E-05    2.00255245E-20    6.55186707E-16
   9.40055079E-05    2.15786153E-20    6.88638858E-16
   9.63754734E-05    2.32521569E-20    7.23798991E-16
   9.88051880E-05    2.50554910E-20    7.60754310E-16
   1.01296158E-04    2.69986836E-20    7.99596473E-16
   1.03849927E-04    2.90925816E-20    8.40421817E-16
   1.06468080E-04    3.13488731E-20    8.83331598E-16
   1.09152238E-04    3.37801525E-20    9.28432243E-16
   1.11904067E-04    3.63999912E-20    9.75835610E-16
   1.14725271E-04    3.92230129E-20    1.02565927E-15
   1.17617601E-04    4.22649757E-20    1.07802680E-15
   1.20582849E-04    4.55428595E-20    1.13306808E-15
   1.23622854E-04    4.90749615E-20    1.19091963E-15
   1.26739500E-04    5.28809977E-20    1.25172493E-15
   1.29934720E-04    5.69822131E-20    1.31563479E-15
   1.33210494E-04    6.14015006E-20    1.38280773E-15
   1.36568853E-04    6.61635283E-20    1.45341034E-15
   1.40011880E-04    7.12948779E-20    1.52761775E-15
   1.43541708E-04    7.68241921E-20    1.60561399E-15
   1.47160527E-04    8.27823353E-20    1.68759252E-15
   1.50870580E-04    8.92025657E-20    1.77375666E-15
   1.54674166E-04    9.61207207E-20    1.86432012E-15
   1.58573644E-04    1.03575417E-19    1.95950752E-15
   1.62571432E-04    1.11608266E-19    2.05955494E-15
   1.66670008E-04    1.20264108E-19    2.16471053E-15
   1.70871912E-04    1.29591258E-19    2.27523509E-15
   1.75179751E-04    1.39641781E-19    2.39140276E-15
   1.79596194E-04    1.50471778E-19    2.51350164E-15
   1.84123979E-04    1.62141700E-19    2.64183458E-15
   1.88765915E-04    1.74716691E-19    2.77671988E-15
   1.93524877E-04    1.88266942E-19    2.91849206E-15
   1.98403818E-04    2.02868090E-19    3.06750278E-15
   2.03405761E-04    2.18601638E-19    3.22412159E-15
   2.08533808E-04    2.35555410E-19    3.38873696E-15
   2.13791137E-04    2.53824042E-19    3.56175717E-15
   2.19181009E-04    2.73509508E-19    3.74361134E-15
   2.24706764E-04    2.94721691E-19    3.93475053E-15
   2.30371829E-04    3.17578996E-19    4.13564878E-15
   2.36179715E-04    3.42209013E-19    4.34680439E-15
   2.42134023E-04    3.68749224E-19    4.56874106E-15
   2.48238445E-04    3.97347777E-19    4.80200924E-15
   2.54496765E-04    4.28164306E-19    5.04718750E-15
   2.60912863E-04    4.61370828E-19    5.30488393E-15
   2.67490717E-04    4.97152700E-19    5.57573768E-15
   2.74234404E-04    5.35709656E-19    5.86042052E-15
   2.81148107E-04    5.77256918E-19    6.15963854E-15
   2.88236109E-04    6.22026401E-19    6.47413385E-15
   2.95502807E-04    6.70268006E-19    6.80468650E-15
   3.02952706E-04    7.22251015E-19    7.15211630E-15
   3.10590423E-04    7.78265596E-19    7.51728498E-15
   3.18420693E-04    8.38624419E-19    7.90109824E-15
   3.26448373E-04    9.03664404E-19    8.30450801E-15
   3.34678437E-04    9.73748601E-19    8.72851484E-15
   3.43115989E-04    1.04926822E-18    9.17417037E-15
   3.51766259E-04    1.13064480E-18    9.64257992E-15
   3.60634611E-04    1.21833259E-18    1.01349053E-14
   3.69726542E-04    1.31282105E-18    1.06523675E-14
   3.79047689E-04    1.41463762E-18    1.11962500E-14
   3.88603830E-04    1.52435063E-18    1.17679017E-14
   3.98400891E-04    1.64257249E-18    1.23687405E-14
   4.08444945E-04    1.76996311E-18    1.30002565E-14
   4.18742218E-04    1.90723359E-18    1.36640162E-14
   4.29299096E-04    2.05515015E-18    1.43616657E-14
   4.40122121E-04    2.21453846E-18    1.50949354E-14
   4.51218006E-04    2.38628822E-18    1.58656440E-14
   4.62593628E-04    2.57135813E-18    1.66757029E-14
   4.74256039E-04    2.77078124E-18    1.75271213E-14
   4.86212471E-04    2.98567072E-18    1.84220110E-14
   4.98470336E-04    3.21722607E-18    1.93625915E-14
   5.11037233E-04    3.46673982E-18    2.03511955E-14
   5.23920952E-04    3.73560475E-18    2.13902751E-14
   5.37129482E-04    4.02532164E-18    2.24824074E-14
   5.50671012E-04    4.33750769E-18    2.36303012E-14
   5.64553935E-04    4.67390550E-18    2.48368035E-14
   5.78786861E-04    5.03639282E-18    2.61049066E-14
   5.93378611E-04    5.42699305E-18    2.74377558E-14
   6.08338233E-04    5.84788649E-18    2.88386568E-14
   6.23675000E-04    6.30142255E-18    3.03110842E-14
   6.39398422E-04    6.79013285E-18    3.18586899E-14
   6.55518245E-04    7.31674534E-18    3.34853123E-14
   6.72044464E-04    7.88419955E-18    3.51949858E-14
   6.88987325E-04    8.49566298E-18    3.69919509E-14
   7.06357330E-04    9.15454879E-18    3.88806642E-14
   7.24165250E-04    9.86453484E-18    4.08658104E-14
   7.42422123E-04    1.06295842E-17    4.29523129E-14
   7.61139269E-04    1.14539675E-17    4.51453468E-14
   7.80328292E-04    1.23422862E-17    4.74503513E-14
   8.00001087E-04    1.32994989E-17    4.98730434E-14
   8.20169852E-04    1.43309488E-17    5.24194317E-14
   8.40847090E-04    1.54423933E-17    5.50958319E-14
   8.62045620E-04    1.66400365E-17    5.79088821E-14
   8.83778585E-04    1.79305636E-17    6.08655593E-14
   9.06059458E-04    1.93211781E-17    6.39731966E-14
   9.28902052E-04    2.08196425E-17    6.72395018E-14
   9.52320529E-04    2.24343211E-17    7.06725758E-14
   9.76329407E-04    2.41742270E-17    7.42809336E-14
   1.00094357E-03    2.60490721E-17    7.80735246E-14
   1.02617828E-03    2.80693219E-17    8.20597552E-14
   1.05204918E-03    3.02462531E-17    8.62495122E-14
   1.07857231E-03    3.25920174E-17    9.06531871E-14
   1.10576411E-03    3.51197086E-17    9.52817019E-14
   1.13364145E-03    3.78434362E-17    1.00146536E-13
   1.16222159E-03    4.07784039E-17    1.05259756E-13
   1.19152227E-03    4.39409945E-17    1.10634044E-13
   1.22156164E-03    4.73488614E-17    1.16282728E-13
   1.25235834E-03    5.10210272E-17    1.22219818E-13
   1.28393145E-03    5.49779895E-17    1.28460041E-13
   1.31630054E-03    5.92418361E-17    1.35018872E-13
   1.34948569E-03    6.38363673E-17    1.41912580E-13
   1.38350747E-03    6.87872296E-17    1.49158261E-13
   1.41838697E-03    7.41220585E-17    1.56773888E-13
   1.45414581E-03    7.98706326E-17    1.64778347E-13
   1.49080617E-03    8.60650400E-17    1.73191493E-13
   1.52839077E-03    9.27398577E-17    1.82034190E-13
   1.56692291E-03    9.99323439E-17    1.91328371E-13
   1.60642648E-03    1.07682647E-16    2.01097088E-13
   1.64692597E-03    1.16034028E-16    2.11364568E-13
   1.68844649E-03    1.25033104E-16    2.22156277E-13
   1.73101378E-03    1.34730108E-16    2.33498981E-13
   1.77465424E-03    1.45179166E-16    2.45420811E-13
   1.81939491E-03    1.56438607E-16    2.57951336E-13
   1.86526353E-03    1.68571277E-16    2.71121635E-13
   1.91228854E-03    1.81644903E-16    2.84964371E-13
   1.96049910E-03    1.95732458E-16    2.99513878E-13
   2.00992509E-03    2.10912580E-16    3.14806241E-13
   2.06059715E-03    2.27270002E-16    3.30879388E-13
   2.11254670E-03    2.44896030E-16    3.47773183E-13
   2.16580595E-03    2.63889052E-16    3.65529526E-13
   2.22040792E-03    2.84355084E-16    3.84192456E-13
   2.27638645E-03    3.06408367E-16    4.03808260E-13
   2.33377625E-03    3.30172000E-16    4.24425588E-13
   2.39261290E-03    3.55778629E-16    4.46095575E-13
   2.45293288E-03    3.83371189E-16    4.68871966E-13
   2.51477357E-03    4.13103698E-16    4.92811250E-13
   2.57817333E-03    4.45142122E-16    5.17972801E-13
   2.64317146E-03    4.79665294E-16    5.44419022E-13
   2.70980825E-03    5.16865921E-16    5.72215505E-13
   2.77812501E-03    5.56951652E-16    6.01431189E-13
   2.84816411E-03    6.00146242E-16    6.32138533E-13
   2.91996895E-03    6.46690798E-16    6.64413695E-13
   2.99358406E-03    6.96845127E-16    6.98336722E-13
   3.06905507E-03    7.50889184E-16    7.33991747E-13
   3.14642878E-03    8.09124638E-16    7.71467200E-13
   3.22575315E-03    8.71876552E-16    8.10856024E-13
   3.30707736E-03    9.39495199E-16    8.52255907E-13
   3.39045183E-03    1.01235802E-15    8.95769526E-13
   3.47592824E-03    1.09087172E-15    9.41504799E-13
   3.56355960E-03    1.17547456E-15    9.89575154E-13
   3.65340022E-03    1.26663877E-15    1.04009981E-12
   3.74550581E-03    1.36487323E-15    1.09320407E-12
   3.83993346E-03    1.47072625E-15    1.14901964E-12
   3.93674172E-03    1.58478871E-15    1.20768494E-12
   4.03599061E-03    1.70769727E-15    1.26934547E-12
   4.13774165E-03    1.84013799E-15    1.33415415E-12
   4.24205793E-03    1.98285013E-15    1.40227170E-12
   4.34900412E-03    2.13663029E-15    1.47386707E-12
   4.45864653E-03    2.30233683E-15    1.54911780E-12
   4.57105312E-03    2.48089471E-15    1.62821052E-12
   4.68629358E-03    2.67330058E-15    1.71134138E-12
   4.80443936E-03    2.88062843E-15    1.79871655E-12
   4.92556370E-03    3.10403552E-15    1.89055270E-12
   5.04974170E-03    3.34476884E-15    1.98707760E-12
   5.17705035E-03    3.60417212E-15    2.08853061E-12
   5.30756856E-03    3.88369328E-15    2.19516334E-12
   5.44137725E-03    4.18489255E-15    2.30724022E-12
   5.57855939E-03    4.50945112E-15    2.42503920E-12
   5.71920001E-03    4.85918061E-15    2.54885240E-12
   5.86338632E-03    5.23603309E-15    2.67898685E-12
   6.01120769E-03    5.64211205E-15    2.81576529E-12
   6.16275578E-03    6.07968409E-15    2.95952688E-12
   6.31812453E-03    6.55119160E-15    3.11062814E-12
   6.47741028E-03    7.05926637E-15    3.26944376E-12
   6.64071176E-03    7.60674429E-15    3.43636756E-12
   6.80813022E-03    8.19668118E-15    3.61181349E-12
   6.97976946E-03    8.83236984E-15    3.79621658E-12
   7.15573588E-03    9.51735842E-15    3.99003410E-12
   7.33613858E-03    1.02554703E-14    4.19374666E-12
   7.52108940E-03    1.10508251E-14    4.40785938E-12
   7.71070299E-03    1.19078624E-14    4.63290319E-12
   7.90509692E-03    1.28313655E-14    4.86943609E-12
   8.10439170E-03    1.38264891E-14    5.11804457E-12
   8.30871089E-03    1.48987874E-14    5.37934507E-12
   8.51818115E-03    1.60542454E-14    5.65398545E-12
   8.73293235E-03    1.72993121E-14    5.94264669E-12
   8.95309762E-03    1.86409368E-14    6.24604447E-12
   9.17881346E-03    2.00866076E-14    6.56493102E-12
   9.41021981E-03    2.16443932E-14    6.90009696E-12
   9.64746013E-03    2.33229881E-14    7.25237325E-12
   9.89068149E-03    2.51317610E-14    7.62263325E-12
   1.01400347E-02    2.70808071E-14    8.01179489E-12
   1.03956743E-02    2.91810043E-14    8.42082293E-12
   1.06577588E-02    3.14440742E-14    8.85073138E-12
   1.09264508E-02    3.38826473E-14    9.30258595E-12
   1.12019167E-02    3.65103334E-14    9.77750676E-12
   1.14843273E-02    3.93417976E-14    1.02766710E-11
   1.17738578E-02    4.23928424E-14    1.08013161E-11
   1.20706876E-02    4.56804955E-14    1.13527425E-11
   1.23750007E-02    4.92231047E-14    1.19323168E-11
   1.26869859E-02    5.30404408E-14    1.25414757E-11
   1.30068365E-02    5.71538074E-14    1.31817288E-11
   1.33347509E-02    6.15861601E-14    1.38546629E-11
   1.36709322E-02    6.63622341E-14    1.45619458E-11
   1.40155890E-02    7.15086828E-14    1.53053303E-11
   1.43689349E-02    7.70542259E-14    1.60866584E-11
   1.47311890E-02    8.30298099E-14    1.69078662E-11
   1.51025759E-02    8.94687807E-14    1.77709886E-11
   1.54833258E-02    9.64070694E-14    1.86781641E-11
   1.58736747E-02    1.03883393E-13    1.96316404E-11
   1.62738646E-02    1.11939470E-13    2.06337795E-11
   1.66841438E-02    1.20620254E-13    2.16870641E-11
   1.71047664E-02    1.29974182E-13    2.27941034E-11
   1.75359933E-02    1.40053447E-13    2.39576394E-11
   1.79780919E-02    1.50914288E-13    2.51805541E-11
   1.84313362E-02    1.62617305E-13    2.64658761E-11
   1.88960071E-02    1.75227794E-13    2.78167886E-11
   1.93723929E-02    1.88816111E-13    2.92366368E-11
   1.98607888E-02    2.03458070E-13    3.07289363E-11
   2.03614976E-02    2.19235359E-13    3.22973818E-11
   2.08748297E-02    2.36235996E-13    3.39458563E-11
   2.14011034E-02    2.54554825E-13    3.56784404E-11
   2.19406449E-02    2.74294038E-13    3.74994225E-11
   2.24937888E-02    2.95563749E-13    3.94133094E-11
   2.30608780E-02    3.18482604E-13    4.14248373E-11
   2.36422640E-02    3.43178445E-13    4.35389833E-11
   2.42383072E-02    3.69789022E-13    4.57609780E-11
   2.48493773E-02    3.98462759E-13    4.80963179E-11
   2.54758530E-02    4.29359580E-13    5.05507793E-11
   2.61181227E-02    4.62651802E-13    5.31304322E-11
   2.67765847E-02    4.98525092E-13    5.58416553E-11
   2.74516471E-02    5.37179505E-13    5.86911514E-11
   2.81437284E-02    5.78830591E-13    6.16859642E-11
   2.88532577E-02    6.23710603E-13    6.48334953E-11
   2.95806749E-02    6.72069783E-13    6.81415223E-11
   3.03264310E-02    7.24177756E-13    7.16182179E-11
   3.10909883E-02    7.80325034E-13    7.52721695E-11
   3.18748208E-02    8.40824627E-13    7.91124009E-11
   3.26784144E-02    9.06013789E-13    8.31483934E-11
   3.35022673E-02    9.76255887E-13    8.73901096E-11
   3.43468904E-02    1.05194243E-12    9.18480172E-11
   3.52128071E-02    1.13349523E-12    9.65331146E-11
   3.61005545E-02    1.22136878E-12    1.01456958E-10
   3.70106827E-02    1.31605272E-12    1.06631688E-10
   3.79437561E-02    1.41807463E-12    1.12070060E-10
   3.89003532E-02    1.52800291E-12    1.17785478E-10
   3.98810670E-02    1.64644993E-12    1.23792020E-10
   4.08865054E-02    1.77407548E-12    1.30104478E-10
   4.19172919E-02    1.91159038E-12    1.36738393E-10
   4.29740655E-02    2.05976045E-12    1.43710087E-10
   4.40574813E-02    2.21941075E-12    1.51036712E-10
   4.51682110E-02    2.39143014E-12    1.58736279E-10
   4.63069432E-02    2.57677625E-12    1.66827713E-10
   4.74743840E-02    2.77648074E-12    1.75330890E-10
   4.86712569E-02    2.99165502E-12    1.84266688E-10
   4.98983042E-02    3.22349642E-12    1.93657034E-10
   5.11562864E-02    3.47329482E-12    2.03524961E-10
   5.24459836E-02    3.74243974E-12    2.13894657E-10
   5.37681951E-02    4.03242808E-12    2.24791525E-10
   5.51237409E-02    4.34487235E-12    2.36242244E-10
   5.65134612E-02    4.68150960E-12    2.48274827E-10
   5.79382177E-02    5.04421097E-12    2.60918694E-10
   5.93988935E-02    5.43499207E-12    2.74204734E-10
   6.08963944E-02    5.85602404E-12    2.88165379E-10
   6.24316486E-02    6.30964553E-12    3.02834682E-10
   6.40056080E-02    6.79837558E-12    3.18248392E-10
   6.56192484E-02    7.32492748E-12    3.34444040E-10
   6.72735702E-02    7.89222369E-12    3.51461021E-10
   6.89695989E-02    8.50341186E-12    3.69340688E-10
   7.07083860E-02    9.16188216E-12    3.88126444E-10
   7.24910096E-02    9.87128584E-12    4.07863840E-10
   7.43185748E-02    1.06355552E-11    4.28600681E-10
   7.61922146E-02    1.14589252E-11    4.50387127E-10
   7.81130905E-02    1.23459567E-11    4.73275813E-10
   8.00823935E-02    1.33015608E-11    4.97321958E-10
   8.21013445E-02    1.43310267E-11    5.22583491E-10
   8.41711951E-02    1.54400494E-11    5.49121178E-10
   8.62932285E-02    1.66347615E-11    5.76998753E-10
   8.84687603E-02    1.79217660E-11    6.06283055E-10
   9.06991393E-02    1.93081726E-11    6.37044171E-10
   9.29857482E-02    2.08016359E-11    6.69355586E-10
   9.53300046E-02    2.24103970E-11    7.03294340E-10
   9.77333619E-02    2.41433280E-11    7.38941182E-10
   1.00197310E-01    2.60099797E-11    7.76380743E-10
   1.02723377E-01    2.80206332E-11    8.15701707E-10
   1.05313128E-01    3.01863552E-11    8.56996986E-10
   1.07968169E-01    3.25190573E-11    9.00363914E-10
   1.10690146E-01    3.50315596E-11    9.45904430E-10
   1.13480746E-01    3.77376593E-11    9.93725280E-10
   1.16341700E-01    4.06522044E-11    1.04393822E-09
   1.19274782E-01    4.37911721E-11    1.09666023E-09
   1.22281809E-01    4.71717541E-11    1.15201373E-09
   1.25364646E-01    5.08124472E-11    1.21012678E-09
   1.28525205E-01    5.47331507E-11    1.27113337E-09
   1.31765443E-01    5.89552711E-11    1.33517356E-09
   1.35087372E-01    6.35018345E-11    1.40239380E-09
   1.38493049E-01    6.83976063E-11    1.47294716E-09
   1.41984586E-01    7.36692203E-11    1.54699351E-09
   1.45564149E-01    7.93453171E-11    1.62469987E-09
   1.49233955E-01    8.54566912E-11    1.70624059E-09
   1.52996281E-01    9.20364499E-11    1.79179764E-09
   1.56853458E-01    9.91201823E-11    1.88156085E-09
   1.60807878E-01    1.06746141E-10    1.97572818E-09
   1.64861993E-01    1.14955436E-10    2.07450597E-09
   1.69018316E-01    1.23792240E-10    2.17810919E-09
   1.73279423E-01    1.33304015E-10    2.28676169E-09
   1.77647957E-01    1.43541741E-10    2.40069642E-09
   1.82126626E-01    1.54560176E-10    2.52015570E-09
   1.86718206E-01    1.66418121E-10    2.64539141E-09
   1.91425544E-01    1.79178709E-10    2.77666521E-09
   1.96251559E-01    1.92909709E-10    2.91424874E-09
   2.01199241E-01    2.07683856E-10    3.05842373E-09
   2.06271660E-01    2.23579194E-10    3.20948224E-09
   2.11471958E-01    2.40679446E-10    3.36772668E-09
   2.16803361E-01    2.59074407E-10    3.53346997E-09
   2.22269174E-01    2.78860360E-10    3.70703550E-09
   2.27872785E-01    3.00140517E-10    3.88875722E-09
   2.33617667E-01    3.23025489E-10    4.07897952E-09
   2.39507384E-01    3.47633776E-10    4.27805714E-09
   2.45545586E-01    3.74092298E-10    4.48635498E-09
   2.51736017E-01    4.02536943E-10    4.70424790E-09
   2.58082514E-01    4.33113153E-10    4.93212032E-09
   2.64589012E-01    4.65976540E-10    5.17036582E-09
   2.71259545E-01    5.01293529E-10    5.41938663E-09
   2.78098248E-01    5.39242042E-10    5.67959295E-09
   2.85109361E-01    5.80012205E-10    5.95140221E-09
   2.92297231E-01    6.23807099E-10    6.23523815E-09
   2.99666313E-01    6.70843531E-10    6.53152973E-09
   3.07221177E-01    7.21352852E-10    6.84070992E-09
   3.14966506E-01    7.75581794E-10    7.16321428E-09
   3.22907102E-01    8.33793347E-10    7.49947935E-09
   3.31047888E-01    8.96267658E-10    7.84994078E-09
   3.39393910E-01    9.63302965E-10    8.21503132E-09
   3.47950344E-01    1.03521655E-09    8.59517844E-09
   3.56722493E-01    1.11234570E-09    8.99080182E-09
   3.65715795E-01    1.19504874E-09    9.40231041E-09
   3.74935828E-01    1.28370599E-09    9.83009933E-09
   3.84388306E-01    1.37872080E-09    1.02745464E-08
   3.94079089E-01    1.48052056E-09    1.07360082E-08
   4.04014186E-01    1.58955773E-09    1.12148161E-08
   4.14199756E-01    1.70631076E-09    1.17112719E-08
   4.24642114E-01    1.83128512E-09    1.22256427E-08
   4.35347733E-01    1.96501419E-09    1.27581560E-08
   4.46323251E-01    2.10806014E-09    1.33089942E-08
   4.57575471E-01    2.26101473E-09    1.38782887E-08
   4.69111370E-01    2.42450006E-09    1.44661142E-08
   4.80938100E-01    2.59916918E-09    1.50724820E-08
   4.93062993E-01    2.78570663E-09    1.56973340E-08
   5.05493566E-01    2.98482885E-09    1.63405360E-08
   5.18237525E-01    3.19728435E-09    1.70018713E-08
   5.31302770E-01    3.42385389E-09    1.76810340E-08
   5.44697403E-01    3.66535029E-09    1.83776236E-08
   5.58429726E-01    3.92261816E-09    1.90911384E-08
   5.72508255E-01    4.19653335E-09    1.98209712E-08
   5.86941715E-01    4.48800219E-09    2.05664050E-08
   6.01739057E-01    4.79796049E-09    2.13266095E-08
   6.16909453E-01    5.12737231E-09    2.21006400E-08
   6.32462309E-01    5.47722843E-09    2.28874374E-08
   6.48407267E-01    5.84854466E-09    2.36858303E-08
   6.64754212E-01    6.24235988E-09    2.44945400E-08
   6.81513278E-01    6.65973396E-09    2.53121884E-08
   6.98694856E-01    7.10174554E-09    2.61373087E-08
   7.16309598E-01    7.56948968E-09    2.69683608E-08
   7.34368423E-01    8.06407567E-09    2.78037505E-08
   7.52882528E-01    8.58662485E-09    2.86418533E-08
   7.71863390E-01    9.13826881E-09    2.94810434E-08
   7.91322778E-01    9.72014795E-09    3.03197284E-08
   8.11272754E-01    1.03334107E-08    3.11563886E-08
   8.31725688E-01    1.09792136E-08    3.19896225E-08
   8.52694259E-01    1.16587225E-08    3.28181976E-08
   8.74191468E-01    1.23731148E-08    3.36411054E-08
   8.96230640E-01    1.31235842E-08    3.44576215E-08
   9.18825441E-01    1.39113461E-08    3.52673678E-08
   9.41989877E-01    1.47376467E-08    3.60703764E-08
   9.65738310E-01    1.56037735E-08    3.68671539E-08
   9.90085463E-01    1.65110693E-08    3.76587413E-08
   1.01504643E+00    1.74609490E-08    3.84467687E-08
   1.04063669E+00    1.84549196E-08    3.92335008E-08
   1.06687210E+00    1.94946038E-08    4.00218675E-08
   1.09376893E+00    2.05817660E-08    4.08154771E-08
   1.12134385E+00    2.17183414E-08    4.16186052E-08
   1.14961396E+00    2.29064679E-08    4.24361549E-08
   1.17859679E+00    2.41485185E-08    4.32735825E-08
   1.20831030E+00    2.54471348E-08    4.41367832E-08
   1.23877292E+00    2.68052585E-08    4.50319325E-08
   1.27000352E+00    2.82261606E-08    4.59652797E-08
   1.30202148E+00    2.97134648E-08    4.69428932E-08
   1.33484664E+00    3.12711628E-08    4.79703593E-08
   1.36849936E+00    3.29036197E-08    4.90524427E-08
   1.40300049E+00    3.46155654E-08    5.01927243E-08
   1.43837142E+00    3.64120699E-08    5.13932396E-08
   1.47463409E+00    3.82985022E-08    5.26541563E-08
   1.51181098E+00    4.02804708E-08    5.39735438E-08
   1.54992513E+00    4.23637508E-08    5.53473030E-08
   1.58900017E+00    4.45542019E-08    5.67693421E-08
   1.62906033E+00    4.68576889E-08    5.82320892E-08
   1.67013044E+00    4.92800236E-08    5.97274251E-08
   1.71223597E+00    5.18269466E-08    6.12480665E-08
   1.75540301E+00    5.45041783E-08    6.27893174E-08
   1.79965834E+00    5.73175564E-08    6.43508709E-08
   1.84502939E+00    6.02732625E-08    6.59379191E-08
   1.89154428E+00    6.33780853E-08    6.75601031E-08
   1.93923185E+00    6.66395644E-08    6.92259067E-08
   1.98812168E+00    7.00658577E-08    7.09389301E-08
   2.03824406E+00    7.36656326E-08    7.27016783E-08
   2.08963007E+00    7.74480788E-08    7.45166672E-08
   2.14231157E+00    8.14229382E-08    7.63864443E-08
   2.19632122E+00    8.56005371E-08    7.83135770E-08
   2.25169250E+00    8.99918193E-08    8.03006432E-08
   2.30845974E+00    9.46083795E-08    8.23502223E-08
   2.36665814E+00    9.94624991E-08    8.44648898E-08
   2.42632377E+00    1.04567182E-07    8.66472130E-08
   2.48749363E+00    1.09936195E-07    8.88997499E-08
   2.55020564E+00    1.15584105E-07    9.12250496E-08
   2.61449867E+00    1.21526321E-07    9.36256568E-08
   2.68041260E+00    1.27779142E-07    9.61041169E-08
   2.74798827E+00    1.34359800E-07    9.86629864E-08
   2.81726759E+00    1.41286511E-07    1.01304844E-07
   2.88829350E+00    1.48578527E-07    1.04032306E-07
   2.96111004E+00    1.56256198E-07    1.06848045E-07
   3.03576235E+00    1.64341025E-07    1.09754808E-07
   3.11229672E+00    1.72855734E-07    1.12755444E-07
   3.19076059E+00    1.81824344E-07    1.15852929E-07
   3.27120260E+00    1.91272245E-07    1.19050398E-07
   3.35367264E+00    2.01226285E-07    1.22351172E-07
   3.43822182E+00    2.11714865E-07    1.25758804E-07
   3.52490256E+00    2.22768034E-07    1.29277110E-07
   3.61376860E+00    2.34417613E-07    1.32910213E-07
   3.70487504E+00    2.46697308E-07    1.36662590E-07
   3.79827835E+00    2.59642852E-07    1.40539118E-07
   3.89403645E+00    2.73292154E-07    1.44545125E-07
   3.99220870E+00    2.87685467E-07    1.48686442E-07
   4.09285596E+00    3.02865565E-07    1.52969462E-07
   4.19604063E+00    3.18877950E-07    1.57401196E-07
   4.30182668E+00    3.35771074E-07    1.61989332E-07
   4.41027970E+00    3.53596582E-07    1.66742304E-07
   4.52146691E+00    3.72409585E-07    1.71669352E-07
   4.63545726E+00    3.92268959E-07    1.76780593E-07
   4.75232141E+00    4.13237670E-07    1.82087086E-07
   4.87213182E+00    4.35383141E-07    1.87600907E-07
   4.99496275E+00    4.58777645E-07    1.93335221E-07
   5.12089037E+00    4.83498743E-07    1.99304352E-07
   5.24999273E+00    5.09629768E-07    2.05523860E-07
   5.38234989E+00    5.37260341E-07    2.12010616E-07
   5.51804389E+00    5.66486958E-07    2.18782877E-07
   5.65715886E+00    5.97413608E-07    2.25860360E-07
   5.79978105E+00    6.30152470E-07    2.33264322E-07
   5.94599888E+00    6.64824658E-07    2.41017631E-07
   6.09590299E+00    7.01561039E-07    2.49144840E-07
   6.24958632E+00    7.40503128E-07    2.57672266E-07
   6.40714416E+00    7.81804050E-07    2.66628057E-07
   6.56867416E+00    8.25629595E-07    2.76042270E-07
   6.73427650E+00    8.72159361E-07    2.85946936E-07
   6.90405381E+00    9.21587988E-07    2.96376133E-07
   7.07811137E+00    9.74126497E-07    3.07366057E-07
   7.25655709E+00    1.03000374E-06    3.18955083E-07
   7.43950158E+00    1.08946798E-06    3.31183840E-07
   7.62705827E+00    1.15278854E-06    3.44095270E-07
   7.81934344E+00    1.22025769E-06    3.57734698E-07
   8.01647630E+00    1.29219256E-06    3.72149896E-07
   8.21857905E+00    1.36893727E-06    3.87391148E-07
   8.42577700E+00    1.45086524E-06    4.03511312E-07
   8.63819861E+00    1.53838161E-06    4.20565888E-07
   8.85597556E+00    1.63192589E-06    4.38613087E-07
   9.07924287E+00    1.73197481E-06    4.57713891E-07
   9.30813895E+00    1.83904532E-06    4.77932126E-07
   9.54280571E+00    1.95369791E-06    4.99334531E-07
   9.78338864E+00    2.07654009E-06    5.21990827E-07
   1.00300369E+01    2.20823013E-06    5.45973795E-07
   1.02829034E+01    2.34948111E-06    5.71359354E-07
   1.05421448E+01    2.50106528E-06    5.98226639E-07
   1.08079220E+01    2.66381858E-06    6.26658092E-07
   1.10803997E+01    2.83864573E-06    6.56739553E-07
   1.13597468E+01    3.02652542E-06    6.88560362E-07
   1.16461365E+01    3.22851609E-06    7.22213464E-07
   1.19397463E+01    3.44576196E-06    7.57795530E-07
   1.22407583E+01    3.67949957E-06    7.95407090E-07
   1.25493591E+01    3.93106478E-06    8.35152672E-07
   1.28657400E+01    4.20190025E-06    8.77140968E-07
   1.31900972E+01    4.49356347E-06    9.21485009E-07
   1.35226317E+01    4.80773532E-06    9.68302363E-07
   1.38635497E+01    5.14622935E-06    1.01771535E-06
   1.42130626E+01    5.51100165E-06    1.06985131E-06
   1.45713870E+01    5.90416148E-06    1.12484285E-06
   1.49387451E+01    6.32798267E-06    1.18282815E-06
   1.53153646E+01    6.78491590E-06    1.24395131E-06
   1.57014791E+01    7.27760188E-06    1.30836271E-06
   1.60973278E+01    7.80888555E-06    1.37621939E-06
   1.65031563E+01    8.38183131E-06    1.44768554E-06
   1.69192161E+01    8.99973953E-06    1.52293290E-06
   1.73457651E+01    9.66616424E-06    1.60214134E-06
   1.77830678E+01    1.03849322E-05    1.68549933E-06
   1.82313954E+01    1.11601637E-05    1.77320476E-06
   1.86910257E+01    1.19962945E-05    1.86546455E-06
   1.91622436E+01    1.28981002E-05    1.96249970E-06
   1.96453415E+01    1.38707205E-05    2.06452722E-06
   2.01406186E+01    1.49196964E-05    2.17184082E-06
   2.06483822E+01    1.60509576E-05    2.28447030E-06
   2.11689469E+01    1.72711076E-05    2.40426247E-06
   2.17026356E+01    1.85880491E-05    2.53139686E-06
   2.22497791E+01    2.00092937E-05    2.66423297E-06
   2.28107165E+01    2.15426833E-05    2.80351606E-06
   2.33857957E+01    2.31967464E-05    2.94950346E-06
   2.39753732E+01    2.49806717E-05    3.10261922E-06
   2.45798144E+01    2.69043823E-05    3.26325490E-06
   2.51994942E+01    2.89785831E-05    3.43183250E-06
   2.58347967E+01    3.12148224E-05    3.60878693E-06
   2.64861157E+01    3.36255561E-05    3.79457314E-06
   2.71538551E+01    3.62242165E-05    3.98966571E-06
   2.78384288E+01    3.90252869E-05    4.19456081E-06
   2.85402613E+01    4.20443829E-05    4.40977746E-06
   2.92597876E+01    4.52983388E-05    4.63585901E-06
   2.99974538E+01    4.88053016E-05    4.87337461E-06
   3.07537172E+01    5.25848321E-05    5.12292083E-06
   3.15290468E+01    5.66580139E-05    5.38512316E-06
   3.23239231E+01    6.10475710E-05    5.66063772E-06
   3.31388390E+01    6.57779946E-05    5.95015300E-06
   3.39742997E+01    7.08756795E-05    6.25439154E-06
   3.48308231E+01    7.63690715E-05    6.57411192E-06
   3.57089403E+01    8.22888260E-05    6.91011065E-06
   3.66091956E+01    8.86679791E-05    7.26322416E-06
   3.75321471E+01    9.55421319E-05    7.63433100E-06
   3.84783671E+01    1.02949649E-04    8.02435401E-06
   3.94484422E+01    1.10931873E-04    8.43426264E-06
   4.04429738E+01    1.19533355E-04    8.86507544E-06
   4.14625785E+01    1.28802103E-04    9.31786256E-06
   4.25078883E+01    1.38789850E-04    9.79374846E-06
   4.35795513E+01    1.49552343E-04    1.02939147E-05
   4.46782320E+01    1.61149652E-04    1.08196030E-05
   4.58046114E+01    1.73646511E-04    1.13721180E-05
   4.69593879E+01    1.87112672E-04    1.19528310E-05
   4.81432773E+01    2.01623299E-04    1.25631832E-05
   4.93570137E+01    2.17259387E-04    1.32046888E-05
   5.06013496E+01    2.34108211E-04    1.38789395E-05
   5.18770562E+01    2.52263818E-04    1.45876082E-05
   5.31849246E+01    2.71827549E-04    1.53324529E-05
   5.45257656E+01    2.92908604E-04    1.61153214E-05
   5.59004104E+01    3.15624653E-04    1.69381556E-05
   5.73097113E+01    3.40102493E-04    1.78029966E-05
   5.87545419E+01    3.66478754E-04    1.87119895E-05
   6.02357981E+01    3.94900664E-04    1.96673892E-05
   6.17543981E+01    4.25526868E-04    2.06715652E-05
   6.33112834E+01    4.58528318E-04    2.17270083E-05
   6.49074192E+01    4.94089219E-04    2.28363363E-05
   6.65437950E+01    5.32408069E-04    2.40023005E-05
   6.82214255E+01    5.73698754E-04    2.52277928E-05
   6.99413505E+01    6.18191754E-04    2.65158529E-05
   7.17046364E+01    6.66135419E-04    2.78696751E-05
   7.35123764E+01    7.17797363E-04    2.92926172E-05
   7.53656911E+01    7.73465953E-04    3.07882083E-05
   7.72657297E+01    8.33451922E-04    3.23601578E-05
   7.92136699E+01    8.98090099E-04    3.40123642E-05
   8.12107196E+01    9.67741283E-04    3.57489252E-05
   8.32581167E+01    1.04279425E-03    3.75741476E-05
   8.53571305E+01    1.12366794E-03    3.94925583E-05
   8.75090625E+01    1.21081377E-03    4.15089150E-05
   8.97152466E+01    1.30471816E-03    4.36282183E-05
   9.19770507E+01    1.40590528E-03    4.58557250E-05
   9.42958769E+01    1.51493993E-03    4.81969561E-05
   9.66731629E+01    1.63243073E-03    5.06577331E-05
   9.91103824E+01    1.75903344E-03    5.32440935E-05
   1.01609046E+02    1.89545491E-03    5.59627317E-05
   1.04170704E+02    2.04245584E-03    5.88191915E-05
   1.06796944E+02    2.20086047E-03    6.18260870E-05
   1.09489393E+02    2.37153715E-03    6.49677189E-05
   1.12249722E+02    2.14664855E-03   -7.64954608E-05
