# 
# Energy units: hartree
# Length units: bohr
#
# -----------------------------------
# |       r       |       w(r)      |
# -----------------------------------
   3.74165729E-05    1.20364858E-08
   3.83598792E-05    1.26510379E-08
   3.93269671E-05    1.32969674E-08
   4.03184362E-05    1.39758764E-08
   4.13349012E-05    1.46894488E-08
   4.23769921E-05    1.54394544E-08
   4.34453551E-05    1.62277533E-08
   4.45406526E-05    1.70563007E-08
   4.56635635E-05    1.79271517E-08
   4.68147840E-05    1.88424661E-08
   4.79950279E-05    1.98045140E-08
   4.92050268E-05    2.08156817E-08
   5.04455309E-05    2.18784770E-08
   5.17173092E-05    2.29955359E-08
   5.30211502E-05    2.41696289E-08
   5.43578623E-05    2.54036682E-08
   5.57282741E-05    2.67007143E-08
   5.71332353E-05    2.80639842E-08
   5.85736168E-05    2.94968592E-08
   6.00503117E-05    3.10028932E-08
   6.15642354E-05    3.25858213E-08
   6.31163265E-05    3.42495698E-08
   6.47075473E-05    3.59982649E-08
   6.63388842E-05    3.78362439E-08
   6.80113486E-05    3.97680654E-08
   6.97259774E-05    4.17985208E-08
   7.14838335E-05    4.39326460E-08
   7.32860069E-05    4.61757342E-08
   7.51336146E-05    4.85333487E-08
   7.70278023E-05    5.10113369E-08
   7.89697442E-05    5.36158448E-08
   8.09606443E-05    5.63533323E-08
   8.30017367E-05    5.92305888E-08
   8.50942870E-05    6.22547507E-08
   8.72395924E-05    6.54333185E-08
   8.94389830E-05    6.87741758E-08
   9.16938222E-05    7.22856087E-08
   9.40055079E-05    7.59763264E-08
   9.63754734E-05    7.98554826E-08
   9.88051880E-05    8.39326986E-08
   1.01296158E-04    8.82180867E-08
   1.03849927E-04    9.27222758E-08
   1.06468080E-04    9.74564373E-08
   1.09152238E-04    1.02432313E-07
   1.11904067E-04    1.07662244E-07
   1.14725271E-04    1.13159202E-07
   1.17617601E-04    1.18936820E-07
   1.20582849E-04    1.25009429E-07
   1.23622854E-04    1.31392089E-07
   1.26739500E-04    1.38100632E-07
   1.29934720E-04    1.45151696E-07
   1.33210494E-04    1.52562769E-07
   1.36568853E-04    1.60352232E-07
   1.40011880E-04    1.68539406E-07
   1.43541708E-04    1.77144595E-07
   1.47160527E-04    1.86189143E-07
   1.50870580E-04    1.95695483E-07
   1.54674166E-04    2.05687192E-07
   1.58573644E-04    2.16189052E-07
   1.62571432E-04    2.27227110E-07
   1.66670008E-04    2.38828742E-07
   1.70871912E-04    2.51022725E-07
   1.75179751E-04    2.63839300E-07
   1.79596194E-04    2.77310258E-07
   1.84123979E-04    2.91469007E-07
   1.88765915E-04    3.06350666E-07
   1.93524877E-04    3.21992144E-07
   1.98403818E-04    3.38432236E-07
   2.03405761E-04    3.55711717E-07
   2.08533808E-04    3.73873444E-07
   2.13791137E-04    3.92962461E-07
   2.19181009E-04    4.13026115E-07
   2.24706764E-04    4.34114167E-07
   2.30371829E-04    4.56278921E-07
   2.36179715E-04    4.79575351E-07
   2.42134023E-04    5.04061236E-07
   2.48238445E-04    5.29797307E-07
   2.54496765E-04    5.56847396E-07
   2.60912863E-04    5.85278593E-07
   2.67490717E-04    6.15161414E-07
   2.74234404E-04    6.46569975E-07
   2.81148107E-04    6.79582175E-07
   2.88236109E-04    7.14279894E-07
   2.95502807E-04    7.50749189E-07
   3.02952706E-04    7.89080512E-07
   3.10590423E-04    8.29368933E-07
   3.18420693E-04    8.71714378E-07
   3.26448373E-04    9.16221872E-07
   3.34678437E-04    9.63001803E-07
   3.43115989E-04    1.01217020E-06
   3.51766259E-04    1.06384900E-06
   3.60634611E-04    1.11816639E-06
   3.69726542E-04    1.17525709E-06
   3.79047689E-04    1.23526269E-06
   3.88603830E-04    1.29833203E-06
   3.98400891E-04    1.36462151E-06
   4.08444945E-04    1.43429557E-06
   4.18742218E-04    1.50752701E-06
   4.29299096E-04    1.58449745E-06
   4.40122121E-04    1.66539781E-06
   4.51218006E-04    1.75042873E-06
   4.62593628E-04    1.83980110E-06
   4.74256039E-04    1.93373660E-06
   4.86212471E-04    2.03246820E-06
   4.98470336E-04    2.13624078E-06
   5.11037233E-04    2.24531172E-06
   5.23920952E-04    2.35995154E-06
   5.37129482E-04    2.48044457E-06
   5.50671012E-04    2.60708966E-06
   5.64553935E-04    2.74020092E-06
   5.78786861E-04    2.88010849E-06
   5.93378611E-04    3.02715938E-06
   6.08338233E-04    3.18171830E-06
   6.23675000E-04    3.34416860E-06
   6.39398422E-04    3.51491318E-06
   6.55518245E-04    3.69437554E-06
   6.72044464E-04    3.88300077E-06
   6.88987325E-04    4.08125671E-06
   7.06357330E-04    4.28963508E-06
   7.24165250E-04    4.50865271E-06
   7.42422123E-04    4.73885279E-06
   7.61139269E-04    4.98080629E-06
   7.80328292E-04    5.23511329E-06
   8.00001087E-04    5.50240454E-06
   8.20169852E-04    5.78334297E-06
   8.40847090E-04    6.07862538E-06
   8.62045620E-04    6.38898411E-06
   8.83778585E-04    6.71518895E-06
   9.06059458E-04    7.05804893E-06
   9.28902052E-04    7.41841442E-06
   9.52320529E-04    7.79717922E-06
   9.76329407E-04    8.19528273E-06
   1.00094357E-03    8.61371234E-06
   1.02617828E-03    9.05350583E-06
   1.05204918E-03    9.51575400E-06
   1.07857231E-03    1.00016033E-05
   1.10576411E-03    1.05122588E-05
   1.13364145E-03    1.10489869E-05
   1.16222159E-03    1.16131189E-05
   1.19152227E-03    1.22060540E-05
   1.22156164E-03    1.28292626E-05
   1.25235834E-03    1.34842906E-05
   1.28393145E-03    1.41727626E-05
   1.31630054E-03    1.48963860E-05
   1.34948569E-03    1.56569556E-05
   1.38350747E-03    1.64563577E-05
   1.41838697E-03    1.72965751E-05
   1.45414581E-03    1.81796916E-05
   1.49080617E-03    1.91078975E-05
   1.52839077E-03    2.00834950E-05
   1.56692291E-03    2.11089037E-05
   1.60642648E-03    2.21866669E-05
   1.64692597E-03    2.33194575E-05
   1.68844649E-03    2.45100851E-05
   1.73101378E-03    2.57615027E-05
   1.77465424E-03    2.70768140E-05
   1.81939491E-03    2.84592811E-05
   1.86526353E-03    2.99123330E-05
   1.91228854E-03    3.14395733E-05
   1.96049910E-03    3.30447898E-05
   2.00992509E-03    3.47319639E-05
   2.06059715E-03    3.65052798E-05
   2.11254670E-03    3.83691358E-05
   2.16580595E-03    4.03281545E-05
   2.22040792E-03    4.23871944E-05
   2.27638645E-03    4.45513624E-05
   2.33377625E-03    4.68260259E-05
   2.39261290E-03    4.92168263E-05
   2.45293288E-03    5.17296931E-05
   2.51477357E-03    5.43708585E-05
   2.57817333E-03    5.71468730E-05
   2.64317146E-03    6.00646213E-05
   2.70980825E-03    6.31313399E-05
   2.77812501E-03    6.63546344E-05
   2.84816411E-03    6.97424989E-05
   2.91996895E-03    7.33033357E-05
   2.99358406E-03    7.70459758E-05
   3.06905507E-03    8.09797014E-05
   3.14642878E-03    8.51142683E-05
   3.22575315E-03    8.94599304E-05
   3.30707736E-03    9.40274652E-05
   3.39045183E-03    9.88282004E-05
   3.47592824E-03    1.03874042E-04
   3.56355960E-03    1.09177503E-04
   3.65340022E-03    1.14751738E-04
   3.74550581E-03    1.20610569E-04
   3.83993346E-03    1.26768526E-04
   3.93674172E-03    1.33240882E-04
   4.03599061E-03    1.40043687E-04
   4.13774165E-03    1.47193812E-04
   4.24205793E-03    1.54708989E-04
   4.34900412E-03    1.62607855E-04
   4.45864653E-03    1.70909997E-04
   4.57105312E-03    1.79636005E-04
   4.68629358E-03    1.88807518E-04
   4.80443936E-03    1.98447279E-04
   4.92556370E-03    2.08579194E-04
   5.04974170E-03    2.19228388E-04
   5.17705035E-03    2.30421268E-04
   5.30756856E-03    2.42185591E-04
   5.44137725E-03    2.54550528E-04
   5.57855939E-03    2.67546741E-04
   5.71920001E-03    2.81206457E-04
   5.86338632E-03    2.95563546E-04
   6.01120769E-03    3.10653610E-04
   6.16275578E-03    3.26514066E-04
   6.31812453E-03    3.43184240E-04
   6.47741028E-03    3.60705468E-04
   6.64071176E-03    3.79121191E-04
   6.80813022E-03    3.98477073E-04
   6.97976946E-03    4.18821104E-04
   7.15573588E-03    4.40203724E-04
   7.33613858E-03    4.62677949E-04
   7.52108940E-03    4.86299498E-04
   7.71070299E-03    5.11126935E-04
   7.90509692E-03    5.37221811E-04
   8.10439170E-03    5.64648821E-04
   8.30871089E-03    5.93475957E-04
   8.51818115E-03    6.23774682E-04
   8.73293235E-03    6.55620106E-04
   8.95309762E-03    6.89091171E-04
   9.17881346E-03    7.24270844E-04
   9.41021981E-03    7.61246329E-04
   9.64746013E-03    8.00109275E-04
   9.89068149E-03    8.40956008E-04
   1.01400347E-02    8.83887768E-04
   1.03956743E-02    9.29010957E-04
   1.06577588E-02    9.76437405E-04
   1.09264508E-02    1.02628465E-03
   1.12019167E-02    1.07867621E-03
   1.14843273E-02    1.13374193E-03
   1.17738578E-02    1.19161824E-03
   1.20706876E-02    1.25244855E-03
   1.23750007E-02    1.31638358E-03
   1.26869859E-02    1.38358174E-03
   1.30068365E-02    1.45420949E-03
   1.33347509E-02    1.52844180E-03
   1.36709322E-02    1.60646255E-03
   1.40155890E-02    1.68846500E-03
   1.43689349E-02    1.77465223E-03
   1.47311890E-02    1.86523771E-03
   1.51025759E-02    1.96044576E-03
   1.54833258E-02    2.06051212E-03
   1.58736747E-02    2.16568456E-03
   1.62738646E-02    2.27622347E-03
   1.66841438E-02    2.39240248E-03
   1.71047664E-02    2.51450917E-03
   1.75359933E-02    2.64284575E-03
   1.79780919E-02    2.77772983E-03
   1.84313362E-02    2.91949516E-03
   1.88960071E-02    3.06849251E-03
   1.93723929E-02    3.22509045E-03
   1.98607888E-02    3.38967634E-03
   2.03614976E-02    3.56265722E-03
   2.08748297E-02    3.74446083E-03
   2.14011034E-02    3.93553666E-03
   2.19406449E-02    4.13635703E-03
   2.24937888E-02    4.34741827E-03
   2.30608780E-02    4.56924193E-03
   2.36422640E-02    4.80237603E-03
   2.42383072E-02    5.04739642E-03
   2.48493773E-02    5.30490818E-03
   2.54758530E-02    5.57554708E-03
   2.61181227E-02    5.85998113E-03
   2.67765847E-02    6.15891224E-03
   2.74516471E-02    6.47307784E-03
   2.81437284E-02    6.80325275E-03
   2.88532577E-02    7.15025103E-03
   2.95806749E-02    7.51492790E-03
   3.03264310E-02    7.89818188E-03
   3.10909883E-02    8.30095690E-03
   3.18748208E-02    8.72424457E-03
   3.26784144E-02    9.16908661E-03
   3.35022673E-02    9.63657728E-03
   3.43468904E-02    1.01278660E-02
   3.52128071E-02    1.06441602E-02
   3.61005545E-02    1.11867281E-02
   3.70106827E-02    1.17569015E-02
   3.79437561E-02    1.23560795E-02
   3.89003532E-02    1.29857312E-02
   3.98810670E-02    1.36473995E-02
   4.08865054E-02    1.43427046E-02
   4.19172919E-02    1.50733478E-02
   4.29740655E-02    1.58411154E-02
   4.40574813E-02    1.66478831E-02
   4.51682110E-02    1.74956197E-02
   4.63069432E-02    1.83863925E-02
   4.74743840E-02    1.93223711E-02
   4.86712569E-02    2.03058329E-02
   4.98983042E-02    2.13391682E-02
   5.11562864E-02    2.24248852E-02
   5.24459836E-02    2.35656158E-02
   5.37681951E-02    2.47641214E-02
   5.51237409E-02    2.60232989E-02
   5.65134612E-02    2.73461869E-02
   5.79382177E-02    2.87359720E-02
   5.93988935E-02    3.01959962E-02
   6.08963944E-02    3.17297628E-02
   6.24316486E-02    3.33409448E-02
   6.40056080E-02    3.50333913E-02
   6.56192484E-02    3.68111357E-02
   6.72735702E-02    3.86784035E-02
   6.89695989E-02    4.06396204E-02
   7.07083860E-02    4.26994203E-02
   7.24910096E-02    4.48626540E-02
   7.43185748E-02    4.71343978E-02
   7.61922146E-02    4.95199621E-02
   7.81130905E-02    5.20249000E-02
   8.00823935E-02    5.46550165E-02
   8.21013445E-02    5.74163769E-02
   8.41711951E-02    6.03153156E-02
   8.62932285E-02    6.33584445E-02
   8.84687603E-02    6.65526618E-02
   9.06991393E-02    6.99051589E-02
   9.29857482E-02    7.34234288E-02
   9.53300046E-02    7.71152720E-02
   9.77333619E-02    8.09888032E-02
   1.00197310E-01    8.50524555E-02
   1.02723377E-01    8.93149848E-02
   1.05313128E-01    9.37854715E-02
   1.07968169E-01    9.84733210E-02
   1.10690146E-01    1.03388262E-01
   1.13480746E-01    1.08540343E-01
   1.16341700E-01    1.13939923E-01
   1.19274782E-01    1.19597663E-01
   1.22281809E-01    1.25524509E-01
   1.25364646E-01    1.31731675E-01
   1.28525205E-01    1.38230614E-01
   1.31765443E-01    1.45032990E-01
   1.35087372E-01    1.52150636E-01
   1.38493049E-01    1.59595509E-01
   1.41984586E-01    1.67379629E-01
   1.45564149E-01    1.75515014E-01
   1.49233955E-01    1.84013596E-01
   1.52996281E-01    1.92887127E-01
   1.56853458E-01    2.02147064E-01
   1.60807878E-01    2.11804441E-01
   1.64861993E-01    2.21869714E-01
   1.69018316E-01    2.32352585E-01
   1.73279423E-01    2.43261801E-01
   1.77647957E-01    2.54604918E-01
   1.82126626E-01    2.66388038E-01
   1.86718206E-01    2.78615502E-01
   1.91425544E-01    2.91289549E-01
   1.96251559E-01    3.04409919E-01
   2.01199241E-01    3.17973418E-01
   2.06271660E-01    3.31973418E-01
   2.11471958E-01    3.46399304E-01
   2.16803361E-01    3.61235850E-01
   2.22269174E-01    3.76462529E-01
   2.27872785E-01    3.92052750E-01
   2.33617667E-01    4.07973012E-01
   2.39507384E-01    4.24181979E-01
   2.45545586E-01    4.40629467E-01
   2.51736017E-01    4.57255351E-01
   2.58082514E-01    4.73988377E-01
   2.64589012E-01    4.90744898E-01
   2.71259545E-01    5.07427532E-01
   2.78098248E-01    5.23923749E-01
   2.85109361E-01    5.40104402E-01
   2.92297231E-01    5.55822231E-01
   2.99666313E-01    5.70910346E-01
   3.07221177E-01    5.85180741E-01
   3.14966506E-01    5.98422869E-01
   3.22907102E-01    6.10402337E-01
   3.31047888E-01    6.20859771E-01
   3.39393910E-01    6.29509947E-01
   3.47950344E-01    6.36041248E-01
   3.56722493E-01    6.40115576E-01
   3.65715795E-01    6.41368812E-01
   3.74935828E-01    6.39411956E-01
   3.84388306E-01    6.33833098E-01
   3.94079089E-01    6.24200347E-01
   4.04014186E-01    6.10065874E-01
   4.14199756E-01    5.90971230E-01
   4.24642114E-01    5.66454054E-01
   4.35347733E-01    5.36056306E-01
   4.46323251E-01    4.99334088E-01
   4.57575471E-01    4.55869111E-01
   4.69111370E-01    4.05281742E-01
   4.80938100E-01    3.47245543E-01
   4.93062993E-01    2.81503052E-01
   5.05493566E-01    2.07882473E-01
   5.18237525E-01    1.26314792E-01
   5.31302770E-01    3.68506786E-02
   5.44697403E-01   -6.03235695E-02
   5.58429726E-01   -1.64871947E-01
   5.72508255E-01   -2.76297477E-01
   5.86941715E-01   -3.93934757E-01
   6.01739057E-01   -5.16947209E-01
   6.16909453E-01   -6.44329746E-01
   6.32462309E-01   -7.74917212E-01
   6.48407267E-01   -9.07398429E-01
   6.64754212E-01   -1.04033500E+00
   6.81513278E-01   -1.17218316E+00
   6.98694856E-01   -1.30131608E+00
   7.16309598E-01   -1.42604306E+00
   7.34368423E-01   -1.54462149E+00
   7.52882528E-01   -1.65525694E+00
   7.71863390E-01   -1.75608774E+00
   7.91322778E-01   -1.84515143E+00
   8.11272754E-01   -1.92033423E+00
   8.31725688E-01   -1.97930903E+00
   8.52694259E-01   -2.01947469E+00
   8.74191468E-01   -2.03791733E+00
   8.96230640E-01   -2.03142407E+00
   9.18825441E-01   -1.99658747E+00
   9.41989877E-01   -1.93004469E+00
   9.65738310E-01   -1.82889269E+00
   9.90085463E-01   -1.69130716E+00
   1.01504643E+00   -1.51736166E+00
   1.04063669E+00   -1.30998963E+00
   1.06687210E+00   -1.07595386E+00
   1.09376893E+00   -8.26586028E-01
   1.12134385E+00   -5.77943456E-01
   1.14961396E+00   -3.49917689E-01
   1.17859679E+00   -1.63741166E-01
   1.20831030E+00   -3.72834883E-02
   1.23877292E+00    2.25248521E-02
   1.27000352E+00    3.09716203E-02
   1.30202148E+00    2.62519799E-02
   1.33484664E+00    1.98013791E-02
   1.36849936E+00    1.27693828E-02
   1.40300049E+00    6.46068193E-03
   1.43837142E+00    2.06652767E-03
   1.47463409E+00    1.78078151E-04
   1.51181098E+00    0.00000000E+00
   1.54992513E+00    0.00000000E+00
   1.58900017E+00    0.00000000E+00
   1.62906033E+00    0.00000000E+00
   1.67013044E+00    0.00000000E+00
   1.71223597E+00    0.00000000E+00
   1.75540301E+00    0.00000000E+00
   1.79965834E+00    0.00000000E+00
   1.84502939E+00    0.00000000E+00
   1.89154428E+00    0.00000000E+00
   1.93923185E+00    0.00000000E+00
   1.98812168E+00    0.00000000E+00
   2.03824406E+00    0.00000000E+00
   2.08963007E+00    0.00000000E+00
   2.14231157E+00    0.00000000E+00
   2.19632122E+00    0.00000000E+00
   2.25169250E+00    0.00000000E+00
   2.30845974E+00    0.00000000E+00
   2.36665814E+00    0.00000000E+00
   2.42632377E+00    0.00000000E+00
   2.48749363E+00    0.00000000E+00
   2.55020564E+00    0.00000000E+00
   2.61449867E+00    0.00000000E+00
   2.68041260E+00    0.00000000E+00
   2.74798827E+00    0.00000000E+00
   2.81726759E+00    0.00000000E+00
   2.88829350E+00    0.00000000E+00
   2.96111004E+00    0.00000000E+00
   3.03576235E+00    0.00000000E+00
   3.11229672E+00    0.00000000E+00
   3.19076059E+00    0.00000000E+00
   3.27120260E+00    0.00000000E+00
   3.35367264E+00    0.00000000E+00
   3.43822182E+00    0.00000000E+00
   3.52490256E+00    0.00000000E+00
   3.61376860E+00    0.00000000E+00
   3.70487504E+00    0.00000000E+00
   3.79827835E+00    0.00000000E+00
   3.89403645E+00    0.00000000E+00
   3.99220870E+00    0.00000000E+00
   4.09285596E+00    0.00000000E+00
   4.19604063E+00    0.00000000E+00
   4.30182668E+00    0.00000000E+00
   4.41027970E+00    0.00000000E+00
   4.52146691E+00    0.00000000E+00
   4.63545726E+00    0.00000000E+00
   4.75232141E+00    0.00000000E+00
   4.87213182E+00    0.00000000E+00
   4.99496275E+00    0.00000000E+00
   5.12089037E+00    0.00000000E+00
   5.24999273E+00    0.00000000E+00
   5.38234989E+00    0.00000000E+00
   5.51804389E+00    0.00000000E+00
   5.65715886E+00    0.00000000E+00
   5.79978105E+00    0.00000000E+00
   5.94599888E+00    0.00000000E+00
   6.09590299E+00    0.00000000E+00
   6.24958632E+00    0.00000000E+00
   6.40714416E+00    0.00000000E+00
   6.56867416E+00    0.00000000E+00
   6.73427650E+00    0.00000000E+00
   6.90405381E+00    0.00000000E+00
   7.07811137E+00    0.00000000E+00
   7.25655709E+00    0.00000000E+00
   7.43950158E+00    0.00000000E+00
   7.62705827E+00    0.00000000E+00
   7.81934344E+00    0.00000000E+00
   8.01647630E+00    0.00000000E+00
   8.21857905E+00    0.00000000E+00
   8.42577700E+00    0.00000000E+00
   8.63819861E+00    0.00000000E+00
   8.85597556E+00    0.00000000E+00
   9.07924287E+00    0.00000000E+00
   9.30813895E+00    0.00000000E+00
   9.54280571E+00    0.00000000E+00
   9.78338864E+00    0.00000000E+00
   1.00300369E+01    0.00000000E+00
   1.02829034E+01    0.00000000E+00
   1.05421448E+01    0.00000000E+00
   1.08079220E+01    0.00000000E+00
   1.10803997E+01    0.00000000E+00
   1.13597468E+01    0.00000000E+00
   1.16461365E+01    0.00000000E+00
   1.19397463E+01    0.00000000E+00
   1.22407583E+01    0.00000000E+00
   1.25493591E+01    0.00000000E+00
   1.28657400E+01    0.00000000E+00
   1.31900972E+01    0.00000000E+00
   1.35226317E+01    0.00000000E+00
   1.38635497E+01    0.00000000E+00
   1.42130626E+01    0.00000000E+00
   1.45713870E+01    0.00000000E+00
   1.49387451E+01    0.00000000E+00
   1.53153646E+01    0.00000000E+00
   1.57014791E+01    0.00000000E+00
   1.60973278E+01    0.00000000E+00
   1.65031563E+01    0.00000000E+00
   1.69192161E+01    0.00000000E+00
   1.73457651E+01    0.00000000E+00
   1.77830678E+01    0.00000000E+00
   1.82313954E+01    0.00000000E+00
   1.86910257E+01    0.00000000E+00
   1.91622436E+01    0.00000000E+00
   1.96453415E+01    0.00000000E+00
   2.01406186E+01    0.00000000E+00
   2.06483822E+01    0.00000000E+00
   2.11689469E+01    0.00000000E+00
   2.17026356E+01    0.00000000E+00
   2.22497791E+01    0.00000000E+00
   2.28107165E+01    0.00000000E+00
   2.33857957E+01    0.00000000E+00
   2.39753732E+01    0.00000000E+00
   2.45798144E+01    0.00000000E+00
   2.51994942E+01    0.00000000E+00
   2.58347967E+01    0.00000000E+00
   2.64861157E+01    0.00000000E+00
   2.71538551E+01    0.00000000E+00
   2.78384288E+01    0.00000000E+00
   2.85402613E+01    0.00000000E+00
   2.92597876E+01    0.00000000E+00
   2.99974538E+01    0.00000000E+00
   3.07537172E+01    0.00000000E+00
   3.15290468E+01    0.00000000E+00
   3.23239231E+01    0.00000000E+00
   3.31388390E+01    0.00000000E+00
   3.39742997E+01    0.00000000E+00
   3.48308231E+01    0.00000000E+00
   3.57089403E+01    0.00000000E+00
   3.66091956E+01    0.00000000E+00
   3.75321471E+01    0.00000000E+00
   3.84783671E+01    0.00000000E+00
   3.94484422E+01    0.00000000E+00
   4.04429738E+01    0.00000000E+00
   4.14625785E+01    0.00000000E+00
   4.25078883E+01    0.00000000E+00
   4.35795513E+01    0.00000000E+00
   4.46782320E+01    0.00000000E+00
   4.58046114E+01    0.00000000E+00
   4.69593879E+01    0.00000000E+00
   4.81432773E+01    0.00000000E+00
   4.93570137E+01    0.00000000E+00
   5.06013496E+01    0.00000000E+00
   5.18770562E+01    0.00000000E+00
   5.31849246E+01    0.00000000E+00
   5.45257656E+01    0.00000000E+00
   5.59004104E+01    0.00000000E+00
   5.73097113E+01    0.00000000E+00
   5.87545419E+01    0.00000000E+00
   6.02357981E+01    0.00000000E+00
   6.17543981E+01    0.00000000E+00
   6.33112834E+01    0.00000000E+00
   6.49074192E+01    0.00000000E+00
   6.65437950E+01    0.00000000E+00
   6.82214255E+01    0.00000000E+00
   6.99413505E+01    0.00000000E+00
   7.17046364E+01    0.00000000E+00
   7.35123764E+01    0.00000000E+00
   7.53656911E+01    0.00000000E+00
   7.72657297E+01    0.00000000E+00
   7.92136699E+01    0.00000000E+00
   8.12107196E+01    0.00000000E+00
   8.32581167E+01    0.00000000E+00
   8.53571305E+01    0.00000000E+00
   8.75090625E+01    0.00000000E+00
   8.97152466E+01    0.00000000E+00
   9.19770507E+01    0.00000000E+00
   9.42958769E+01    0.00000000E+00
   9.66731629E+01    0.00000000E+00
   9.91103824E+01    0.00000000E+00
   1.01609046E+02    0.00000000E+00
   1.04170704E+02    0.00000000E+00
   1.06796944E+02    0.00000000E+00
   1.09489393E+02    0.00000000E+00
   1.12249722E+02    0.00000000E+00
