# 
# Energy units: hartree
# Length units: bohr
#
# -----------------------------------
# |       r       |       w(r)      |
# -----------------------------------
   3.74165729E-05    4.51622010E-13
   3.83598792E-05    4.86647808E-13
   3.93269671E-05    5.24390052E-13
   4.03184362E-05    5.65059416E-13
   4.13349012E-05    6.08882916E-13
   4.23769921E-05    6.56105172E-13
   4.34453551E-05    7.06989777E-13
   4.45406526E-05    7.61820765E-13
   4.56635635E-05    8.20904202E-13
   4.68147840E-05    8.84569888E-13
   4.79950279E-05    9.53173201E-13
   4.92050268E-05    1.02709708E-12
   5.04455309E-05    1.10675417E-12
   5.17173092E-05    1.19258911E-12
   5.30211502E-05    1.28508103E-12
   5.43578623E-05    1.38474621E-12
   5.57282741E-05    1.49214098E-12
   5.71332353E-05    1.60786481E-12
   5.85736168E-05    1.73256367E-12
   6.00503117E-05    1.86693361E-12
   6.15642354E-05    2.01172470E-12
   6.31163265E-05    2.16774513E-12
   6.47075473E-05    2.33586582E-12
   6.63388842E-05    2.51702521E-12
   6.80113486E-05    2.71223451E-12
   6.97259774E-05    2.92258338E-12
   7.14838335E-05    3.14924597E-12
   7.32860069E-05    3.39348751E-12
   7.51336146E-05    3.65667133E-12
   7.70278023E-05    3.94026653E-12
   7.89697442E-05    4.24585611E-12
   8.09606443E-05    4.57514586E-12
   8.30017367E-05    4.92997386E-12
   8.50942870E-05    5.31232075E-12
   8.72395924E-05    5.72432076E-12
   8.94389830E-05    6.16827367E-12
   9.16938222E-05    6.64665759E-12
   9.40055079E-05    7.16214284E-12
   9.63754734E-05    7.71760685E-12
   9.88051880E-05    8.31615017E-12
   1.01296158E-04    8.96111386E-12
   1.03849927E-04    9.65609807E-12
   1.06468080E-04    1.04049822E-11
   1.09152238E-04    1.12119464E-11
   1.11904067E-04    1.20814952E-11
   1.14725271E-04    1.30184823E-11
   1.17617601E-04    1.40281380E-11
   1.20582849E-04    1.51160981E-11
   1.23622854E-04    1.62884356E-11
   1.26739500E-04    1.75516943E-11
   1.29934720E-04    1.89129258E-11
   1.33210494E-04    2.03797284E-11
   1.36568853E-04    2.19602896E-11
   1.40011880E-04    2.36634322E-11
   1.43541708E-04    2.54986629E-11
   1.47160527E-04    2.74762260E-11
   1.50870580E-04    2.96071601E-11
   1.54674166E-04    3.19033600E-11
   1.58573644E-04    3.43776429E-11
   1.62571432E-04    3.70438203E-11
   1.66670008E-04    3.99167745E-11
   1.70871912E-04    4.30125423E-11
   1.75179751E-04    4.63484042E-11
   1.79596194E-04    4.99429806E-11
   1.84123979E-04    5.38163364E-11
   1.88765915E-04    5.79900925E-11
   1.93524877E-04    6.24875466E-11
   1.98403818E-04    6.73338033E-11
   2.03405761E-04    7.25559141E-11
   2.08533808E-04    7.81830286E-11
   2.13791137E-04    8.42465572E-11
   2.19181009E-04    9.07803460E-11
   2.24706764E-04    9.78208666E-11
   2.30371829E-04    1.05407419E-10
   2.36179715E-04    1.13582350E-10
   2.42134023E-04    1.22391293E-10
   2.48238445E-04    1.31883418E-10
   2.54496765E-04    1.42111710E-10
   2.60912863E-04    1.53133263E-10
   2.67490717E-04    1.65009599E-10
   2.74234404E-04    1.77807011E-10
   2.81148107E-04    1.91596933E-10
   2.88236109E-04    2.06456340E-10
   2.95502807E-04    2.22468177E-10
   3.02952706E-04    2.39721820E-10
   3.10590423E-04    2.58313580E-10
   3.18420693E-04    2.78347234E-10
   3.26448373E-04    2.99934609E-10
   3.34678437E-04    3.23196205E-10
   3.43115989E-04    3.48261867E-10
   3.51766259E-04    3.75271511E-10
   3.60634611E-04    4.04375902E-10
   3.69726542E-04    4.35737500E-10
   3.79047689E-04    4.69531365E-10
   3.88603830E-04    5.05946132E-10
   3.98400891E-04    5.45185066E-10
   4.08444945E-04    5.87467197E-10
   4.18742218E-04    6.33028543E-10
   4.29299096E-04    6.82123423E-10
   4.40122121E-04    7.35025885E-10
   4.51218006E-04    7.92031226E-10
   4.62593628E-04    8.53457648E-10
   4.74256039E-04    9.19648030E-10
   4.86212471E-04    9.90971843E-10
   4.98470336E-04    1.06782721E-09
   5.11037233E-04    1.15064315E-09
   5.23920952E-04    1.23988191E-09
   5.37129482E-04    1.33604164E-09
   5.50671012E-04    1.43965909E-09
   5.64553935E-04    1.55131265E-09
   5.78786861E-04    1.67162556E-09
   5.93378611E-04    1.80126940E-09
   6.08338233E-04    1.94096784E-09
   6.23675000E-04    2.09150068E-09
   6.39398422E-04    2.25370816E-09
   6.55518245E-04    2.42849574E-09
   6.72044464E-04    2.61683906E-09
   6.88987325E-04    2.81978945E-09
   7.06357330E-04    3.03847977E-09
   7.24165250E-04    3.27413074E-09
   7.42422123E-04    3.52805774E-09
   7.61139269E-04    3.80167819E-09
   7.80328292E-04    4.09651942E-09
   8.00001087E-04    4.41422721E-09
   8.20169852E-04    4.75657501E-09
   8.40847090E-04    5.12547377E-09
   8.62045620E-04    5.52298267E-09
   8.83778585E-04    5.95132059E-09
   9.06059458E-04    6.41287848E-09
   9.28902052E-04    6.91023273E-09
   9.52320529E-04    7.44615956E-09
   9.76329407E-04    8.02365047E-09
   1.00094357E-03    8.64592899E-09
   1.02617828E-03    9.31646864E-09
   1.05204918E-03    1.00390123E-08
   1.07857231E-03    1.08175933E-08
   1.10576411E-03    1.16565575E-08
   1.13364145E-03    1.25605880E-08
   1.16222159E-03    1.35347310E-08
   1.19152227E-03    1.45844242E-08
   1.22156164E-03    1.57155269E-08
   1.25235834E-03    1.69343528E-08
   1.28393145E-03    1.82477054E-08
   1.31630054E-03    1.96629156E-08
   1.34948569E-03    2.11878832E-08
   1.38350747E-03    2.28311204E-08
   1.41838697E-03    2.46017997E-08
   1.45414581E-03    2.65098048E-08
   1.49080617E-03    2.85657862E-08
   1.52839077E-03    3.07812202E-08
   1.56692291E-03    3.31684731E-08
   1.60642648E-03    3.57408706E-08
   1.64692597E-03    3.85127716E-08
   1.68844649E-03    4.14996486E-08
   1.73101378E-03    4.47181741E-08
   1.77465424E-03    4.81863138E-08
   1.81939491E-03    5.19234266E-08
   1.86526353E-03    5.59503727E-08
   1.91228854E-03    6.02896304E-08
   1.96049910E-03    6.49654209E-08
   2.00992509E-03    7.00038443E-08
   2.06059715E-03    7.54330246E-08
   2.11254670E-03    8.12832670E-08
   2.16580595E-03    8.75872273E-08
   2.22040792E-03    9.43800935E-08
   2.27638645E-03    1.01699783E-07
   2.33377625E-03    1.09587153E-07
   2.39261290E-03    1.18086231E-07
   2.45293288E-03    1.27244458E-07
   2.51477357E-03    1.37112954E-07
   2.57817333E-03    1.47746805E-07
   2.64317146E-03    1.59205366E-07
   2.70980825E-03    1.71552600E-07
   2.77812501E-03    1.84857426E-07
   2.84816411E-03    1.99194112E-07
   2.91996895E-03    2.14642682E-07
   2.99358406E-03    2.31289370E-07
   3.06905507E-03    2.49227094E-07
   3.14642878E-03    2.68555982E-07
   3.22575315E-03    2.89383925E-07
   3.30707736E-03    3.11827182E-07
   3.39045183E-03    3.36011028E-07
   3.47592824E-03    3.62070455E-07
   3.56355960E-03    3.90150922E-07
   3.65340022E-03    4.20409171E-07
   3.74550581E-03    4.53014099E-07
   3.83993346E-03    4.88147702E-07
   3.93674172E-03    5.26006089E-07
   4.03599061E-03    5.66800582E-07
   4.13774165E-03    6.10758886E-07
   4.24205793E-03    6.58126371E-07
   4.34900412E-03    7.09167433E-07
   4.45864653E-03    7.64166973E-07
   4.57105312E-03    8.23431989E-07
   4.68629358E-03    8.87293285E-07
   4.80443936E-03    9.56107323E-07
   4.92556370E-03    1.03025821E-06
   5.04974170E-03    1.11015983E-06
   5.17705035E-03    1.19625819E-06
   5.30756856E-03    1.28903385E-06
   5.44137725E-03    1.38900468E-06
   5.57855939E-03    1.49672868E-06
   5.71920001E-03    1.61280714E-06
   5.86338632E-03    1.73788797E-06
   6.01120769E-03    1.87266935E-06
   6.16275578E-03    2.01790356E-06
   6.31812453E-03    2.17440127E-06
   6.47741028E-03    2.34303599E-06
   6.64071176E-03    2.52474898E-06
   6.80813022E-03    2.72055450E-06
   6.97976946E-03    2.93154545E-06
   7.15573588E-03    3.15889949E-06
   7.33613858E-03    3.40388563E-06
   7.52108940E-03    3.66787127E-06
   7.71070299E-03    3.95232984E-06
   7.90509692E-03    4.25884906E-06
   8.10439170E-03    4.58913977E-06
   8.30871089E-03    4.94504546E-06
   8.51818115E-03    5.32855260E-06
   8.73293235E-03    5.74180171E-06
   8.95309762E-03    6.18709928E-06
   9.17881346E-03    6.66693068E-06
   9.41021981E-03    7.18397401E-06
   9.64746013E-03    7.74111503E-06
   9.89068149E-03    8.34146329E-06
   1.01400347E-02    8.98836947E-06
   1.03956743E-02    9.68544407E-06
   1.06577588E-02    1.04365776E-05
   1.09264508E-02    1.12459621E-05
   1.12019167E-02    1.21181149E-05
   1.14843273E-02    1.30579035E-05
   1.17738578E-02    1.40705727E-05
   1.20706876E-02    1.51617742E-05
   1.23750007E-02    1.63375979E-05
   1.26869859E-02    1.76046057E-05
   1.30068365E-02    1.89698686E-05
   1.33347509E-02    2.04410055E-05
   1.36709322E-02    2.20262263E-05
   1.40155890E-02    2.37343775E-05
   1.43689349E-02    2.55749912E-05
   1.47311890E-02    2.75583388E-05
   1.51025759E-02    2.96954880E-05
   1.54833258E-02    3.19983646E-05
   1.58736747E-02    3.44798188E-05
   1.62738646E-02    3.71536972E-05
   1.66841438E-02    4.00349198E-05
   1.71047664E-02    4.31395634E-05
   1.75359933E-02    4.64849509E-05
   1.79780919E-02    5.00897482E-05
   1.84313362E-02    5.39740680E-05
   1.88960071E-02    5.81595822E-05
   1.93723929E-02    6.26696425E-05
   1.98607888E-02    6.75294107E-05
   2.03614976E-02    7.27659988E-05
   2.08748297E-02    7.84086202E-05
   2.14011034E-02    8.44887523E-05
   2.19406449E-02    9.10403122E-05
   2.24937888E-02    9.80998454E-05
   2.30608780E-02    1.05706730E-04
   2.36422640E-02    1.13903394E-04
   2.42383072E-02    1.22735554E-04
   2.48493773E-02    1.32252471E-04
   2.54758530E-02    1.42507219E-04
   2.61181227E-02    1.53556985E-04
   2.67765847E-02    1.65463389E-04
   2.74516471E-02    1.78292820E-04
   2.81437284E-02    1.92116813E-04
   2.88532577E-02    2.07012442E-04
   2.95806749E-02    2.23062751E-04
   3.03264310E-02    2.40357215E-04
   3.10909883E-02    2.58992236E-04
   3.18748208E-02    2.79071683E-04
   3.26784144E-02    3.00707464E-04
   3.35022673E-02    3.24020151E-04
   3.43468904E-02    3.49139649E-04
   3.52128071E-02    3.76205915E-04
   3.61005545E-02    4.05369739E-04
   3.70106827E-02    4.36793577E-04
   3.79437561E-02    4.70652450E-04
   3.89003532E-02    5.07134921E-04
   3.98810670E-02    5.46444133E-04
   4.08865054E-02    5.88798935E-04
   4.19172919E-02    6.34435097E-04
   4.29740655E-02    6.83606609E-04
   4.40574813E-02    7.36587088E-04
   4.51682110E-02    7.93671289E-04
   4.63069432E-02    8.55176730E-04
   4.74743840E-02    9.21445446E-04
   4.86712569E-02    9.92845870E-04
   4.98983042E-02    1.06977487E-03
   5.11562864E-02    1.15265990E-03
   5.24459836E-02    1.24196142E-03
   5.37681951E-02    1.33817533E-03
   5.51237409E-02    1.44183576E-03
   5.65134612E-02    1.55351796E-03
   5.79382177E-02    1.67384144E-03
   5.93988935E-02    1.80347337E-03
   6.08963944E-02    1.94313220E-03
   6.24316486E-02    2.09359157E-03
   6.40056080E-02    2.25568450E-03
   6.56192484E-02    2.43030791E-03
   6.72735702E-02    2.61842743E-03
   6.89695989E-02    2.82108265E-03
   7.07083860E-02    3.03939265E-03
   7.24910096E-02    3.27456203E-03
   7.43185748E-02    3.52788729E-03
   7.61922146E-02    3.80076374E-03
   7.81130905E-02    4.09469289E-03
   8.00823935E-02    4.41129033E-03
   8.21013445E-02    4.75229419E-03
   8.41711951E-02    5.11957423E-03
   8.62932285E-02    5.51514148E-03
   8.84687603E-02    5.94115861E-03
   9.06991393E-02    6.39995093E-03
   9.29857482E-02    6.89401822E-03
   9.53300046E-02    7.42604725E-03
   9.77333619E-02    7.99892512E-03
   1.00197310E-01    8.61575347E-03
   1.02723377E-01    9.27986354E-03
   1.05313128E-01    9.99483215E-03
   1.07968169E-01    1.07644986E-02
   1.10690146E-01    1.15929824E-02
   1.13480746E-01    1.24847023E-02
   1.16341700E-01    1.34443957E-02
   1.19274782E-01    1.44771397E-02
   1.22281809E-01    1.55883725E-02
   1.25364646E-01    1.67839159E-02
   1.28525205E-01    1.80699985E-02
   1.31765443E-01    1.94532798E-02
   1.35087372E-01    2.09408750E-02
   1.38493049E-01    2.25403795E-02
   1.41984586E-01    2.42598945E-02
   1.45564149E-01    2.61080516E-02
   1.49233955E-01    2.80940380E-02
   1.52996281E-01    3.02276202E-02
   1.56853458E-01    3.25191659E-02
   1.60807878E-01    3.49796652E-02
   1.64861993E-01    3.76207479E-02
   1.69018316E-01    4.04546976E-02
   1.73279423E-01    4.34944612E-02
   1.77647957E-01    4.67536519E-02
   1.82126626E-01    5.02465454E-02
   1.86718206E-01    5.39880663E-02
   1.91425544E-01    5.79937634E-02
   1.96251559E-01    6.22797710E-02
   2.01199241E-01    6.68627541E-02
   2.06271660E-01    7.17598335E-02
   2.11471958E-01    7.69884880E-02
   2.16803361E-01    8.25664279E-02
   2.22269174E-01    8.85114374E-02
   2.27872785E-01    9.48411784E-02
   2.33617667E-01    1.01572950E-01
   2.39507384E-01    1.08723399E-01
   2.45545586E-01    1.16308169E-01
   2.51736017E-01    1.24341487E-01
   2.58082514E-01    1.32835670E-01
   2.64589012E-01    1.41800549E-01
   2.71259545E-01    1.51242800E-01
   2.78098248E-01    1.61165158E-01
   2.85109361E-01    1.71565529E-01
   2.92297231E-01    1.82435956E-01
   2.99666313E-01    1.93761462E-01
   3.07221177E-01    2.05518730E-01
   3.14966506E-01    2.17674631E-01
   3.22907102E-01    2.30184591E-01
   3.31047888E-01    2.42990782E-01
   3.39393910E-01    2.56020158E-01
   3.47950344E-01    2.69182327E-01
   3.56722493E-01    2.82367281E-01
   3.65715795E-01    2.95443007E-01
   3.74935828E-01    3.08253021E-01
   3.84388306E-01    3.20613860E-01
   3.94079089E-01    3.32312614E-01
   4.04014186E-01    3.43104558E-01
   4.14199756E-01    3.52711018E-01
   4.24642114E-01    3.60817555E-01
   4.35347733E-01    3.67072649E-01
   4.46323251E-01    3.71087011E-01
   4.57575471E-01    3.72433735E-01
   4.69111370E-01    3.70649466E-01
   4.80938100E-01    3.65236785E-01
   4.93062993E-01    3.55668022E-01
   5.05493566E-01    3.41390653E-01
   5.18237525E-01    3.21834441E-01
   5.31302770E-01    2.96420403E-01
   5.44697403E-01    2.64571620E-01
   5.58429726E-01    2.25725815E-01
   5.72508255E-01    1.79349523E-01
   5.86941715E-01    1.24953557E-01
   6.01739057E-01    6.21094050E-02
   6.16909453E-01   -9.53386911E-03
   6.32462309E-01   -9.02326171E-02
   6.48407267E-01   -1.80131719E-01
   6.64754212E-01   -2.79247731E-01
   6.81513278E-01   -3.87451413E-01
   6.98694856E-01   -5.04448201E-01
   7.16309598E-01   -6.29754087E-01
   7.34368423E-01   -7.62663160E-01
   7.52882528E-01   -9.02201766E-01
   7.71863390E-01   -1.04706330E+00
   7.91322778E-01   -1.19551747E+00
   8.11272754E-01   -1.34528941E+00
   8.31725688E-01   -1.49340772E+00
   8.52694259E-01   -1.63602852E+00
   8.74191468E-01   -1.76825461E+00
   8.96230640E-01   -1.88398672E+00
   9.18825441E-01   -1.97586651E+00
   9.41989877E-01   -2.03539635E+00
   9.65738310E-01   -2.05334351E+00
   9.90085463E-01   -2.02054702E+00
   1.01504643E+00   -1.92922931E+00
   1.04063669E+00   -1.77485297E+00
   1.06687210E+00   -1.55843413E+00
   1.09376893E+00   -1.28900819E+00
   1.12134385E+00   -9.85633468E-01
   1.14961396E+00   -6.77921024E-01
   1.17859679E+00   -4.03623634E-01
   1.20831030E+00   -2.01324392E-01
   1.23877292E+00   -9.56834008E-02
   1.27000352E+00   -7.17790793E-02
   1.30202148E+00   -6.49560801E-02
   1.33484664E+00   -5.58886515E-02
   1.36849936E+00   -4.51114652E-02
   1.40300049E+00   -3.32792172E-02
   1.43837142E+00   -2.11454551E-02
   1.47463409E+00   -9.52717620E-03
   1.51181098E+00    7.47978582E-04
   1.54992513E+00    8.91454416E-03
   1.58900017E+00    1.43629184E-02
   1.62906033E+00    1.67506091E-02
   1.67013044E+00    1.61201075E-02
   1.71223597E+00    1.29990041E-02
   1.75540301E+00    8.43620804E-03
   1.79965834E+00    3.89424342E-03
   1.84502939E+00    8.65648222E-04
   1.89154428E+00    4.07582334E-06
   1.93923185E+00    0.00000000E+00
   1.98812168E+00    0.00000000E+00
   2.03824406E+00    0.00000000E+00
   2.08963007E+00    0.00000000E+00
   2.14231157E+00    0.00000000E+00
   2.19632122E+00    0.00000000E+00
   2.25169250E+00    0.00000000E+00
   2.30845974E+00    0.00000000E+00
   2.36665814E+00    0.00000000E+00
   2.42632377E+00    0.00000000E+00
   2.48749363E+00    0.00000000E+00
   2.55020564E+00    0.00000000E+00
   2.61449867E+00    0.00000000E+00
   2.68041260E+00    0.00000000E+00
   2.74798827E+00    0.00000000E+00
   2.81726759E+00    0.00000000E+00
   2.88829350E+00    0.00000000E+00
   2.96111004E+00    0.00000000E+00
   3.03576235E+00    0.00000000E+00
   3.11229672E+00    0.00000000E+00
   3.19076059E+00    0.00000000E+00
   3.27120260E+00    0.00000000E+00
   3.35367264E+00    0.00000000E+00
   3.43822182E+00    0.00000000E+00
   3.52490256E+00    0.00000000E+00
   3.61376860E+00    0.00000000E+00
   3.70487504E+00    0.00000000E+00
   3.79827835E+00    0.00000000E+00
   3.89403645E+00    0.00000000E+00
   3.99220870E+00    0.00000000E+00
   4.09285596E+00    0.00000000E+00
   4.19604063E+00    0.00000000E+00
   4.30182668E+00    0.00000000E+00
   4.41027970E+00    0.00000000E+00
   4.52146691E+00    0.00000000E+00
   4.63545726E+00    0.00000000E+00
   4.75232141E+00    0.00000000E+00
   4.87213182E+00    0.00000000E+00
   4.99496275E+00    0.00000000E+00
   5.12089037E+00    0.00000000E+00
   5.24999273E+00    0.00000000E+00
   5.38234989E+00    0.00000000E+00
   5.51804389E+00    0.00000000E+00
   5.65715886E+00    0.00000000E+00
   5.79978105E+00    0.00000000E+00
   5.94599888E+00    0.00000000E+00
   6.09590299E+00    0.00000000E+00
   6.24958632E+00    0.00000000E+00
   6.40714416E+00    0.00000000E+00
   6.56867416E+00    0.00000000E+00
   6.73427650E+00    0.00000000E+00
   6.90405381E+00    0.00000000E+00
   7.07811137E+00    0.00000000E+00
   7.25655709E+00    0.00000000E+00
   7.43950158E+00    0.00000000E+00
   7.62705827E+00    0.00000000E+00
   7.81934344E+00    0.00000000E+00
   8.01647630E+00    0.00000000E+00
   8.21857905E+00    0.00000000E+00
   8.42577700E+00    0.00000000E+00
   8.63819861E+00    0.00000000E+00
   8.85597556E+00    0.00000000E+00
   9.07924287E+00    0.00000000E+00
   9.30813895E+00    0.00000000E+00
   9.54280571E+00    0.00000000E+00
   9.78338864E+00    0.00000000E+00
   1.00300369E+01    0.00000000E+00
   1.02829034E+01    0.00000000E+00
   1.05421448E+01    0.00000000E+00
   1.08079220E+01    0.00000000E+00
   1.10803997E+01    0.00000000E+00
   1.13597468E+01    0.00000000E+00
   1.16461365E+01    0.00000000E+00
   1.19397463E+01    0.00000000E+00
   1.22407583E+01    0.00000000E+00
   1.25493591E+01    0.00000000E+00
   1.28657400E+01    0.00000000E+00
   1.31900972E+01    0.00000000E+00
   1.35226317E+01    0.00000000E+00
   1.38635497E+01    0.00000000E+00
   1.42130626E+01    0.00000000E+00
   1.45713870E+01    0.00000000E+00
   1.49387451E+01    0.00000000E+00
   1.53153646E+01    0.00000000E+00
   1.57014791E+01    0.00000000E+00
   1.60973278E+01    0.00000000E+00
   1.65031563E+01    0.00000000E+00
   1.69192161E+01    0.00000000E+00
   1.73457651E+01    0.00000000E+00
   1.77830678E+01    0.00000000E+00
   1.82313954E+01    0.00000000E+00
   1.86910257E+01    0.00000000E+00
   1.91622436E+01    0.00000000E+00
   1.96453415E+01    0.00000000E+00
   2.01406186E+01    0.00000000E+00
   2.06483822E+01    0.00000000E+00
   2.11689469E+01    0.00000000E+00
   2.17026356E+01    0.00000000E+00
   2.22497791E+01    0.00000000E+00
   2.28107165E+01    0.00000000E+00
   2.33857957E+01    0.00000000E+00
   2.39753732E+01    0.00000000E+00
   2.45798144E+01    0.00000000E+00
   2.51994942E+01    0.00000000E+00
   2.58347967E+01    0.00000000E+00
   2.64861157E+01    0.00000000E+00
   2.71538551E+01    0.00000000E+00
   2.78384288E+01    0.00000000E+00
   2.85402613E+01    0.00000000E+00
   2.92597876E+01    0.00000000E+00
   2.99974538E+01    0.00000000E+00
   3.07537172E+01    0.00000000E+00
   3.15290468E+01    0.00000000E+00
   3.23239231E+01    0.00000000E+00
   3.31388390E+01    0.00000000E+00
   3.39742997E+01    0.00000000E+00
   3.48308231E+01    0.00000000E+00
   3.57089403E+01    0.00000000E+00
   3.66091956E+01    0.00000000E+00
   3.75321471E+01    0.00000000E+00
   3.84783671E+01    0.00000000E+00
   3.94484422E+01    0.00000000E+00
   4.04429738E+01    0.00000000E+00
   4.14625785E+01    0.00000000E+00
   4.25078883E+01    0.00000000E+00
   4.35795513E+01    0.00000000E+00
   4.46782320E+01    0.00000000E+00
   4.58046114E+01    0.00000000E+00
   4.69593879E+01    0.00000000E+00
   4.81432773E+01    0.00000000E+00
   4.93570137E+01    0.00000000E+00
   5.06013496E+01    0.00000000E+00
   5.18770562E+01    0.00000000E+00
   5.31849246E+01    0.00000000E+00
   5.45257656E+01    0.00000000E+00
   5.59004104E+01    0.00000000E+00
   5.73097113E+01    0.00000000E+00
   5.87545419E+01    0.00000000E+00
   6.02357981E+01    0.00000000E+00
   6.17543981E+01    0.00000000E+00
   6.33112834E+01    0.00000000E+00
   6.49074192E+01    0.00000000E+00
   6.65437950E+01    0.00000000E+00
   6.82214255E+01    0.00000000E+00
   6.99413505E+01    0.00000000E+00
   7.17046364E+01    0.00000000E+00
   7.35123764E+01    0.00000000E+00
   7.53656911E+01    0.00000000E+00
   7.72657297E+01    0.00000000E+00
   7.92136699E+01    0.00000000E+00
   8.12107196E+01    0.00000000E+00
   8.32581167E+01    0.00000000E+00
   8.53571305E+01    0.00000000E+00
   8.75090625E+01    0.00000000E+00
   8.97152466E+01    0.00000000E+00
   9.19770507E+01    0.00000000E+00
   9.42958769E+01    0.00000000E+00
   9.66731629E+01    0.00000000E+00
   9.91103824E+01    0.00000000E+00
   1.01609046E+02    0.00000000E+00
   1.04170704E+02    0.00000000E+00
   1.06796944E+02    0.00000000E+00
   1.09489393E+02    0.00000000E+00
   1.12249722E+02    0.00000000E+00
