# 
# Energy units: hartree
# Length units: bohr
#
# -----------------------------------
# |       r       |       w(r)      |
# -----------------------------------
   3.74165729E-05   -1.08962047E-11
   3.83598792E-05   -1.14525370E-11
   3.93269671E-05   -1.20372745E-11
   4.03184362E-05   -1.26518671E-11
   4.13349012E-05   -1.32978392E-11
   4.23769921E-05   -1.39767931E-11
   4.34453551E-05   -1.46904126E-11
   4.45406526E-05   -1.54404677E-11
   4.56635635E-05   -1.62288188E-11
   4.68147840E-05   -1.70574210E-11
   4.79950279E-05   -1.79283296E-11
   4.92050268E-05   -1.88437046E-11
   5.04455309E-05   -1.98058163E-11
   5.17173092E-05   -2.08170510E-11
   5.30211502E-05   -2.18799168E-11
   5.43578623E-05   -2.29970499E-11
   5.57282741E-05   -2.41712209E-11
   5.71332353E-05   -2.54053422E-11
   5.85736168E-05   -2.67024746E-11
   6.00503117E-05   -2.80658353E-11
   6.15642354E-05   -2.94988058E-11
   6.31163265E-05   -3.10049401E-11
   6.47075473E-05   -3.25879739E-11
   6.63388842E-05   -3.42518334E-11
   6.80113486E-05   -3.60006453E-11
   6.97259774E-05   -3.78387473E-11
   7.14838335E-05   -3.97706981E-11
   7.32860069E-05   -4.18012894E-11
   7.51336146E-05   -4.39355577E-11
   7.70278023E-05   -4.61787964E-11
   7.89697442E-05   -4.85365692E-11
   8.09606443E-05   -5.10147240E-11
   8.30017367E-05   -5.36194072E-11
   8.50942870E-05   -5.63570790E-11
   8.72395924E-05   -5.92345295E-11
   8.94389830E-05   -6.22588954E-11
   9.16938222E-05   -6.54376779E-11
   9.40055079E-05   -6.87787611E-11
   9.63754734E-05   -7.22904318E-11
   9.88051880E-05   -7.59813995E-11
   1.01296158E-04   -7.98608190E-11
   1.03849927E-04   -8.39383119E-11
   1.06468080E-04   -8.82239916E-11
   1.09152238E-04   -9.27284873E-11
   1.11904067E-04   -9.74629715E-11
   1.14725271E-04   -1.02439187E-10
   1.17617601E-04   -1.07669475E-10
   1.20582849E-04   -1.13166809E-10
   1.23622854E-04   -1.18944824E-10
   1.26739500E-04   -1.25017849E-10
   1.29934720E-04   -1.31400949E-10
   1.33210494E-04   -1.38109953E-10
   1.36568853E-04   -1.45161503E-10
   1.40011880E-04   -1.52573088E-10
   1.43541708E-04   -1.60363090E-10
   1.47160527E-04   -1.68550831E-10
   1.50870580E-04   -1.77156617E-10
   1.54674166E-04   -1.86201794E-10
   1.58573644E-04   -1.95708796E-10
   1.62571432E-04   -2.05701201E-10
   1.66670008E-04   -2.16203795E-10
   1.70871912E-04   -2.27242626E-10
   1.75179751E-04   -2.38845073E-10
   1.79596194E-04   -2.51039912E-10
   1.84123979E-04   -2.63857390E-10
   1.88765915E-04   -2.77329298E-10
   1.93524877E-04   -2.91489049E-10
   1.98403818E-04   -3.06371763E-10
   2.03405761E-04   -3.22014352E-10
   2.08533808E-04   -3.38455614E-10
   2.13791137E-04   -3.55736328E-10
   2.19181009E-04   -3.73899353E-10
   2.24706764E-04   -3.92989739E-10
   2.30371829E-04   -4.13054835E-10
   2.36179715E-04   -4.34144406E-10
   2.42134023E-04   -4.56310761E-10
   2.48238445E-04   -4.79608878E-10
   2.54496765E-04   -5.04096541E-10
   2.60912863E-04   -5.29834486E-10
   2.67490717E-04   -5.56886550E-10
   2.74234404E-04   -5.85319829E-10
   2.81148107E-04   -6.15204844E-10
   2.88236109E-04   -6.46615718E-10
   2.95502807E-04   -6.79630358E-10
   3.02952706E-04   -7.14330648E-10
   3.10590423E-04   -7.50802655E-10
   3.18420693E-04   -7.89136837E-10
   3.26448373E-04   -8.29428274E-10
   3.34678437E-04   -8.71776899E-10
   3.43115989E-04   -9.16287747E-10
   3.51766259E-04   -9.63071217E-10
   3.60634611E-04   -1.01224334E-09
   3.69726542E-04   -1.06392609E-09
   3.79047689E-04   -1.11824763E-09
   3.88603830E-04   -1.17534271E-09
   3.98400891E-04   -1.23535294E-09
   4.08444945E-04   -1.29842715E-09
   4.18742218E-04   -1.36472179E-09
   4.29299096E-04   -1.43440129E-09
   4.40122121E-04   -1.50763847E-09
   4.51218006E-04   -1.58461497E-09
   4.62593628E-04   -1.66552172E-09
   4.74256039E-04   -1.75055940E-09
   4.86212471E-04   -1.83993890E-09
   4.98470336E-04   -1.93388194E-09
   5.11037233E-04   -2.03262149E-09
   5.23920952E-04   -2.13640248E-09
   5.37129482E-04   -2.24548229E-09
   5.50671012E-04   -2.36013149E-09
   5.64553935E-04   -2.48063443E-09
   5.78786861E-04   -2.60728999E-09
   5.93378611E-04   -2.74041232E-09
   6.08338233E-04   -2.88033158E-09
   6.23675000E-04   -3.02739484E-09
   6.39398422E-04   -3.18196683E-09
   6.55518245E-04   -3.34443095E-09
   6.72044464E-04   -3.51519015E-09
   6.88987325E-04   -3.69466796E-09
   7.06357330E-04   -3.88330954E-09
   7.24165250E-04   -4.08158277E-09
   7.42422123E-04   -4.28997943E-09
   7.61139269E-04   -4.50901641E-09
   7.80328292E-04   -4.73923698E-09
   8.00001087E-04   -4.98121215E-09
   8.20169852E-04   -5.23554209E-09
   8.40847090E-04   -5.50285763E-09
   8.62045620E-04   -5.78382177E-09
   8.83778585E-04   -6.07913140E-09
   9.06059458E-04   -6.38951897E-09
   9.28902052E-04   -6.71575433E-09
   9.52320529E-04   -7.05864666E-09
   9.76329407E-04   -7.41904642E-09
   1.00094357E-03   -7.79784753E-09
   1.02617828E-03   -8.19598952E-09
   1.05204918E-03   -8.61445991E-09
   1.07857231E-03   -9.05429665E-09
   1.10576411E-03   -9.51659065E-09
   1.13364145E-03   -1.00024886E-08
   1.16222159E-03   -1.05131956E-08
   1.19152227E-03   -1.10499784E-08
   1.22156164E-03   -1.16141684E-08
   1.25235834E-03   -1.22071650E-08
   1.28393145E-03   -1.28304390E-08
   1.31630054E-03   -1.34855363E-08
   1.34948569E-03   -1.41740818E-08
   1.38350747E-03   -1.48977833E-08
   1.41838697E-03   -1.56584358E-08
   1.45414581E-03   -1.64579261E-08
   1.49080617E-03   -1.72982371E-08
   1.52839077E-03   -1.81814530E-08
   1.56692291E-03   -1.91097646E-08
   1.60642648E-03   -2.00854744E-08
   1.64692597E-03   -2.11110024E-08
   1.68844649E-03   -2.21888925E-08
   1.73101378E-03   -2.33218180E-08
   1.77465424E-03   -2.45125892E-08
   1.81939491E-03   -2.57641594E-08
   1.86526353E-03   -2.70796331E-08
   1.91228854E-03   -2.84622732E-08
   1.96049910E-03   -2.99155090E-08
   2.00992509E-03   -3.14429452E-08
   2.06059715E-03   -3.30483703E-08
   2.11254670E-03   -3.47357665E-08
   2.16580595E-03   -3.65093191E-08
   2.22040792E-03   -3.83734272E-08
   2.27638645E-03   -4.03327145E-08
   2.33377625E-03   -4.23920409E-08
   2.39261290E-03   -4.45565143E-08
   2.45293288E-03   -4.68315034E-08
   2.51477357E-03   -4.92226511E-08
   2.57817333E-03   -5.17358885E-08
   2.64317146E-03   -5.43774495E-08
   2.70980825E-03   -5.71538861E-08
   2.77812501E-03   -6.00720852E-08
   2.84816411E-03   -6.31392851E-08
   2.91996895E-03   -6.63630938E-08
   2.99358406E-03   -6.97515078E-08
   3.06905507E-03   -7.33129318E-08
   3.14642878E-03   -7.70561997E-08
   3.22575315E-03   -8.09905966E-08
   3.30707736E-03   -8.51258817E-08
   3.39045183E-03   -8.94723122E-08
   3.47592824E-03   -9.40406695E-08
   3.56355960E-03   -9.88422853E-08
   3.65340022E-03   -1.03889070E-07
   3.74550581E-03   -1.09193542E-07
   3.83993346E-03   -1.14768859E-07
   3.93674172E-03   -1.20628851E-07
   4.03599061E-03   -1.26788054E-07
   4.13774165E-03   -1.33261745E-07
   4.24205793E-03   -1.40065984E-07
   4.34900412E-03   -1.47217648E-07
   4.45864653E-03   -1.54734477E-07
   4.57105312E-03   -1.62635119E-07
   4.68629358E-03   -1.70939171E-07
   4.80443936E-03   -1.79667232E-07
   4.92556370E-03   -1.88840953E-07
   5.04974170E-03   -1.98483092E-07
   5.17705035E-03   -2.08617566E-07
   5.30756856E-03   -2.19269518E-07
   5.44137725E-03   -2.30465370E-07
   5.57855939E-03   -2.42232898E-07
   5.71920001E-03   -2.54601293E-07
   5.86338632E-03   -2.67601239E-07
   6.01120769E-03   -2.81264986E-07
   6.16275578E-03   -2.95626432E-07
   6.31812453E-03   -3.10721207E-07
   6.47741028E-03   -3.26586758E-07
   6.64071176E-03   -3.43262449E-07
   6.80813022E-03   -3.60789652E-07
   6.97976946E-03   -3.79211852E-07
   7.15573588E-03   -3.98574756E-07
   7.33613858E-03   -4.18926409E-07
   7.52108940E-03   -4.40317306E-07
   7.71070299E-03   -4.62800524E-07
   7.90509692E-03   -4.86431852E-07
   8.10439170E-03   -5.11269931E-07
   8.30871089E-03   -5.37376395E-07
   8.51818115E-03   -5.64816031E-07
   8.73293235E-03   -5.93656936E-07
   8.95309762E-03   -6.23970687E-07
   9.17881346E-03   -6.55832521E-07
   9.41021981E-03   -6.89321521E-07
   9.64746013E-03   -7.24520811E-07
   9.89068149E-03   -7.61517767E-07
   1.01400347E-02   -8.00404235E-07
   1.03956743E-02   -8.41276754E-07
   1.06577588E-02   -8.84236805E-07
   1.09264508E-02   -9.29391059E-07
   1.12019167E-02   -9.76851644E-07
   1.14843273E-02   -1.02673643E-06
   1.17738578E-02   -1.07916931E-06
   1.20706876E-02   -1.13428054E-06
   1.23750007E-02   -1.19220702E-06
   1.26869859E-02   -1.25309269E-06
   1.30068365E-02   -1.31708884E-06
   1.33347509E-02   -1.38435452E-06
   1.36709322E-02   -1.45505694E-06
   1.40155890E-02   -1.52937188E-06
   1.43689349E-02   -1.60748413E-06
   1.47311890E-02   -1.68958799E-06
   1.51025759E-02   -1.77588771E-06
   1.54833258E-02   -1.86659802E-06
   1.58736747E-02   -1.96194471E-06
   1.62738646E-02   -2.06216517E-06
   1.66841438E-02   -2.16750900E-06
   1.71047664E-02   -2.27823865E-06
   1.75359933E-02   -2.39463008E-06
   1.79780919E-02   -2.51697348E-06
   1.84313362E-02   -2.64557402E-06
   1.88960071E-02   -2.78075260E-06
   1.93723929E-02   -2.92284673E-06
   1.98607888E-02   -3.07221134E-06
   2.03614976E-02   -3.22921977E-06
   2.08748297E-02   -3.39426470E-06
   2.14011034E-02   -3.56775919E-06
   2.19406449E-02   -3.75013774E-06
   2.24937888E-02   -3.94185750E-06
   2.30608780E-02   -4.14339942E-06
   2.36422640E-02   -4.35526954E-06
   2.42383072E-02   -4.57800038E-06
   2.48493773E-02   -4.81215236E-06
   2.54758530E-02   -5.05831530E-06
   2.61181227E-02   -5.31711005E-06
   2.67765847E-02   -5.58919020E-06
   2.74516471E-02   -5.87524387E-06
   2.81437284E-02   -6.17599567E-06
   2.88532577E-02   -6.49220870E-06
   2.95806749E-02   -6.82468674E-06
   3.03264310E-02   -7.17427658E-06
   3.10909883E-02   -7.54187042E-06
   3.18748208E-02   -7.92840855E-06
   3.26784144E-02   -8.33488212E-06
   3.35022673E-02   -8.76233608E-06
   3.43468904E-02   -9.21187241E-06
   3.52128071E-02   -9.68465353E-06
   3.61005545E-02   -1.01819059E-05
   3.70106827E-02   -1.07049239E-05
   3.79437561E-02   -1.12550740E-05
   3.89003532E-02   -1.18337996E-05
   3.98810670E-02   -1.24426251E-05
   4.08865054E-02   -1.30831619E-05
   4.19172919E-02   -1.37571134E-05
   4.29740655E-02   -1.44662814E-05
   4.40574813E-02   -1.52125726E-05
   4.51682110E-02   -1.59980052E-05
   4.63069432E-02   -1.68247170E-05
   4.74743840E-02   -1.76949737E-05
   4.86712569E-02   -1.86111774E-05
   4.98983042E-02   -1.95758767E-05
   5.11562864E-02   -2.05917772E-05
   5.24459836E-02   -2.16617531E-05
   5.37681951E-02   -2.27888595E-05
   5.51237409E-02   -2.39763466E-05
   5.65134612E-02   -2.52276744E-05
   5.79382177E-02   -2.65465290E-05
   5.93988935E-02   -2.79368409E-05
   6.08963944E-02   -2.94028047E-05
   6.24316486E-02   -3.09489003E-05
   6.40056080E-02   -3.25799172E-05
   6.56192484E-02   -3.43009807E-05
   6.72735702E-02   -3.61175799E-05
   6.89695989E-02   -3.80356005E-05
   7.07083860E-02   -4.00613589E-05
   7.24910096E-02   -4.22016411E-05
   7.43185748E-02   -4.44637453E-05
   7.61922146E-02   -4.68555287E-05
   7.81130905E-02   -4.93854598E-05
   8.00823935E-02   -5.20626753E-05
   8.21013445E-02   -5.48970440E-05
   8.41711951E-02   -5.78992371E-05
   8.62932285E-02   -6.10808054E-05
   8.84687603E-02   -6.44542658E-05
   9.06991393E-02   -6.80331962E-05
   9.29857482E-02   -7.18323411E-05
   9.53300046E-02   -7.58677276E-05
   9.77333619E-02   -8.01567947E-05
   1.00197310E-01   -8.47185358E-05
   1.02723377E-01   -8.95736562E-05
   1.05313128E-01   -9.47447469E-05
   1.07968169E-01   -1.00256478E-04
   1.10690146E-01   -1.06135808E-04
   1.13480746E-01   -1.12412223E-04
   1.16341700E-01   -1.19117987E-04
   1.19274782E-01   -1.26288434E-04
   1.22281809E-01   -1.33962271E-04
   1.25364646E-01   -1.42181927E-04
   1.28525205E-01   -1.50993922E-04
   1.31765443E-01   -1.60449281E-04
   1.35087372E-01   -1.70603981E-04
   1.38493049E-01   -1.81519435E-04
   1.41984586E-01   -1.93263025E-04
   1.45564149E-01   -2.05908673E-04
   1.49233955E-01   -2.19537466E-04
   1.52996281E-01   -2.34238316E-04
   1.56853458E-01   -2.50108682E-04
   1.60807878E-01   -2.67255328E-04
   1.64861993E-01   -2.85795140E-04
   1.69018316E-01   -3.05855978E-04
   1.73279423E-01   -3.27577575E-04
   1.77647957E-01   -3.51112468E-04
   1.82126626E-01   -3.76626963E-04
   1.86718206E-01   -4.04302111E-04
   1.91425544E-01   -4.34334685E-04
   1.96251559E-01   -4.66938152E-04
   2.01199241E-01   -5.02343593E-04
   2.06271660E-01   -5.40800566E-04
   2.11471958E-01   -5.82577863E-04
   2.16803361E-01   -6.27964124E-04
   2.22269174E-01   -6.77268256E-04
   2.27872785E-01   -7.30819599E-04
   2.33617667E-01   -7.88967768E-04
   2.39507384E-01   -8.52082092E-04
   2.45545586E-01   -9.20550552E-04
   2.51736017E-01   -9.94778121E-04
   2.58082514E-01   -1.07518438E-03
   2.64589012E-01   -1.16220030E-03
   2.71259545E-01   -1.25626401E-03
   2.78098248E-01   -1.35781542E-03
   2.85109361E-01   -1.46728958E-03
   2.92297231E-01   -1.58510859E-03
   2.99666313E-01   -1.71167181E-03
   3.07221177E-01   -1.84734442E-03
   3.14966506E-01   -1.99244404E-03
   3.22907102E-01   -2.14722542E-03
   3.31047888E-01   -2.31186316E-03
   3.39393910E-01   -2.48643239E-03
   3.47950344E-01   -2.67088778E-03
   3.56722493E-01   -2.86504085E-03
   3.65715795E-01   -3.06853625E-03
   3.74935828E-01   -3.28082739E-03
   3.84388306E-01   -3.50115232E-03
   3.94079089E-01   -3.72851082E-03
   4.04014186E-01   -3.96164402E-03
   4.14199756E-01   -4.19901792E-03
   4.24642114E-01   -4.43881265E-03
   4.35347733E-01   -4.67891931E-03
   4.46323251E-01   -4.91694631E-03
   4.57575471E-01   -5.15023725E-03
   4.69111370E-01   -5.37590191E-03
   4.80938100E-01   -5.59086150E-03
   4.93062993E-01   -5.79190857E-03
   5.05493566E-01   -5.97578061E-03
   5.18237525E-01   -6.13924460E-03
   5.31302770E-01   -6.27918779E-03
   5.44697403E-01   -6.39270709E-03
   5.58429726E-01   -6.47718657E-03
   5.72508255E-01   -6.53034945E-03
   5.86941715E-01   -6.55026805E-03
   6.01739057E-01   -6.53531305E-03
   6.16909453E-01   -6.48402328E-03
   6.32462309E-01   -6.39487930E-03
   6.48407267E-01   -6.26597051E-03
   6.64754212E-01   -6.09455686E-03
   6.81513278E-01   -5.87654485E-03
   6.98694856E-01   -5.60592296E-03
   7.16309598E-01   -5.27423583E-03
   7.34368423E-01   -4.87021661E-03
   7.52882528E-01   -4.37974098E-03
   7.71863390E-01   -3.78630710E-03
   7.91322778E-01   -3.07227340E-03
   8.11272754E-01   -2.22108596E-03
   8.31725688E-01   -1.22067937E-03
   8.52694259E-01   -6.81176186E-05
   8.74191468E-01    1.22466977E-03
   8.96230640E-01    2.62452345E-03
   9.18825441E-01    4.07096696E-03
   9.41989877E-01    5.47183020E-03
   9.65738310E-01    6.70257700E-03
   9.90085463E-01    7.61177038E-03
   1.01504643E+00    8.03535227E-03
   1.04063669E+00    7.82183020E-03
   1.06687210E+00    6.87045047E-03
   1.09376893E+00    5.17902622E-03
   1.12134385E+00    2.91082624E-03
   1.14961396E+00    4.34492223E-04
   1.17859679E+00   -1.49525389E-03
   1.20831030E+00   -2.07171178E-03
   1.23877292E+00   -1.92499375E-03
   1.27000352E+00   -1.86643916E-03
   1.30202148E+00   -1.79336386E-03
   1.33484664E+00   -1.73270234E-03
   1.36849936E+00   -1.67544020E-03
   1.40300049E+00   -1.62215950E-03
   1.43837142E+00   -1.57086006E-03
   1.47463409E+00   -1.52080972E-03
   1.51181098E+00   -1.47230508E-03
   1.54992513E+00   -1.42636639E-03
   1.58900017E+00   -1.38285706E-03
   1.62906033E+00   -1.34151775E-03
   1.67013044E+00   -1.30211636E-03
   1.71223597E+00   -1.26444977E-03
   1.75540301E+00   -1.22834210E-03
   1.79965834E+00   -1.19364279E-03
   1.84502939E+00   -1.16022399E-03
   1.89154428E+00   -1.12797795E-03
   1.93923185E+00   -1.09681428E-03
   1.98812168E+00   -1.06665741E-03
   2.03824406E+00   -1.03744428E-03
   2.08963007E+00   -1.00912226E-03
   2.14231157E+00   -9.81647297E-04
   2.19632122E+00   -9.54982347E-04
   2.25169250E+00   -9.29096015E-04
   2.30845974E+00   -9.03961409E-04
   2.36665814E+00   -8.79555193E-04
   2.42632377E+00   -8.55856776E-04
   2.48749363E+00   -8.32847670E-04
   2.55020564E+00   -8.10510968E-04
   2.61449867E+00   -7.88830920E-04
   2.68041260E+00   -7.67792599E-04
   2.74798827E+00   -7.47381651E-04
   2.81726759E+00   -7.27584099E-04
   2.88829350E+00   -7.08386204E-04
   2.96111004E+00   -6.89774369E-04
   3.03576235E+00   -6.71735078E-04
   3.11229672E+00   -6.54254859E-04
   3.19076059E+00   -6.37320278E-04
   3.27120260E+00   -6.20917940E-04
   3.35367264E+00   -6.05034512E-04
   3.43822182E+00   -5.89656752E-04
   3.52490256E+00   -5.74771541E-04
   3.61376860E+00   -5.60365929E-04
   3.70487504E+00   -5.46427171E-04
   3.79827835E+00   -5.32942774E-04
   3.89403645E+00   -5.19900537E-04
   3.99220870E+00   -5.07288592E-04
   4.09285596E+00   -4.95095443E-04
   4.19604063E+00   -4.83309995E-04
   4.30182668E+00   -4.71921590E-04
   4.41027970E+00   -4.60920031E-04
   4.52146691E+00   -4.50295604E-04
   4.63545726E+00   -4.40039096E-04
   4.75232141E+00   -4.30141809E-04
   4.87213182E+00   -4.20595567E-04
   4.99496275E+00   -4.11392722E-04
   5.12089037E+00   -4.02526156E-04
   5.24999273E+00   -3.93989274E-04
   5.38234989E+00   -3.85776002E-04
   5.51804389E+00   -3.77880771E-04
   5.65715886E+00   -3.70298509E-04
   5.79978105E+00   -3.63024622E-04
   5.94599888E+00   -3.56054976E-04
   6.09590299E+00   -3.49385878E-04
   6.24958632E+00   -3.43014049E-04
   6.40714416E+00   -3.36936607E-04
   6.56867416E+00   -3.31151035E-04
   6.73427650E+00   -3.25655160E-04
   6.90405381E+00   -3.20447125E-04
   7.07811137E+00   -3.15525365E-04
   7.25655709E+00   -3.10888575E-04
   7.43950158E+00   -3.06535693E-04
   7.62705827E+00   -3.02465869E-04
   7.81934344E+00   -2.98678440E-04
   8.01647630E+00   -2.95172914E-04
   8.21857905E+00   -2.91948942E-04
   8.42577700E+00   -2.89006300E-04
   8.63819861E+00   -2.86344871E-04
   8.85597556E+00   -2.83964628E-04
   9.07924287E+00   -2.81865617E-04
   9.30813895E+00   -2.80047944E-04
   9.54280571E+00   -2.78511765E-04
   9.78338864E+00   -2.77257269E-04
   1.00300369E+01   -2.76284675E-04
   1.02829034E+01   -2.75594221E-04
   1.05421448E+01   -2.75186154E-04
   1.08079220E+01   -2.75060731E-04
   1.10803997E+01   -2.75218209E-04
   1.13597468E+01   -2.75658839E-04
   1.16461365E+01   -2.76382871E-04
   1.19397463E+01   -2.77390541E-04
   1.22407583E+01   -2.78682079E-04
   1.25493591E+01   -2.80257699E-04
   1.28657400E+01   -2.82117606E-04
   1.31900972E+01   -2.84261990E-04
   1.35226317E+01   -2.86691030E-04
   1.38635497E+01   -2.89404894E-04
   1.42130626E+01   -2.92403741E-04
   1.45713870E+01   -2.95687724E-04
   1.49387451E+01   -2.99256996E-04
   1.53153646E+01   -3.03111709E-04
   1.57014791E+01   -3.07252025E-04
   1.60973278E+01   -3.11678120E-04
   1.65031563E+01   -3.16390192E-04
   1.69192161E+01   -3.21388471E-04
   1.73457651E+01   -3.26673227E-04
   1.77830678E+01   -3.32244783E-04
   1.82313954E+01   -3.38103528E-04
   1.86910257E+01   -3.44249926E-04
   1.91622436E+01   -3.50684545E-04
   1.96453415E+01   -3.57408010E-04
   2.01406186E+01   -3.64421274E-04
   2.06483822E+01   -3.71724588E-04
   2.11689469E+01   -3.79323274E-04
   2.17026356E+01   -3.87239513E-04
   2.22497791E+01   -3.95473742E-04
   2.28107165E+01   -4.04021719E-04
   2.33857957E+01   -4.12881398E-04
   2.39753732E+01   -4.22051309E-04
   2.45798144E+01   -4.31530944E-04
   2.51994942E+01   -4.41320556E-04
   2.58347967E+01   -4.51421140E-04
   2.64861157E+01   -4.61834371E-04
   2.71538551E+01   -4.72562563E-04
   2.78384288E+01   -4.83608622E-04
   2.85402613E+01   -4.94976012E-04
   2.92597876E+01   -5.06668723E-04
   2.99974538E+01   -5.18691239E-04
   3.07537172E+01   -5.31048517E-04
   3.15290468E+01   -5.43745961E-04
   3.23239231E+01   -5.56789401E-04
   3.31388390E+01   -5.70185079E-04
   3.39742997E+01   -5.83939633E-04
   3.48308231E+01   -5.98060084E-04
   3.57089403E+01   -6.12553823E-04
   3.66091956E+01   -6.27428603E-04
   3.75321471E+01   -6.42692532E-04
   3.84783671E+01   -6.58354068E-04
   3.94484422E+01   -6.74422008E-04
   4.04429738E+01   -6.90905491E-04
   4.14625785E+01   -7.07813993E-04
   4.25078883E+01   -7.25157321E-04
   4.35795513E+01   -7.42945620E-04
   4.46782320E+01   -7.61189366E-04
   4.58046114E+01   -7.79899373E-04
   4.69593879E+01   -7.99086788E-04
   4.81432773E+01   -8.18763101E-04
   4.93570137E+01   -8.38940139E-04
   5.06013496E+01   -8.59630080E-04
   5.18770562E+01   -8.80845447E-04
   5.31849246E+01   -9.02599119E-04
   5.45257656E+01   -9.24904337E-04
   5.59004104E+01   -9.47774704E-04
   5.73097113E+01   -9.71224196E-04
   5.87545419E+01   -9.95267167E-04
   6.02357981E+01   -1.01991836E-03
   6.17543981E+01   -1.04519290E-03
   6.33112834E+01   -1.07110632E-03
   6.49074192E+01   -1.09767456E-03
   6.65437950E+01   -1.12491399E-03
   6.82214255E+01   -1.15284139E-03
   6.99413505E+01   -1.18147397E-03
   7.17046364E+01   -1.21082941E-03
   7.35123764E+01   -1.24092583E-03
   7.53656911E+01   -1.27178181E-03
   7.72657297E+01   -1.30341642E-03
   7.92136699E+01   -1.33584923E-03
   8.12107196E+01   -1.36910027E-03
   8.32581167E+01   -1.40319012E-03
   8.53571305E+01   -1.43813986E-03
   8.75090625E+01   -1.47397112E-03
   8.97152466E+01   -1.51070609E-03
   9.19770507E+01   -1.54836749E-03
   9.42958769E+01   -1.58697863E-03
   9.66731629E+01   -1.62656353E-03
   9.91103824E+01   -1.66714620E-03
   1.01609046E+02   -1.70875379E-03
   1.04170704E+02   -1.75140402E-03
   1.06796944E+02   -1.79515518E-03
   1.09489393E+02   -1.83990694E-03
   1.12249722E+02   -1.66532218E-03
