# 
# Energy units: hartree
# Length units: bohr
#
# -----------------------------------
# |       r       |       w(r)      |
# -----------------------------------
   3.74165729E-05   -1.86335663E-19
   3.83598792E-05   -2.00787035E-19
   3.93269671E-05   -2.16359194E-19
   4.03184362E-05   -2.33139061E-19
   4.13349012E-05   -2.51220301E-19
   4.23769921E-05   -2.70703843E-19
   4.34453551E-05   -2.91698443E-19
   4.45406526E-05   -3.14321292E-19
   4.56635635E-05   -3.38698670E-19
   4.68147840E-05   -3.64966651E-19
   4.79950279E-05   -3.93271861E-19
   4.92050268E-05   -4.23772300E-19
   5.04455309E-05   -4.56638219E-19
   5.17173092E-05   -4.92053075E-19
   5.30211502E-05   -5.30214553E-19
   5.43578623E-05   -5.71335668E-19
   5.57282741E-05   -6.15645958E-19
   5.71332353E-05   -6.63392759E-19
   5.85736168E-05   -7.14842595E-19
   6.00503117E-05   -7.70282655E-19
   6.15642354E-05   -8.30022405E-19
   6.31163265E-05   -8.94395309E-19
   6.47075473E-05   -9.63760695E-19
   6.63388842E-05   -1.03850576E-18
   6.80113486E-05   -1.11904772E-18
   6.97259774E-05   -1.20583617E-18
   7.14838335E-05   -1.29935556E-18
   7.32860069E-05   -1.40012790E-18
   7.51336146E-05   -1.50871571E-18
   7.70278023E-05   -1.62572512E-18
   7.89697442E-05   -1.75180926E-18
   8.09606443E-05   -1.88767195E-18
   8.30017367E-05   -2.03407156E-18
   8.50942870E-05   -2.19182529E-18
   8.72395924E-05   -2.36181372E-18
   8.94389830E-05   -2.54498571E-18
   9.16938222E-05   -2.74236373E-18
   9.40055079E-05   -2.95504954E-18
   9.63754734E-05   -3.18423035E-18
   9.88051880E-05   -3.43118542E-18
   1.01296158E-04   -3.69729327E-18
   1.03849927E-04   -3.98403930E-18
   1.06468080E-04   -4.29302412E-18
   1.09152238E-04   -4.62597247E-18
   1.11904067E-04   -4.98474286E-18
   1.14725271E-04   -5.37133795E-18
   1.17617601E-04   -5.78791569E-18
   1.20582849E-04   -6.23680142E-18
   1.23622854E-04   -6.72050081E-18
   1.26739500E-04   -7.24171385E-18
   1.29934720E-04   -7.80334994E-18
   1.33210494E-04   -8.40854414E-18
   1.36568853E-04   -9.06067461E-18
   1.40011880E-04   -9.76338155E-18
   1.43541708E-04   -1.05205875E-17
   1.47160527E-04   -1.13365190E-17
   1.50870580E-04   -1.22157308E-17
   1.54674166E-04   -1.31631305E-17
   1.58573644E-04   -1.41840065E-17
   1.62571432E-04   -1.52840573E-17
   1.66670008E-04   -1.64694234E-17
   1.70871912E-04   -1.77467215E-17
   1.75179751E-04   -1.91230815E-17
   1.79596194E-04   -2.06061862E-17
   1.84123979E-04   -2.22043142E-17
   1.88765915E-04   -2.39263863E-17
   1.93524877E-04   -2.57820151E-17
   1.98403818E-04   -2.77815588E-17
   2.03405761E-04   -2.99361786E-17
   2.08533808E-04   -3.22579018E-17
   2.13791137E-04   -3.47596882E-17
   2.19181009E-04   -3.74555028E-17
   2.24706764E-04   -4.03603935E-17
   2.30371829E-04   -4.34905755E-17
   2.36179715E-04   -4.68635215E-17
   2.42134023E-04   -5.04980592E-17
   2.48238445E-04   -5.44144767E-17
   2.54496765E-04   -5.86346354E-17
   2.60912863E-04   -6.31820924E-17
   2.67490717E-04   -6.80822314E-17
   2.74234404E-04   -7.33624052E-17
   2.81148107E-04   -7.90520878E-17
   2.88236109E-04   -8.51830390E-17
   2.95502807E-04   -9.17894818E-17
   3.02952706E-04   -9.89082936E-17
   3.10590423E-04   -1.06579212E-16
   3.18420693E-04   -1.14845055E-16
   3.26448373E-04   -1.23751964E-16
   3.34678437E-04   -1.33349658E-16
   3.43115989E-04   -1.43691709E-16
   3.51766259E-04   -1.54835850E-16
   3.60634611E-04   -1.66844285E-16
   3.69726542E-04   -1.79784047E-16
   3.79047689E-04   -1.93727366E-16
   3.88603830E-04   -2.08752074E-16
   3.98400891E-04   -2.24942038E-16
   4.08444945E-04   -2.42387634E-16
   4.18742218E-04   -2.61186241E-16
   4.29299096E-04   -2.81442795E-16
   4.40122121E-04   -3.03270369E-16
   4.51218006E-04   -3.26790806E-16
   4.62593628E-04   -3.52135397E-16
   4.74256039E-04   -3.79445617E-16
   4.86212471E-04   -4.08873913E-16
   4.98470336E-04   -4.40584557E-16
   5.11037233E-04   -4.74754557E-16
   5.23920952E-04   -5.11574655E-16
   5.37129482E-04   -5.51250380E-16
   5.50671012E-04   -5.94003207E-16
   5.64553935E-04   -6.40071784E-16
   5.78786861E-04   -6.89713269E-16
   5.93378611E-04   -7.43204765E-16
   6.08338233E-04   -8.00844865E-16
   6.23675000E-04   -8.62955321E-16
   6.39398422E-04   -9.29882840E-16
   6.55518245E-04   -1.00200102E-15
   6.72044464E-04   -1.07971242E-15
   6.88987325E-04   -1.16345084E-15
   7.06357330E-04   -1.25368372E-15
   7.24165250E-04   -1.35091474E-15
   7.42422123E-04   -1.45568666E-15
   7.61139269E-04   -1.56858433E-15
   7.80328292E-04   -1.69023795E-15
   8.00001087E-04   -1.82132661E-15
   8.20169852E-04   -1.96258206E-15
   8.40847090E-04   -2.11479281E-15
   8.62045620E-04   -2.27880852E-15
   8.83778585E-04   -2.45554474E-15
   9.06059458E-04   -2.64598804E-15
   9.28902052E-04   -2.85120151E-15
   9.52320529E-04   -3.07233067E-15
   9.76329407E-04   -3.31060990E-15
   1.00094357E-03   -3.56736931E-15
   1.02617828E-03   -3.84404218E-15
   1.05204918E-03   -4.14217294E-15
   1.07857231E-03   -4.46342581E-15
   1.10576411E-03   -4.80959408E-15
   1.13364145E-03   -5.18261013E-15
   1.16222159E-03   -5.58455619E-15
   1.19152227E-03   -6.01767602E-15
   1.22156164E-03   -6.48438738E-15
   1.25235834E-03   -6.98729555E-15
   1.28393145E-03   -7.52920787E-15
   1.31630054E-03   -8.11314942E-15
   1.34948569E-03   -8.74237990E-15
   1.38350747E-03   -9.42041181E-15
   1.41838697E-03   -1.01510301E-14
   1.45414581E-03   -1.09383133E-14
   1.49080617E-03   -1.17866561E-14
   1.52839077E-03   -1.27007944E-14
   1.56692291E-03   -1.36858310E-14
   1.60642648E-03   -1.47472647E-14
   1.64692597E-03   -1.58910207E-14
   1.68844649E-03   -1.71234839E-14
   1.73101378E-03   -1.84515343E-14
   1.77465424E-03   -1.98825854E-14
   1.81939491E-03   -2.14246258E-14
   1.86526353E-03   -2.30862638E-14
   1.91228854E-03   -2.48767753E-14
   1.96049910E-03   -2.68061554E-14
   2.00992509E-03   -2.88851748E-14
   2.06059715E-03   -3.11254394E-14
   2.11254670E-03   -3.35394552E-14
   2.16580595E-03   -3.61406982E-14
   2.22040792E-03   -3.89436898E-14
   2.27638645E-03   -4.19640775E-14
   2.33377625E-03   -4.52187225E-14
   2.39261290E-03   -4.87257937E-14
   2.45293288E-03   -5.25048694E-14
   2.51477357E-03   -5.65770462E-14
   2.57817333E-03   -6.09650573E-14
   2.64317146E-03   -6.56933989E-14
   2.70980825E-03   -7.07884672E-14
   2.77812501E-03   -7.62787059E-14
   2.84816411E-03   -8.21947648E-14
   2.91996895E-03   -8.85696710E-14
   2.99358406E-03   -9.54390134E-14
   3.06905507E-03   -1.02841141E-13
   3.14642878E-03   -1.10817378E-13
   3.22575315E-03   -1.19412254E-13
   3.30707736E-03   -1.28673751E-13
   3.39045183E-03   -1.38653573E-13
   3.47592824E-03   -1.49407438E-13
   3.56355960E-03   -1.60995381E-13
   3.65340022E-03   -1.73482096E-13
   3.74550581E-03   -1.86937296E-13
   3.83993346E-03   -2.01436100E-13
   3.93674172E-03   -2.17059454E-13
   4.03599061E-03   -2.33894585E-13
   4.13774165E-03   -2.52035482E-13
   4.24205793E-03   -2.71583429E-13
   4.34900412E-03   -2.92647564E-13
   4.45864653E-03   -3.15345493E-13
   4.57105312E-03   -3.39803943E-13
   4.68629358E-03   -3.66159474E-13
   4.80443936E-03   -3.94559238E-13
   4.92556370E-03   -4.25161802E-13
   5.04974170E-03   -4.58138035E-13
   5.17705035E-03   -4.93672062E-13
   5.30756856E-03   -5.31962292E-13
   5.44137725E-03   -5.73222525E-13
   5.57855939E-03   -6.17683150E-13
   5.71920001E-03   -6.65592429E-13
   5.86338632E-03   -7.17217886E-13
   6.01120769E-03   -7.72847801E-13
   6.16275578E-03   -8.32792820E-13
   6.31812453E-03   -8.97387695E-13
   6.47741028E-03   -9.66993147E-13
   6.64071176E-03   -1.04199789E-12
   6.80813022E-03   -1.12282081E-12
   6.97976946E-03   -1.20991327E-12
   7.15573588E-03   -1.30376169E-12
   7.33613858E-03   -1.40489023E-12
   7.52108940E-03   -1.51386371E-12
   7.71070299E-03   -1.63129082E-12
   7.90509692E-03   -1.75782746E-12
   8.10439170E-03   -1.89418046E-12
   8.30871089E-03   -2.04111151E-12
   8.51818115E-03   -2.19944142E-12
   8.73293235E-03   -2.37005474E-12
   8.95309762E-03   -2.55390466E-12
   9.17881346E-03   -2.75201842E-12
   9.41021981E-03   -2.96550299E-12
   9.64746013E-03   -3.19555132E-12
   9.89068149E-03   -3.44344898E-12
   1.01400347E-02   -3.71058142E-12
   1.03956743E-02   -3.99844167E-12
   1.06577588E-02   -4.30863879E-12
   1.09264508E-02   -4.64290680E-12
   1.12019167E-02   -5.00311451E-12
   1.14843273E-02   -5.39127592E-12
   1.17738578E-02   -5.80956158E-12
   1.20706876E-02   -6.26031078E-12
   1.23750007E-02   -6.74604469E-12
   1.26869859E-02   -7.26948051E-12
   1.30068365E-02   -7.83354680E-12
   1.33347509E-02   -8.44139995E-12
   1.36709322E-02   -9.09644194E-12
   1.40155890E-02   -9.80233953E-12
   1.43689349E-02   -1.05630450E-11
   1.47311890E-02   -1.13828182E-11
   1.51025759E-02   -1.22662511E-11
   1.54833258E-02   -1.32182933E-11
   1.58736747E-02   -1.42442801E-11
   1.62738646E-02   -1.53499632E-11
   1.66841438E-02   -1.65415426E-11
   1.71047664E-02   -1.78257024E-11
   1.75359933E-02   -1.92096484E-11
   1.79780919E-02   -2.07011493E-11
   1.84313362E-02   -2.23085813E-11
   1.88960071E-02   -2.40409753E-11
   1.93723929E-02   -2.59080689E-11
   1.98607888E-02   -2.79203625E-11
   2.03614976E-02   -3.00891789E-11
   2.08748297E-02   -3.24267292E-11
   2.14011034E-02   -3.49461827E-11
   2.19406449E-02   -3.76617432E-11
   2.24937888E-02   -4.05887315E-11
   2.30608780E-02   -4.37436741E-11
   2.36422640E-02   -4.71443997E-11
   2.42383072E-02   -5.08101439E-11
   2.48493773E-02   -5.47616612E-11
   2.54758530E-02   -5.90213480E-11
   2.61181227E-02   -6.36133746E-11
   2.67765847E-02   -6.85638290E-11
   2.74516471E-02   -7.39008723E-11
   2.81437284E-02   -7.96549075E-11
   2.88532577E-02   -8.58587624E-11
   2.95806749E-02   -9.25478890E-11
   3.03264310E-02   -9.97605786E-11
   3.10909883E-02   -1.07538197E-10
   3.18748208E-02   -1.15925440E-10
   3.26784144E-02   -1.24970610E-10
   3.35022673E-02   -1.34725919E-10
   3.43468904E-02   -1.45247818E-10
   3.52128071E-02   -1.56597355E-10
   3.61005545E-02   -1.68840568E-10
   3.70106827E-02   -1.82048912E-10
   3.79437561E-02   -1.96299724E-10
   3.89003532E-02   -2.11676740E-10
   3.98810670E-02   -2.28270647E-10
   4.08865054E-02   -2.46179703E-10
   4.19172919E-02   -2.65510400E-10
   4.29740655E-02   -2.86378212E-10
   4.40574813E-02   -3.08908397E-10
   4.51682110E-02   -3.33236894E-10
   4.63069432E-02   -3.59511301E-10
   4.74743840E-02   -3.87891958E-10
   4.86712569E-02   -4.18553143E-10
   4.98983042E-02   -4.51684388E-10
   5.11562864E-02   -4.87491941E-10
   5.24459836E-02   -5.26200378E-10
   5.37681951E-02   -5.68054399E-10
   5.51237409E-02   -6.13320814E-10
   5.65134612E-02   -6.62290751E-10
   5.79382177E-02   -7.15282119E-10
   5.93988935E-02   -7.72642345E-10
   6.08963944E-02   -8.34751430E-10
   6.24316486E-02   -9.02025361E-10
   6.40056080E-02   -9.74919926E-10
   6.56192484E-02   -1.05393498E-09
   6.72735702E-02   -1.13961925E-09
   6.89695989E-02   -1.23257566E-09
   7.07083860E-02   -1.33346741E-09
   7.24910096E-02   -1.44302470E-09
   7.43185748E-02   -1.56205242E-09
   7.61922146E-02   -1.69143868E-09
   7.81130905E-02   -1.83216451E-09
   8.00823935E-02   -1.98531480E-09
   8.21013445E-02   -2.15209063E-09
   8.41711951E-02   -2.33382323E-09
   8.62932285E-02   -2.53198971E-09
   8.84687603E-02   -2.74823095E-09
   9.06991393E-02   -2.98437179E-09
   9.29857482E-02   -3.24244391E-09
   9.53300046E-02   -3.52471181E-09
   9.77333619E-02   -3.83370218E-09
   1.00197310E-01   -4.17223732E-09
   1.02723377E-01   -4.54347296E-09
   1.05313128E-01   -4.95094119E-09
   1.07968169E-01   -5.39859925E-09
   1.10690146E-01   -5.89088479E-09
   1.13480746E-01   -6.43277862E-09
   1.16341700E-01   -7.02987594E-09
   1.19274782E-01   -7.68846704E-09
   1.22281809E-01   -8.41562890E-09
   1.25364646E-01   -9.21932895E-09
   1.28525205E-01   -1.01085426E-08
   1.31765443E-01   -1.10933865E-08
   1.35087372E-01   -1.21852689E-08
   1.38493049E-01   -1.33970599E-08
   1.41984586E-01   -1.47432839E-08
   1.45564149E-01   -1.62403361E-08
   1.49233955E-01   -1.79067271E-08
   1.52996281E-01   -1.97633577E-08
   1.56853458E-01   -2.18338279E-08
   1.60807878E-01   -2.41447828E-08
   1.64861993E-01   -2.67263010E-08
   1.69018316E-01   -2.96123271E-08
   1.73279423E-01   -3.28411547E-08
   1.77647957E-01   -3.64559625E-08
   1.82126626E-01   -4.05054091E-08
   1.86718206E-01   -4.50442889E-08
   1.91425544E-01   -5.01342550E-08
   1.96251559E-01   -5.58446105E-08
   2.01199241E-01   -6.22531719E-08
   2.06271660E-01   -6.94472052E-08
   2.11471958E-01   -7.75244359E-08
   2.16803361E-01   -8.65941289E-08
   2.22269174E-01   -9.67782353E-08
   2.27872785E-01   -1.08212597E-07
   2.33617667E-01   -1.21048198E-07
   2.39507384E-01   -1.35452443E-07
   2.45545586E-01   -1.51610442E-07
   2.51736017E-01   -1.69726272E-07
   2.58082514E-01   -1.90024165E-07
   2.64589012E-01   -2.12749587E-07
   2.71259545E-01   -2.38170136E-07
   2.78098248E-01   -2.66576184E-07
   2.85109361E-01   -2.98281174E-07
   2.92297231E-01   -3.33621469E-07
   2.99666313E-01   -3.72955610E-07
   3.07221177E-01   -4.16662869E-07
   3.14966506E-01   -4.65140910E-07
   3.22907102E-01   -5.18802397E-07
   3.31047888E-01   -5.78070360E-07
   3.39393910E-01   -6.43372115E-07
   3.47950344E-01   -7.15131554E-07
   3.56722493E-01   -7.93759623E-07
   3.65715795E-01   -8.79642824E-07
   3.74935828E-01   -9.73129652E-07
   3.84388306E-01   -1.07451491E-06
   3.94079089E-01   -1.18402199E-06
   4.04014186E-01   -1.30178329E-06
   4.14199756E-01   -1.42781920E-06
   4.24642114E-01   -1.56201608E-06
   4.35347733E-01   -1.70410418E-06
   4.46323251E-01   -1.85363651E-06
   4.57575471E-01   -2.00996980E-06
   4.69111370E-01   -2.17224931E-06
   4.80938100E-01   -2.33939877E-06
   4.93062993E-01   -2.51011736E-06
   5.05493566E-01   -2.68288470E-06
   5.18237525E-01   -2.85597468E-06
   5.31302770E-01   -3.02747750E-06
   5.44697403E-01   -3.19532769E-06
   5.58429726E-01   -3.35733330E-06
   5.72508255E-01   -3.51119798E-06
   5.86941715E-01   -3.65452369E-06
   6.01739057E-01   -3.78477675E-06
   6.16909453E-01   -3.89919502E-06
   6.32462309E-01   -3.99460964E-06
   6.48407267E-01   -4.06715229E-06
   6.64754212E-01   -4.11182101E-06
   6.81513278E-01   -4.12188590E-06
   6.98694856E-01   -4.08813546E-06
   7.16309598E-01   -3.99799811E-06
   7.34368423E-01   -3.83462559E-06
   7.52882528E-01   -3.57609976E-06
   7.71863390E-01   -3.19501996E-06
   7.91322778E-01   -2.65884083E-06
   8.11272754E-01   -1.93144486E-06
   8.31725688E-01   -9.76521528E-07
   8.52694259E-01    2.36660541E-07
   8.74191468E-01    1.72462688E-06
   8.96230640E-01    3.47810618E-06
   9.18825441E-01    5.44803886E-06
   9.41989877E-01    7.53082372E-06
   9.65738310E-01    9.55595163E-06
   9.90085463E-01    1.12809899E-05
   1.01504643E+00    1.24008755E-05
   1.04063669E+00    1.25795455E-05
   1.06687210E+00    1.15138336E-05
   1.09376893E+00    9.03217744E-06
   1.12134385E+00    5.25287638E-06
   1.14961396E+00    7.27446961E-07
   1.17859679E+00   -3.10799553E-06
   1.20831030E+00   -4.45073958E-06
   1.23877292E+00   -4.32147549E-06
   1.27000352E+00   -4.36239493E-06
   1.30202148E+00   -4.35598028E-06
   1.33484664E+00   -4.36565756E-06
   1.36849936E+00   -4.37449040E-06
   1.40300049E+00   -4.38847572E-06
   1.43837142E+00   -4.40703491E-06
   1.47463409E+00   -4.43141552E-06
   1.51181098E+00   -4.46225285E-06
   1.54992513E+00   -4.50020066E-06
   1.58900017E+00   -4.54565748E-06
   1.62906033E+00   -4.59872471E-06
   1.67013044E+00   -4.65908407E-06
   1.71223597E+00   -4.72591493E-06
   1.75540301E+00   -4.79787129E-06
   1.79965834E+00   -4.87320843E-06
   1.84502939E+00   -4.95018826E-06
   1.89154428E+00   -5.02796952E-06
   1.93923185E+00   -5.10774042E-06
   1.98812168E+00   -5.19027262E-06
   2.03824406E+00   -5.27551310E-06
   2.08963007E+00   -5.36342864E-06
   2.14231157E+00   -5.45400762E-06
   2.19632122E+00   -5.54725801E-06
   2.25169250E+00   -5.64320519E-06
   2.30845974E+00   -5.74189008E-06
   2.36665814E+00   -5.84336741E-06
   2.42632377E+00   -5.94770394E-06
   2.48749363E+00   -6.05497709E-06
   2.55020564E+00   -6.16527364E-06
   2.61449867E+00   -6.27868857E-06
   2.68041260E+00   -6.39532404E-06
   2.74798827E+00   -6.51528862E-06
   2.81726759E+00   -6.63869657E-06
   2.88829350E+00   -6.76566727E-06
   2.96111004E+00   -6.89632487E-06
   3.03576235E+00   -7.03079795E-06
   3.11229672E+00   -7.16921943E-06
   3.19076059E+00   -7.31172651E-06
   3.27120260E+00   -7.45846079E-06
   3.35367264E+00   -7.60956851E-06
   3.43822182E+00   -7.76520085E-06
   3.52490256E+00   -7.92551442E-06
   3.61376860E+00   -8.09067185E-06
   3.70487504E+00   -8.26084246E-06
   3.79827835E+00   -8.43620307E-06
   3.89403645E+00   -8.61693895E-06
   3.99220870E+00   -8.80324487E-06
   4.09285596E+00   -8.99532623E-06
   4.19604063E+00   -9.19340036E-06
   4.30182668E+00   -9.39769795E-06
   4.41027970E+00   -9.60846450E-06
   4.52146691E+00   -9.82596204E-06
   4.63545726E+00   -1.00504708E-05
   4.75232141E+00   -1.02822912E-05
   4.87213182E+00   -1.05217458E-05
   4.99496275E+00   -1.07691813E-05
   5.12089037E+00   -1.10249710E-05
   5.24999273E+00   -1.12895168E-05
   5.38234989E+00   -1.15632522E-05
   5.51804389E+00   -1.18466445E-05
   5.65715886E+00   -1.21401972E-05
   5.79978105E+00   -1.24444536E-05
   5.94599888E+00   -1.27599990E-05
   6.09590299E+00   -1.30874639E-05
   6.24958632E+00   -1.34275272E-05
   6.40714416E+00   -1.37809191E-05
   6.56867416E+00   -1.41484245E-05
   6.73427650E+00   -1.45308866E-05
   6.90405381E+00   -1.49292097E-05
   7.07811137E+00   -1.53443632E-05
   7.25655709E+00   -1.57773849E-05
   7.43950158E+00   -1.62293845E-05
   7.62705827E+00   -1.67015476E-05
   7.81934344E+00   -1.71951391E-05
   8.01647630E+00   -1.77115070E-05
   8.21857905E+00   -1.82520865E-05
   8.42577700E+00   -1.88184035E-05
   8.63819861E+00   -1.94120786E-05
   8.85597556E+00   -2.00348315E-05
   9.07924287E+00   -2.06884844E-05
   9.30813895E+00   -2.13749665E-05
   9.54280571E+00   -2.20963182E-05
   9.78338864E+00   -2.28546949E-05
   1.00300369E+01   -2.36523718E-05
   1.02829034E+01   -2.44917479E-05
   1.05421448E+01   -2.53753506E-05
   1.08079220E+01   -2.63058402E-05
   1.10803997E+01   -2.72860146E-05
   1.13597468E+01   -2.83188140E-05
   1.16461365E+01   -2.94073258E-05
   1.19397463E+01   -3.05547897E-05
   1.22407583E+01   -3.17646030E-05
   1.25493591E+01   -3.30403259E-05
   1.28657400E+01   -3.43856875E-05
   1.31900972E+01   -3.58045914E-05
   1.35226317E+01   -3.73011222E-05
   1.38635497E+01   -3.88795521E-05
   1.42130626E+01   -4.05443479E-05
   1.45713870E+01   -4.23001789E-05
   1.49387451E+01   -4.41519243E-05
   1.53153646E+01   -4.61046825E-05
   1.57014791E+01   -4.81637798E-05
   1.60973278E+01   -5.03347810E-05
   1.65031563E+01   -5.26234995E-05
   1.69192161E+01   -5.50360095E-05
   1.73457651E+01   -5.75786583E-05
   1.77830678E+01   -6.02580797E-05
   1.82313954E+01   -6.30812089E-05
   1.86910257E+01   -6.60552974E-05
   1.91622436E+01   -6.91879328E-05
   1.96453415E+01   -7.24870446E-05
   2.01406186E+01   -7.59609751E-05
   2.06483822E+01   -7.96182811E-05
   2.11689469E+01   -8.34689998E-05
   2.17026356E+01   -8.75273134E-05
   2.22497791E+01   -9.18031640E-05
   2.28107165E+01   -9.63058950E-05
   2.33857957E+01   -1.01045777E-04
   2.39753732E+01   -1.06033675E-04
   2.45798144E+01   -1.11281170E-04
   2.51994942E+01   -1.16800546E-04
   2.58347967E+01   -1.22604821E-04
   2.64861157E+01   -1.28707771E-04
   2.71538551E+01   -1.35123954E-04
   2.78384288E+01   -1.41868744E-04
   2.85402613E+01   -1.48958363E-04
   2.92597876E+01   -1.56409915E-04
   2.99974538E+01   -1.64241424E-04
   3.07537172E+01   -1.72471880E-04
   3.15290468E+01   -1.81121275E-04
   3.23239231E+01   -1.90210658E-04
   3.31388390E+01   -1.99762178E-04
   3.39742997E+01   -2.09799139E-04
   3.48308231E+01   -2.20346058E-04
   3.57089403E+01   -2.31428722E-04
   3.66091956E+01   -2.43074247E-04
   3.75321471E+01   -2.55311151E-04
   3.84783671E+01   -2.68169419E-04
   3.94484422E+01   -2.81680574E-04
   4.04429738E+01   -2.95877761E-04
   4.14625785E+01   -3.10795821E-04
   4.25078883E+01   -3.26471381E-04
   4.35795513E+01   -3.42942943E-04
   4.46782320E+01   -3.60250977E-04
   4.58046114E+01   -3.78438024E-04
   4.69593879E+01   -3.97548797E-04
   4.81432773E+01   -4.17630296E-04
   4.93570137E+01   -4.38731919E-04
   5.06013496E+01   -4.60905588E-04
   5.18770562E+01   -4.84205873E-04
   5.31849246E+01   -5.08690133E-04
   5.45257656E+01   -5.34418651E-04
   5.59004104E+01   -5.61454790E-04
   5.73097113E+01   -5.89865142E-04
   5.87545419E+01   -6.19719699E-04
   6.02357981E+01   -6.51092024E-04
   6.17543981E+01   -6.84059433E-04
   6.33112834E+01   -7.18703187E-04
   6.49074192E+01   -7.55108689E-04
   6.65437950E+01   -7.93365704E-04
   6.82214255E+01   -8.33568574E-04
   6.99413505E+01   -8.75816451E-04
   7.17046364E+01   -9.20213550E-04
   7.35123764E+01   -9.66869400E-04
   7.53656911E+01   -1.01589912E-03
   7.72657297E+01   -1.06742369E-03
   7.92136699E+01   -1.12157028E-03
   8.12107196E+01   -1.17847254E-03
   8.32581167E+01   -1.23827093E-03
   8.53571305E+01   -1.30111309E-03
   8.75090625E+01   -1.36715418E-03
   8.97152466E+01   -1.43655729E-03
   9.19770507E+01   -1.50949382E-03
   9.42958769E+01   -1.58614388E-03
   9.66731629E+01   -1.66669695E-03
   9.91103824E+01   -1.75135149E-03
   1.01609046E+02   -1.84031881E-03
   1.04170704E+02   -1.93380995E-03
   1.06796944E+02   -2.03209213E-03
   1.09489393E+02   -2.13526055E-03
   1.12249722E+02   -1.88512570E-03
