# 
# Energy units: hartree
# Length units: bohr
#
# ----------------------------------
# |       r       |      v(r)      |
# ----------------------------------
   3.74165729E-05    7.80602809E-06
   3.83598792E-05    7.92879903E-06
   3.93269671E-05    8.15222044E-06
   4.03184362E-05    8.35244200E-06
   4.13349012E-05    8.56204516E-06
   4.23769921E-05    8.78037175E-06
   4.34453551E-05    8.99896719E-06
   4.45406526E-05    9.22614465E-06
   4.56635635E-05    9.46059472E-06
   4.68147840E-05    9.69904290E-06
   4.79950279E-05    9.94376483E-06
   4.92050268E-05    1.01932140E-05
   5.04455309E-05    1.04489467E-05
   5.17173092E-05    1.07137498E-05
   5.30211502E-05    1.09843256E-05
   5.43578623E-05    1.12608495E-05
   5.57282741E-05    1.15458712E-05
   5.71332353E-05    1.18350211E-05
   5.85736168E-05    1.21351008E-05
   6.00503117E-05    1.24387818E-05
   6.15642354E-05    1.27538281E-05
   6.31163265E-05    1.30761432E-05
   6.47075473E-05    1.34042292E-05
   6.63388842E-05    1.37448395E-05
   6.80113486E-05    1.40888379E-05
   6.97259774E-05    1.44435250E-05
   7.14838335E-05    1.48087492E-05
   7.32860069E-05    1.51840564E-05
   7.51336146E-05    1.55642960E-05
   7.70278023E-05    1.59559537E-05
   7.89697442E-05    1.63618661E-05
   8.09606443E-05    1.67717309E-05
   8.30017367E-05    1.71936165E-05
   8.50942870E-05    1.76298598E-05
   8.72395924E-05    1.80729037E-05
   8.94389830E-05    1.85291526E-05
   9.16938222E-05    1.89957298E-05
   9.40055079E-05    1.94744577E-05
   9.63754734E-05    1.99661077E-05
   9.88051880E-05    2.04686775E-05
   1.01296158E-04    2.09862930E-05
   1.03849927E-04    2.15144492E-05
   1.06468080E-04    2.20570579E-05
   1.09152238E-04    2.26127447E-05
   1.11904067E-04    2.31830149E-05
   1.14725271E-04    2.37685542E-05
   1.17617601E-04    2.43675018E-05
   1.20582849E-04    2.49810606E-05
   1.23622854E-04    2.56108544E-05
   1.26739500E-04    2.62568462E-05
   1.29934720E-04    2.69200047E-05
   1.33210494E-04    2.75984714E-05
   1.36568853E-04    2.82932123E-05
   1.40011880E-04    2.90074548E-05
   1.43541708E-04    2.97392212E-05
   1.47160527E-04    3.04886357E-05
   1.50870580E-04    3.12574585E-05
   1.54674166E-04    3.20458657E-05
   1.58573644E-04    3.28540259E-05
   1.62571432E-04    3.36818141E-05
   1.66670008E-04    3.45315876E-05
   1.70871912E-04    3.54031555E-05
   1.75179751E-04    3.62947791E-05
   1.79596194E-04    3.72101644E-05
   1.84123979E-04    3.81497562E-05
   1.88765915E-04    3.91110648E-05
   1.93524877E-04    4.00976351E-05
   1.98403818E-04    4.11085167E-05
   2.03405761E-04    4.21452783E-05
   2.08533808E-04    4.32087050E-05
   2.13791137E-04    4.42981854E-05
   2.19181009E-04    4.54155011E-05
   2.24706764E-04    4.65613710E-05
   2.30371829E-04    4.77354999E-05
   2.36179715E-04    4.89395116E-05
   2.42134023E-04    5.01740315E-05
   2.48238445E-04    5.14396003E-05
   2.54496765E-04    5.27376140E-05
   2.60912863E-04    5.40675895E-05
   2.67490717E-04    5.54318565E-05
   2.74234404E-04    5.68301286E-05
   2.81148107E-04    5.82638291E-05
   2.88236109E-04    5.97343558E-05
   2.95502807E-04    6.12413663E-05
   3.02952706E-04    6.27862533E-05
   3.10590423E-04    6.43708015E-05
   3.18420693E-04    6.59954488E-05
   3.26448373E-04    6.76607251E-05
   3.34678437E-04    6.93679090E-05
   3.43115989E-04    7.11191817E-05
   3.51766259E-04    7.29141763E-05
   3.60634611E-04    7.47541207E-05
   3.69726542E-04    7.66415826E-05
   3.79047689E-04    7.85761994E-05
   3.88603830E-04    8.05601596E-05
   3.98400891E-04    8.25940784E-05
   4.08444945E-04    8.46795892E-05
   4.18742218E-04    8.68178407E-05
   4.29299096E-04    8.90103823E-05
   4.40122121E-04    9.12585757E-05
   4.51218006E-04    9.35634530E-05
   4.62593628E-04    9.59271641E-05
   4.74256039E-04    9.83505784E-05
   4.86212471E-04    1.00835628E-04
   4.98470336E-04    1.03383522E-04
   5.11037233E-04    1.05996204E-04
   5.23920952E-04    1.08675420E-04
   5.37129482E-04    1.11422510E-04
   5.50671012E-04    1.14239674E-04
   5.64553935E-04    1.17128136E-04
   5.78786861E-04    1.20090221E-04
   5.93378611E-04    1.23127749E-04
   6.08338233E-04    1.26242479E-04
   6.23675000E-04    1.29436960E-04
   6.39398422E-04    1.32712532E-04
   6.55518245E-04    1.36071548E-04
   6.72044464E-04    1.39516490E-04
   6.88987325E-04    1.43049364E-04
   7.06357330E-04    1.46672599E-04
   7.24165250E-04    1.50388282E-04
   7.42422123E-04    1.54199055E-04
   7.61139269E-04    1.58107712E-04
   7.80328292E-04    1.62116144E-04
   8.00001087E-04    1.66227456E-04
   8.20169852E-04    1.70444629E-04
   8.40847090E-04    1.74769732E-04
   8.62045620E-04    1.79206310E-04
   8.83778585E-04    1.83757045E-04
   9.06059458E-04    1.88424966E-04
   9.28902052E-04    1.93213454E-04
   9.52320529E-04    1.98125421E-04
   9.76329407E-04    2.03164551E-04
   1.00094357E-03    2.08334190E-04
   1.02617828E-03    2.13637802E-04
   1.05204918E-03    2.19079027E-04
   1.07857231E-03    2.24661714E-04
   1.10576411E-03    2.30389846E-04
   1.13364145E-03    2.36267396E-04
   1.16222159E-03    2.42298328E-04
   1.19152227E-03    2.48487154E-04
   1.22156164E-03    2.54838376E-04
   1.25235834E-03    2.61356288E-04
   1.28393145E-03    2.68045741E-04
   1.31630054E-03    2.74911712E-04
   1.34948569E-03    2.81959090E-04
   1.38350747E-03    2.89193298E-04
   1.41838697E-03    2.96619510E-04
   1.45414581E-03    3.04243448E-04
   1.49080617E-03    3.12071087E-04
   1.52839077E-03    3.20108044E-04
   1.56692291E-03    3.28360845E-04
   1.60642648E-03    3.36835894E-04
   1.64692597E-03    3.45539909E-04
   1.68844649E-03    3.54479777E-04
   1.73101378E-03    3.63662649E-04
   1.77465424E-03    3.73096219E-04
   1.81939491E-03    3.82788193E-04
   1.86526353E-03    3.92746559E-04
   1.91228854E-03    4.02979979E-04
   1.96049910E-03    4.13497186E-04
   2.00992509E-03    4.24307202E-04
   2.06059715E-03    4.35419587E-04
   2.11254670E-03    4.46844427E-04
   2.16580595E-03    4.58591955E-04
   2.22040792E-03    4.70673016E-04
   2.27638645E-03    4.83099025E-04
   2.33377625E-03    4.95881631E-04
   2.39261290E-03    5.09033338E-04
   2.45293288E-03    5.22567021E-04
   2.51477357E-03    5.36496223E-04
   2.57817333E-03    5.50835134E-04
   2.64317146E-03    5.65598604E-04
   2.70980825E-03    5.80802260E-04
   2.77812501E-03    5.96462442E-04
   2.84816411E-03    6.12596338E-04
   2.91996895E-03    6.29222053E-04
   2.99358406E-03    6.46358555E-04
   3.06905507E-03    6.64025772E-04
   3.14642878E-03    6.82244840E-04
   3.22575315E-03    7.01037856E-04
   3.30707736E-03    7.20428219E-04
   3.39045183E-03    7.40440511E-04
   3.47592824E-03    7.61100807E-04
   3.56355960E-03    7.82436556E-04
   3.65340022E-03    8.04476682E-04
   3.74550581E-03    8.27251944E-04
   3.83993346E-03    8.50794834E-04
   3.93674172E-03    8.75139610E-04
   4.03599061E-03    9.00322626E-04
   4.13774165E-03    9.26382495E-04
   4.24205793E-03    9.53360132E-04
   4.34900412E-03    9.81298806E-04
   4.45864653E-03    1.01024446E-03
   4.57105312E-03    1.04024613E-03
   4.68629358E-03    1.07135563E-03
   4.80443936E-03    1.10362815E-03
   4.92556370E-03    1.13712237E-03
   5.04974170E-03    1.17190075E-03
   5.17705035E-03    1.20802977E-03
   5.30756856E-03    1.24558017E-03
   5.44137725E-03    1.28462745E-03
   5.57855939E-03    1.32525195E-03
   5.71920001E-03    1.36753938E-03
   5.86338632E-03    1.41158122E-03
   6.01120769E-03    1.45747507E-03
   6.16275578E-03    1.50532510E-03
   6.31812453E-03    1.55524259E-03
   6.47741028E-03    1.60734642E-03
   6.64071176E-03    1.66176364E-03
   6.80813022E-03    1.71863013E-03
   6.97976946E-03    1.77809107E-03
   7.15573588E-03    1.84030190E-03
   7.33613858E-03    1.90542892E-03
   7.52108940E-03    1.97365008E-03
   7.71070299E-03    2.04515600E-03
   7.90509692E-03    2.12015076E-03
   8.10439170E-03    2.19885301E-03
   8.30871089E-03    2.28149702E-03
   8.51818115E-03    2.36833393E-03
   8.73293235E-03    2.45963290E-03
   8.95309762E-03    2.55568252E-03
   9.17881346E-03    2.65679241E-03
   9.41021981E-03    2.76329460E-03
   9.64746013E-03    2.87554534E-03
   9.89068149E-03    2.99392696E-03
   1.01400347E-02    3.11884979E-03
   1.03956743E-02    3.25075428E-03
   1.06577588E-02    3.39011337E-03
   1.09264508E-02    3.53743489E-03
   1.12019167E-02    3.69326425E-03
   1.14843273E-02    3.85818722E-03
   1.17738578E-02    4.03283315E-03
   1.20706876E-02    4.21787821E-03
   1.23750007E-02    4.41404894E-03
   1.26869859E-02    4.62212614E-03
   1.30068365E-02    4.84294898E-03
   1.33347509E-02    5.07741952E-03
   1.36709322E-02    5.32650744E-03
   1.40155890E-02    5.59125525E-03
   1.43689349E-02    5.87278386E-03
   1.47311890E-02    6.17229856E-03
   1.51025759E-02    6.49109550E-03
   1.54833258E-02    6.83056863E-03
   1.58736747E-02    7.19221718E-03
   1.62738646E-02    7.57765368E-03
   1.66841438E-02    7.98861276E-03
   1.71047664E-02    8.42696036E-03
   1.75359933E-02    8.89470384E-03
   1.79780919E-02    9.39400282E-03
   1.84313362E-02    9.92718082E-03
   1.88960071E-02    1.04967378E-02
   1.93723929E-02    1.11053637E-02
   1.98607888E-02    1.17559528E-02
   2.03614976E-02    1.24516198E-02
   2.08748297E-02    1.31957162E-02
   2.14011034E-02    1.39918485E-02
   2.19406449E-02    1.48438981E-02
   2.24937888E-02    1.57560417E-02
   2.30608780E-02    1.67327745E-02
   2.36422640E-02    1.77789339E-02
   2.42383072E-02    1.88997262E-02
   2.48493773E-02    2.01007543E-02
   2.54758530E-02    2.13880483E-02
   2.61181227E-02    2.27680978E-02
   2.67765847E-02    2.42478871E-02
   2.74516471E-02    2.58349327E-02
   2.81437284E-02    2.75373241E-02
   2.88532577E-02    2.93637670E-02
   2.95806749E-02    3.13236302E-02
   3.03264310E-02    3.34269963E-02
   3.10909883E-02    3.56847153E-02
   3.18748208E-02    3.81084630E-02
   3.26784144E-02    4.07108038E-02
   3.35022673E-02    4.35052573E-02
   3.43468904E-02    4.65063708E-02
   3.52128071E-02    4.97297969E-02
   3.61005545E-02    5.31923765E-02
   3.70106827E-02    5.69122282E-02
   3.79437561E-02    6.09088447E-02
   3.89003532E-02    6.52031952E-02
   3.98810670E-02    6.98178365E-02
   4.08865054E-02    7.47770313E-02
   4.19172919E-02    8.01068756E-02
   4.29740655E-02    8.58354354E-02
   4.40574813E-02    9.19928925E-02
   4.51682110E-02    9.86117018E-02
   4.63069432E-02    1.05726759E-01
   4.74743840E-02    1.13375582E-01
   4.86712569E-02    1.21598501E-01
   4.98983042E-02    1.30438867E-01
   5.11562864E-02    1.39943273E-01
   5.24459836E-02    1.50161788E-01
   5.37681951E-02    1.61148214E-01
   5.51237409E-02    1.72960349E-01
   5.65134612E-02    1.85660282E-01
   5.79382177E-02    1.99314698E-01
   5.93988935E-02    2.13995206E-01
   6.08963944E-02    2.29778692E-01
   6.24316486E-02    2.46747689E-01
   6.40056080E-02    2.64990778E-01
   6.56192484E-02    2.84603010E-01
   6.72735702E-02    3.05686354E-01
   6.89695989E-02    3.28350181E-01
   7.07083860E-02    3.52711765E-01
   7.24910096E-02    3.78896827E-01
   7.43185748E-02    4.07040105E-01
   7.61922146E-02    4.37285955E-01
   7.81130905E-02    4.69788992E-01
   8.00823935E-02    5.04714765E-01
   8.21013445E-02    5.42240466E-01
   8.41711951E-02    5.82555675E-01
   8.62932285E-02    6.25863151E-01
   8.84687603E-02    6.72379654E-01
   9.06991393E-02    7.22336803E-01
   9.29857482E-02    7.75981982E-01
   9.53300046E-02    8.33579273E-01
   9.77333619E-02    8.95410430E-01
   1.00197310E-01    9.61775888E-01
   1.02723377E-01    1.03299580E+00
   1.05313128E-01    1.10941109E+00
   1.07968169E-01    1.19138459E+00
   1.10690146E-01    1.27930207E+00
   1.13480746E-01    1.37357343E+00
   1.16341700E-01    1.47463380E+00
   1.19274782E-01    1.58294462E+00
   1.22281809E-01    1.69899478E+00
   1.25364646E-01    1.82330167E+00
   1.28525205E-01    1.95641217E+00
   1.31765443E-01    2.09890361E+00
   1.35087372E-01    2.25138463E+00
   1.38493049E-01    2.41449586E+00
   1.41984586E-01    2.58891054E+00
   1.45564149E-01    2.77533489E+00
   1.49233955E-01    2.97450826E+00
   1.52996281E-01    3.18720304E+00
   1.56853458E-01    3.41422421E+00
   1.60807878E-01    3.65640851E+00
   1.64861993E-01    3.91462316E+00
   1.69018316E-01    4.18976409E+00
   1.73279423E-01    4.48275347E+00
   1.77647957E-01    4.79453666E+00
   1.82126626E-01    5.12607823E+00
   1.86718206E-01    5.47835716E+00
   1.91425544E-01    5.85236095E+00
   1.96251559E-01    6.24907855E+00
   2.01199241E-01    6.66949206E+00
   2.06271660E-01    7.11456681E+00
   2.11471958E-01    7.58523997E+00
   2.16803361E-01    8.08240726E+00
   2.22269174E-01    8.60690776E+00
   2.27872785E-01    9.15950650E+00
   2.33617667E-01    9.74087482E+00
   2.39507384E-01    1.03515682E+01
   2.45545586E-01    1.09920015E+01
   2.51736017E-01    1.16624216E+01
   2.58082514E-01    1.23628766E+01
   2.64589012E-01    1.30931833E+01
   2.71259545E-01    1.38528906E+01
   2.78098248E-01    1.46412409E+01
   2.85109361E-01    1.54571289E+01
   2.92297231E-01    1.62990580E+01
   2.99666313E-01    1.71650951E+01
   3.07221177E-01    1.80528245E+01
   3.14966506E-01    1.89593016E+01
   3.22907102E-01    1.98810075E+01
   3.31047888E-01    2.08138064E+01
   3.39393910E-01    2.17529071E+01
   3.47950344E-01    2.26928306E+01
   3.56722493E-01    2.36273872E+01
   3.65715795E-01    2.45496641E+01
   3.74935828E-01    2.54520292E+01
   3.84388306E-01    2.63261523E+01
   3.94079089E-01    2.71630481E+01
   4.04014186E-01    2.79531462E+01
   4.14199756E-01    2.86863892E+01
   4.24642114E-01    2.93523639E+01
   4.35347733E-01    2.99404685E+01
   4.46323251E-01    3.04401145E+01
   4.57575471E-01    3.08409663E+01
   4.69111370E-01    3.11332119E+01
   4.80938100E-01    3.13078607E+01
   4.93062993E-01    3.13570564E+01
   5.05493566E-01    3.12743896E+01
   5.18237525E-01    3.10551880E+01
   5.31302770E-01    3.06967562E+01
   5.44697403E-01    3.01985286E+01
   5.58429726E-01    2.95620940E+01
   5.72508255E-01    2.87910450E+01
   5.86941715E-01    2.78906016E+01
   6.01739057E-01    2.68669604E+01
   6.16909453E-01    2.57263333E+01
   6.32462309E-01    2.44736519E+01
   6.48407267E-01    2.31109522E+01
   6.64754212E-01    2.16354975E+01
   6.81513278E-01    2.00377658E+01
   6.98694856E-01    1.82995156E+01
   7.16309598E-01    1.63922487E+01
   7.34368423E-01    1.42765074E+01
   7.52882528E-01    1.19025650E+01
   7.71863390E-01    9.21316333E+00
   7.91322778E-01    6.14899912E+00
   8.11272754E-01    2.65760113E+00
   8.31725688E-01   -1.29397805E+00
   8.52694259E-01   -5.70268101E+00
   8.74191468E-01   -1.05099503E+01
   8.96230640E-01   -1.55810906E+01
   9.18825441E-01   -2.06867999E+01
   9.41989877E-01   -2.54918615E+01
   9.65738310E-01   -2.95576793E+01
   9.90085463E-01   -3.23665078E+01
   1.01504643E+00   -3.33756221E+01
   1.04063669E+00   -3.21070799E+01
   1.06687210E+00   -2.82783001E+01
   1.09376893E+00   -2.19592865E+01
   1.12134385E+00   -1.37871165E+01
   1.14961396E+00   -5.07594928E+00
   1.17859679E+00    1.60339637E+00
   1.20831030E+00    3.60456125E+00
   1.23877292E+00    3.15353774E+00
   1.27000352E+00    2.98889844E+00
   1.30202148E+00    2.76995969E+00
   1.33484664E+00    2.58793420E+00
   1.36849936E+00    2.41656762E+00
   1.40300049E+00    2.26137002E+00
   1.43837142E+00    2.11919250E+00
   1.47463409E+00    1.98924697E+00
   1.51181098E+00    1.87016361E+00
   1.54992513E+00    1.76082502E+00
   1.58900017E+00    1.66016399E+00
   1.62906033E+00    1.56723111E+00
   1.67013044E+00    1.48117916E+00
   1.71223597E+00    1.40126392E+00
   1.75540301E+00    1.32683553E+00
   1.79965834E+00    1.25732979E+00
   1.84502939E+00    1.19225837E+00
   1.89154428E+00    1.13119920E+00
   1.93923185E+00    1.07378741E+00
   1.98812168E+00    1.01970693E+00
   2.03824406E+00    9.68683254E-01
   2.08963007E+00    9.20476985E-01
   2.14231157E+00    8.74878310E-01
   2.19632122E+00    8.31702332E-01
   2.25169250E+00    7.90785119E-01
   2.30845974E+00    7.51980393E-01
   2.36665814E+00    7.15156806E-01
   2.42632377E+00    6.80195626E-01
   2.48749363E+00    6.46988858E-01
   2.55020564E+00    6.15437709E-01
   2.61449867E+00    5.85451295E-01
   2.68041260E+00    5.56945580E-01
   2.74798827E+00    5.29842518E-01
   2.81726759E+00    5.04069333E-01
   2.88829350E+00    4.79557925E-01
   2.96111004E+00    4.56244377E-01
   3.03576235E+00    4.34068545E-01
   3.11229672E+00    4.12973716E-01
   3.19076059E+00    3.92906314E-01
   3.27120260E+00    3.73815654E-01
   3.35367264E+00    3.55653723E-01
   3.43822182E+00    3.38375001E-01
   3.52490256E+00    3.21936294E-01
   3.61376860E+00    3.06296591E-01
   3.70487504E+00    2.91416934E-01
   3.79827835E+00    2.77260302E-01
   3.89403645E+00    2.63791502E-01
   3.99220870E+00    2.50977074E-01
   4.09285596E+00    2.38785197E-01
   4.19604063E+00    2.27185608E-01
   4.30182668E+00    2.16149522E-01
   4.41027970E+00    2.05649554E-01
   4.52146691E+00    1.95659656E-01
   4.63545726E+00    1.86155046E-01
   4.75232141E+00    1.77112148E-01
   4.87213182E+00    1.68508531E-01
   4.99496275E+00    1.60322855E-01
   5.12089037E+00    1.52534817E-01
   5.24999273E+00    1.45125101E-01
   5.38234989E+00    1.38075329E-01
   5.51804389E+00    1.31368015E-01
   5.65715886E+00    1.24986523E-01
   5.79978105E+00    1.18915027E-01
   5.94599888E+00    1.13138467E-01
   6.09590299E+00    1.07642517E-01
   6.24958632E+00    1.02413544E-01
   6.40714416E+00    9.74385798E-02
   6.56867416E+00    9.27052858E-02
   6.73427650E+00    8.82019220E-02
   6.90405381E+00    8.39173190E-02
   7.07811137E+00    7.98408500E-02
   7.25655709E+00    7.59624046E-02
   7.43950158E+00    7.22723631E-02
   7.62705827E+00    6.87615736E-02
   7.81934344E+00    6.54213285E-02
   8.01647630E+00    6.22433431E-02
   8.21857905E+00    5.92197353E-02
   8.42577700E+00    5.63430060E-02
   8.63819861E+00    5.36060202E-02
   8.85597556E+00    5.10019895E-02
   9.07924287E+00    4.85244553E-02
   9.30813895E+00    4.61672728E-02
   9.54280571E+00    4.39245956E-02
   9.78338864E+00    4.17908615E-02
   1.00300369E+01    3.97607782E-02
   1.02829034E+01    3.78293106E-02
   1.05421448E+01    3.59916684E-02
   1.08079220E+01    3.42432937E-02
   1.10803997E+01    3.25798502E-02
   1.13597468E+01    3.09972120E-02
   1.16461365E+01    2.94914541E-02
   1.19397463E+01    2.80588416E-02
   1.22407583E+01    2.66958215E-02
   1.25493591E+01    2.53990130E-02
   1.28657400E+01    2.41651999E-02
   1.31900972E+01    2.29913220E-02
   1.35226317E+01    2.18744678E-02
   1.38635497E+01    2.08118673E-02
   1.42130626E+01    1.98008849E-02
   1.45713870E+01    1.88390132E-02
   1.49387451E+01    1.79238666E-02
   1.53153646E+01    1.70531752E-02
   1.57014791E+01    1.62247796E-02
   1.60973278E+01    1.54366251E-02
   1.65031563E+01    1.46867570E-02
   1.69192161E+01    1.39733154E-02
   1.73457651E+01    1.32945308E-02
   1.77830678E+01    1.26487196E-02
   1.82313954E+01    1.20342801E-02
   1.86910257E+01    1.14496884E-02
   1.91622436E+01    1.08934945E-02
   1.96453415E+01    1.03643190E-02
   2.01406186E+01    9.86084934E-03
   2.06483822E+01    9.38183682E-03
   2.11689469E+01    8.92609340E-03
   2.17026356E+01    8.49248871E-03
   2.22497791E+01    8.07994734E-03
   2.28107165E+01    7.68744606E-03
   2.33857957E+01    7.31401141E-03
   2.39753732E+01    6.95871717E-03
   2.45798144E+01    6.62068213E-03
   2.51994942E+01    6.29906788E-03
   2.58347967E+01    5.99307676E-03
   2.64861157E+01    5.70194983E-03
   2.71538551E+01    5.42496504E-03
   2.78384288E+01    5.16143539E-03
   2.85402613E+01    4.91070728E-03
   2.92597876E+01    4.67215884E-03
   2.99974538E+01    4.44519841E-03
   3.07537172E+01    4.22926309E-03
   3.15290468E+01    4.02381730E-03
   3.23239231E+01    3.82835150E-03
   3.31388390E+01    3.64238088E-03
   3.39742997E+01    3.46544419E-03
   3.48308231E+01    3.29710259E-03
   3.57089403E+01    3.13693856E-03
   3.66091956E+01    2.98455485E-03
   3.75321471E+01    2.83957351E-03
   3.84783671E+01    2.70163496E-03
   3.94484422E+01    2.57039708E-03
   4.04429738E+01    2.44553437E-03
   4.14625785E+01    2.32673714E-03
   4.25078883E+01    2.21371075E-03
   4.35795513E+01    2.10617487E-03
   4.46782320E+01    2.00386278E-03
   4.58046114E+01    1.90652072E-03
   4.69593879E+01    1.81390727E-03
   4.81432773E+01    1.72579272E-03
   4.93570137E+01    1.64195853E-03
   5.06013496E+01    1.56219677E-03
   5.18770562E+01    1.48630962E-03
   5.31849246E+01    1.41410885E-03
   5.45257656E+01    1.34541539E-03
   5.59004104E+01    1.28005887E-03
   5.73097113E+01    1.21787718E-03
   5.87545419E+01    1.15871611E-03
   6.02357981E+01    1.10242892E-03
   6.17543981E+01    1.04887600E-03
   6.33112834E+01    9.97924538E-04
   6.49074192E+01    9.49448151E-04
   6.65437950E+01    9.03326612E-04
   6.82214255E+01    8.59445529E-04
   6.99413505E+01    8.17696066E-04
   7.17046364E+01    7.77974675E-04
   7.35123764E+01    7.40182839E-04
   7.53656911E+01    7.04226824E-04
   7.72657297E+01    6.70017452E-04
   7.92136699E+01    6.37469876E-04
   8.12107196E+01    6.06503370E-04
   8.32581167E+01    5.77041131E-04
   8.53571305E+01    5.49010083E-04
   8.75090625E+01    5.22340716E-04
   8.97152466E+01    4.96966827E-04
   9.19770507E+01    4.72825702E-04
   9.42958769E+01    4.49856639E-04
   9.66731629E+01    4.28005792E-04
   9.91103824E+01    4.07207166E-04
   1.01609046E+02    3.87453769E-04
   1.04170704E+02    3.68528082E-04
   1.06796944E+02    3.51020050E-04
   1.09489393E+02    3.32479371E-04
   1.12249722E+02    3.21955992E-04
