# 
# Energy units: hartree
# Length units: bohr
#
# -----------------------------------
# |       r       |       w(r)      |
# -----------------------------------
   3.74165729E-05   -2.11752470E-04
   3.83598792E-05   -2.17090947E-04
   3.93269671E-05   -2.22564012E-04
   4.03184362E-05   -2.28175058E-04
   4.13349012E-05   -2.33927564E-04
   4.23769921E-05   -2.39825097E-04
   4.34453551E-05   -2.45871311E-04
   4.45406526E-05   -2.52069956E-04
   4.56635635E-05   -2.58424875E-04
   4.68147840E-05   -2.64940008E-04
   4.79950279E-05   -2.71619393E-04
   4.92050268E-05   -2.78467172E-04
   5.04455309E-05   -2.85487589E-04
   5.17173092E-05   -2.92684999E-04
   5.30211502E-05   -3.00063861E-04
   5.43578623E-05   -3.07628752E-04
   5.57282741E-05   -3.15384361E-04
   5.71332353E-05   -3.23335496E-04
   5.85736168E-05   -3.31487087E-04
   6.00503117E-05   -3.39844187E-04
   6.15642354E-05   -3.48411978E-04
   6.31163265E-05   -3.57195771E-04
   6.47075473E-05   -3.66201011E-04
   6.63388842E-05   -3.75433283E-04
   6.80113486E-05   -3.84898308E-04
   6.97259774E-05   -3.94601956E-04
   7.14838335E-05   -4.04550243E-04
   7.32860069E-05   -4.14749335E-04
   7.51336146E-05   -4.25205556E-04
   7.70278023E-05   -4.35925388E-04
   7.89697442E-05   -4.46915478E-04
   8.09606443E-05   -4.58182639E-04
   8.30017367E-05   -4.69733855E-04
   8.50942870E-05   -4.81576289E-04
   8.72395924E-05   -4.93717282E-04
   8.94389830E-05   -5.06164361E-04
   9.16938222E-05   -5.18925243E-04
   9.40055079E-05   -5.32007839E-04
   9.63754734E-05   -5.45420260E-04
   9.88051880E-05   -5.59170821E-04
   1.01296158E-04   -5.73268047E-04
   1.03849927E-04   -5.87720678E-04
   1.06468080E-04   -6.02537674E-04
   1.09152238E-04   -6.17728221E-04
   1.11904067E-04   -6.33301736E-04
   1.14725271E-04   -6.49267875E-04
   1.17617601E-04   -6.65636536E-04
   1.20582849E-04   -6.82417866E-04
   1.23622854E-04   -6.99622271E-04
   1.26739500E-04   -7.17260415E-04
   1.29934720E-04   -7.35343235E-04
   1.33210494E-04   -7.53881940E-04
   1.36568853E-04   -7.72888024E-04
   1.40011880E-04   -7.92373270E-04
   1.43541708E-04   -8.12349758E-04
   1.47160527E-04   -8.32829874E-04
   1.50870580E-04   -8.53826313E-04
   1.54674166E-04   -8.75352094E-04
   1.58573644E-04   -8.97420561E-04
   1.62571432E-04   -9.20045396E-04
   1.66670008E-04   -9.43240626E-04
   1.70871912E-04   -9.67020630E-04
   1.75179751E-04   -9.91400152E-04
   1.79596194E-04   -1.01639431E-03
   1.84123979E-04   -1.04201859E-03
   1.88765915E-04   -1.06828888E-03
   1.93524877E-04   -1.09522148E-03
   1.98403818E-04   -1.12283308E-03
   2.03405761E-04   -1.15114079E-03
   2.08533808E-04   -1.18016216E-03
   2.13791137E-04   -1.20991520E-03
   2.19181009E-04   -1.24041834E-03
   2.24706764E-04   -1.27169049E-03
   2.30371829E-04   -1.30375105E-03
   2.36179715E-04   -1.33661989E-03
   2.42134023E-04   -1.37031738E-03
   2.48238445E-04   -1.40486442E-03
   2.54496765E-04   -1.44028243E-03
   2.60912863E-04   -1.47659336E-03
   2.67490717E-04   -1.51381973E-03
   2.74234404E-04   -1.55198461E-03
   2.81148107E-04   -1.59111167E-03
   2.88236109E-04   -1.63122517E-03
   2.95502807E-04   -1.67234996E-03
   3.02952706E-04   -1.71451156E-03
   3.10590423E-04   -1.75773609E-03
   3.18420693E-04   -1.80205036E-03
   3.26448373E-04   -1.84748183E-03
   3.34678437E-04   -1.89405869E-03
   3.43115989E-04   -1.94180979E-03
   3.51766259E-04   -1.99076475E-03
   3.60634611E-04   -2.04095391E-03
   3.69726542E-04   -2.09240840E-03
   3.79047689E-04   -2.14516010E-03
   3.88603830E-04   -2.19924174E-03
   3.98400891E-04   -2.25468683E-03
   4.08444945E-04   -2.31152974E-03
   4.18742218E-04   -2.36980573E-03
   4.29299096E-04   -2.42955092E-03
   4.40122121E-04   -2.49080234E-03
   4.51218006E-04   -2.55359798E-03
   4.62593628E-04   -2.61797677E-03
   4.74256039E-04   -2.68397861E-03
   4.86212471E-04   -2.75164443E-03
   4.98470336E-04   -2.82101618E-03
   5.11037233E-04   -2.89213686E-03
   5.23920952E-04   -2.96505057E-03
   5.37129482E-04   -3.03980251E-03
   5.50671012E-04   -3.11643903E-03
   5.64553935E-04   -3.19500763E-03
   5.78786861E-04   -3.27555703E-03
   5.93378611E-04   -3.35813717E-03
   6.08338233E-04   -3.44279925E-03
   6.23675000E-04   -3.52959574E-03
   6.39398422E-04   -3.61858047E-03
   6.55518245E-04   -3.70980859E-03
   6.72044464E-04   -3.80333667E-03
   6.88987325E-04   -3.89922269E-03
   7.06357330E-04   -3.99752610E-03
   7.24165250E-04   -4.09830784E-03
   7.42422123E-04   -4.20163040E-03
   7.61139269E-04   -4.30755782E-03
   7.80328292E-04   -4.41615578E-03
   8.00001087E-04   -4.52749161E-03
   8.20169852E-04   -4.64163433E-03
   8.40847090E-04   -4.75865470E-03
   8.62045620E-04   -4.87862528E-03
   8.83778585E-04   -5.00162043E-03
   9.06059458E-04   -5.12771642E-03
   9.28902052E-04   -5.25699141E-03
   9.52320529E-04   -5.38952554E-03
   9.76329407E-04   -5.52540100E-03
   1.00094357E-03   -5.66470200E-03
   1.02617828E-03   -5.80751491E-03
   1.05204918E-03   -5.95392827E-03
   1.07857231E-03   -6.10403285E-03
   1.10576411E-03   -6.25792169E-03
   1.13364145E-03   -6.41569022E-03
   1.16222159E-03   -6.57743622E-03
   1.19152227E-03   -6.74325998E-03
   1.22156164E-03   -6.91326429E-03
   1.25235834E-03   -7.08755456E-03
   1.28393145E-03   -7.26623882E-03
   1.31630054E-03   -7.44942784E-03
   1.34948569E-03   -7.63723520E-03
   1.38350747E-03   -7.82977732E-03
   1.41838697E-03   -8.02717355E-03
   1.45414581E-03   -8.22954628E-03
   1.49080617E-03   -8.43702095E-03
   1.52839077E-03   -8.64972618E-03
   1.56692291E-03   -8.86779382E-03
   1.60642648E-03   -9.09135907E-03
   1.64692597E-03   -9.32056050E-03
   1.68844649E-03   -9.55554019E-03
   1.73101378E-03   -9.79644382E-03
   1.77465424E-03   -1.00434207E-02
   1.81939491E-03   -1.02966240E-02
   1.86526353E-03   -1.05562105E-02
   1.91228854E-03   -1.08223413E-02
   1.96049910E-03   -1.10951812E-02
   2.00992509E-03   -1.13748995E-02
   2.06059715E-03   -1.16616695E-02
   2.11254670E-03   -1.19556689E-02
   2.16580595E-03   -1.22570799E-02
   2.22040792E-03   -1.25660895E-02
   2.27638645E-03   -1.28828891E-02
   2.33377625E-03   -1.32076751E-02
   2.39261290E-03   -1.35406487E-02
   2.45293288E-03   -1.38820164E-02
   2.51477357E-03   -1.42319897E-02
   2.57817333E-03   -1.45907856E-02
   2.64317146E-03   -1.49586263E-02
   2.70980825E-03   -1.53357399E-02
   2.77812501E-03   -1.57223601E-02
   2.84816411E-03   -1.61187264E-02
   2.91996895E-03   -1.65250845E-02
   2.99358406E-03   -1.69416862E-02
   3.06905507E-03   -1.73687897E-02
   3.14642878E-03   -1.78066595E-02
   3.22575315E-03   -1.82555671E-02
   3.30707736E-03   -1.87157906E-02
   3.39045183E-03   -1.91876152E-02
   3.47592824E-03   -1.96713331E-02
   3.56355960E-03   -2.01672440E-02
   3.65340022E-03   -2.06756552E-02
   3.74550581E-03   -2.11968818E-02
   3.83993346E-03   -2.17312464E-02
   3.93674172E-03   -2.22790802E-02
   4.03599061E-03   -2.28407226E-02
   4.13774165E-03   -2.34165213E-02
   4.24205793E-03   -2.40068331E-02
   4.34900412E-03   -2.46120235E-02
   4.45864653E-03   -2.52324674E-02
   4.57105312E-03   -2.58685489E-02
   4.68629358E-03   -2.65206620E-02
   4.80443936E-03   -2.71892105E-02
   4.92556370E-03   -2.78746083E-02
   5.04974170E-03   -2.85772797E-02
   5.17705035E-03   -2.92976598E-02
   5.30756856E-03   -3.00361945E-02
   5.44137725E-03   -3.07933411E-02
   5.57855939E-03   -3.15695680E-02
   5.71920001E-03   -3.23653557E-02
   5.86338632E-03   -3.31811968E-02
   6.01120769E-03   -3.40175959E-02
   6.16275578E-03   -3.48750708E-02
   6.31812453E-03   -3.57541518E-02
   6.47741028E-03   -3.66553828E-02
   6.64071176E-03   -3.75793212E-02
   6.80813022E-03   -3.85265386E-02
   6.97976946E-03   -3.94976206E-02
   7.15573588E-03   -4.04931678E-02
   7.33613858E-03   -4.15137957E-02
   7.52108940E-03   -4.25601353E-02
   7.71070299E-03   -4.36328334E-02
   7.90509692E-03   -4.47325528E-02
   8.10439170E-03   -4.58599733E-02
   8.30871089E-03   -4.70157914E-02
   8.51818115E-03   -4.82007212E-02
   8.73293235E-03   -4.94154947E-02
   8.95309762E-03   -5.06608620E-02
   9.17881346E-03   -5.19375923E-02
   9.41021981E-03   -5.32464737E-02
   9.64746013E-03   -5.45883143E-02
   9.89068149E-03   -5.59639422E-02
   1.01400347E-02   -5.73742064E-02
   1.03956743E-02   -5.88199769E-02
   1.06577588E-02   -6.03021456E-02
   1.09264508E-02   -6.18216267E-02
   1.12019167E-02   -6.33793570E-02
   1.14843273E-02   -6.49762970E-02
   1.17738578E-02   -6.66134311E-02
   1.20706876E-02   -6.82917681E-02
   1.23750007E-02   -7.00123421E-02
   1.26869859E-02   -7.17762132E-02
   1.30068365E-02   -7.35844675E-02
   1.33347509E-02   -7.54382188E-02
   1.36709322E-02   -7.73386081E-02
   1.40155890E-02   -7.92868054E-02
   1.43689349E-02   -8.12840094E-02
   1.47311890E-02   -8.33314492E-02
   1.51025759E-02   -8.54303842E-02
   1.54833258E-02   -8.75821054E-02
   1.58736747E-02   -8.97879362E-02
   1.62738646E-02   -9.20492327E-02
   1.66841438E-02   -9.43673853E-02
   1.71047664E-02   -9.67438188E-02
   1.75359933E-02   -9.91799940E-02
   1.79780919E-02   -1.01677408E-01
   1.84313362E-02   -1.04237596E-01
   1.88960071E-02   -1.06862130E-01
   1.93723929E-02   -1.09552624E-01
   1.98607888E-02   -1.12310731E-01
   2.03614976E-02   -1.15138146E-01
   2.08748297E-02   -1.18036607E-01
   2.14011034E-02   -1.21007895E-01
   2.19406449E-02   -1.24053838E-01
   2.24937888E-02   -1.27176308E-01
   2.30608780E-02   -1.30377226E-01
   2.36422640E-02   -1.33658563E-01
   2.42383072E-02   -1.37022340E-01
   2.48493773E-02   -1.40470627E-01
   2.54758530E-02   -1.44005553E-01
   2.61181227E-02   -1.47629297E-01
   2.67765847E-02   -1.51344097E-01
   2.74516471E-02   -1.55152251E-01
   2.81437284E-02   -1.59056116E-01
   2.88532577E-02   -1.63058111E-01
   2.95806749E-02   -1.67160721E-01
   3.03264310E-02   -1.71366497E-01
   3.10909883E-02   -1.75678060E-01
   3.18748208E-02   -1.80098101E-01
   3.26784144E-02   -1.84629387E-01
   3.35022673E-02   -1.89274762E-01
   3.43468904E-02   -1.94037150E-01
   3.52128071E-02   -1.98919558E-01
   3.61005545E-02   -2.03925080E-01
   3.70106827E-02   -2.09056903E-01
   3.79437561E-02   -2.14318304E-01
   3.89003532E-02   -2.19712663E-01
   3.98810670E-02   -2.25243462E-01
   4.08865054E-02   -2.30914291E-01
   4.19172919E-02   -2.36728854E-01
   4.29740655E-02   -2.42690976E-01
   4.40574813E-02   -2.48804604E-01
   4.51682110E-02   -2.55073823E-01
   4.63069432E-02   -2.61502853E-01
   4.74743840E-02   -2.68096065E-01
   4.86712569E-02   -2.74857985E-01
   4.98983042E-02   -2.81793306E-01
   5.11562864E-02   -2.88906895E-01
   5.24459836E-02   -2.96203808E-01
   5.37681951E-02   -3.03689299E-01
   5.51237409E-02   -3.11368834E-01
   5.65134612E-02   -3.19248106E-01
   5.79382177E-02   -3.27333048E-01
   5.93988935E-02   -3.35629854E-01
   6.08963944E-02   -3.44144991E-01
   6.24316486E-02   -3.52885225E-01
   6.40056080E-02   -3.61857639E-01
   6.56192484E-02   -3.71069656E-01
   6.72735702E-02   -3.80529067E-01
   6.89695989E-02   -3.90244054E-01
   7.07083860E-02   -4.00223226E-01
   7.24910096E-02   -4.10475643E-01
   7.43185748E-02   -4.21010860E-01
   7.61922146E-02   -4.31838955E-01
   7.81130905E-02   -4.42970577E-01
   8.00823935E-02   -4.54416986E-01
   8.21013445E-02   -4.66190099E-01
   8.41711951E-02   -4.78302544E-01
   8.62932285E-02   -4.90767710E-01
   8.84687603E-02   -5.03599805E-01
   9.06991393E-02   -5.16813920E-01
   9.29857482E-02   -5.30426090E-01
   9.53300046E-02   -5.44453369E-01
   9.77333619E-02   -5.58913895E-01
   1.00197310E-01   -5.73826972E-01
   1.02723377E-01   -5.89213150E-01
   1.05313128E-01   -6.05094306E-01
   1.07968169E-01   -6.21493732E-01
   1.10690146E-01   -6.38436223E-01
   1.13480746E-01   -6.55948168E-01
   1.16341700E-01   -6.74057641E-01
   1.19274782E-01   -6.92794492E-01
   1.22281809E-01   -7.12190434E-01
   1.25364646E-01   -7.32279133E-01
   1.28525205E-01   -7.53096285E-01
   1.31765443E-01   -7.74679687E-01
   1.35087372E-01   -7.97069302E-01
   1.38493049E-01   -8.20307303E-01
   1.41984586E-01   -8.44438101E-01
   1.45564149E-01   -8.69508351E-01
   1.49233955E-01   -8.95566929E-01
   1.52996281E-01   -9.22664869E-01
   1.56853458E-01   -9.50855266E-01
   1.60807878E-01   -9.80193122E-01
   1.64861993E-01   -1.01073513E+00
   1.69018316E-01   -1.04253941E+00
   1.73279423E-01   -1.07566511E+00
   1.77647957E-01   -1.11017197E+00
   1.82126626E-01   -1.14611977E+00
   1.86718206E-01   -1.18356761E+00
   1.91425544E-01   -1.22257308E+00
   1.96251559E-01   -1.26319130E+00
   2.01199241E-01   -1.30547373E+00
   2.06271660E-01   -1.34946683E+00
   2.11471958E-01   -1.39521047E+00
   2.16803361E-01   -1.44273617E+00
   2.22269174E-01   -1.49206506E+00
   2.27872785E-01   -1.54320554E+00
   2.33617667E-01   -1.59615076E+00
   2.39507384E-01   -1.65087580E+00
   2.45545586E-01   -1.70733450E+00
   2.51736017E-01   -1.76545617E+00
   2.58082514E-01   -1.82514194E+00
   2.64589012E-01   -1.88626097E+00
   2.71259545E-01   -1.94864648E+00
   2.78098248E-01   -2.01209173E+00
   2.85109361E-01   -2.07634593E+00
   2.92297231E-01   -2.14111039E+00
   2.99666313E-01   -2.20603481E+00
   3.07221177E-01   -2.27071407E+00
   3.14966506E-01   -2.33468570E+00
   3.22907102E-01   -2.39742810E+00
   3.31047888E-01   -2.45836001E+00
   3.39393910E-01   -2.51684131E+00
   3.47950344E-01   -2.57217561E+00
   3.56722493E-01   -2.62361479E+00
   3.65715795E-01   -2.67036593E+00
   3.74935828E-01   -2.71160081E+00
   3.84388306E-01   -2.74646826E+00
   3.94079089E-01   -2.77410947E+00
   4.04014186E-01   -2.79367635E+00
   4.14199756E-01   -2.80435279E+00
   4.24642114E-01   -2.80537859E+00
   4.35347733E-01   -2.79607550E+00
   4.46323251E-01   -2.77587473E+00
   4.57575471E-01   -2.74434479E+00
   4.69111370E-01   -2.70121859E+00
   4.80938100E-01   -2.64641798E+00
   4.93062993E-01   -2.58007424E+00
   5.05493566E-01   -2.50254243E+00
   5.18237525E-01   -2.41440759E+00
   5.31302770E-01   -2.31648090E+00
   5.44697403E-01   -2.20978404E+00
   5.58429726E-01   -2.09552023E+00
   5.72508255E-01   -1.97503135E+00
   5.86941715E-01   -1.84974083E+00
   6.01739057E-01   -1.72108337E+00
   6.16909453E-01   -1.59042326E+00
   6.32462309E-01   -1.45896432E+00
   6.48407267E-01   -1.32765595E+00
   6.64754212E-01   -1.19710058E+00
   6.81513278E-01   -1.06746936E+00
   6.98694856E-01   -9.38434161E-01
   7.16309598E-01   -8.09125084E-01
   7.34368423E-01   -6.78124503E-01
   7.52882528E-01   -5.43510282E-01
   7.71863390E-01   -4.02963175E-01
   7.91322778E-01   -2.53956030E-01
   8.11272754E-01   -9.40449330E-02
   8.31725688E-01    7.87160676E-02
   8.52694259E-01    2.65216918E-01
   8.74191468E-01    4.64579350E-01
   8.96230640E-01    6.73301706E-01
   9.18825441E-01    8.84315447E-01
   9.41989877E-01    1.08608236E+00
   9.65738310E-01    1.26197582E+00
   9.90085463E-01    1.39033883E+00
   1.01504643E+00    1.44579226E+00
   1.04063669E+00    1.40246117E+00
   1.06687210E+00    1.23994845E+00
   1.09376893E+00    9.52059965E-01
   1.12134385E+00    5.60088547E-01
   1.14961396E+00    1.22898839E-01
   1.17859679E+00   -2.29365113E-01
   1.20831030E+00   -3.49786281E-01
   1.23877292E+00   -3.36749458E-01
   1.27000352E+00   -3.30192735E-01
   1.30202148E+00   -3.18143104E-01
   1.33484664E+00   -3.07144185E-01
   1.36849936E+00   -2.95929177E-01
   1.40300049E+00   -2.84917053E-01
   1.43837142E+00   -2.74040074E-01
   1.47463409E+00   -2.63345716E-01
   1.51181098E+00   -2.52837297E-01
   1.54992513E+00   -2.42522066E-01
   1.58900017E+00   -2.32401694E-01
   1.62906033E+00   -2.22477476E-01
   1.67013044E+00   -2.12750618E-01
   1.71223597E+00   -2.03223191E-01
   1.75540301E+00   -1.93898341E-01
   1.79965834E+00   -1.84780335E-01
   1.84502939E+00   -1.75874393E-01
   1.89154428E+00   -1.67186455E-01
   1.93923185E+00   -1.58722887E-01
   1.98812168E+00   -1.50490186E-01
   2.03824406E+00   -1.42494715E-01
   2.08963007E+00   -1.34742465E-01
   2.14231157E+00   -1.27238849E-01
   2.19632122E+00   -1.19988552E-01
   2.25169250E+00   -1.12995408E-01
   2.30845974E+00   -1.06262321E-01
   2.36665814E+00   -9.97912195E-02
   2.42632377E+00   -9.35830364E-02
   2.48749363E+00   -8.76377109E-02
   2.55020564E+00   -8.19542172E-02
   2.61449867E+00   -7.65306034E-02
   2.68041260E+00   -7.13640440E-02
   2.74798827E+00   -6.64509016E-02
   2.81726759E+00   -6.17867953E-02
   2.88829350E+00   -5.73666711E-02
   2.96111004E+00   -5.31848771E-02
   3.03576235E+00   -4.92352358E-02
   3.11229672E+00   -4.55111181E-02
   3.19076059E+00   -4.20055131E-02
   3.27120260E+00   -3.87110965E-02
   3.35367264E+00   -3.56202942E-02
   3.43822182E+00   -3.27253435E-02
   3.52490256E+00   -3.00183486E-02
   3.61376860E+00   -2.74913327E-02
   3.70487504E+00   -2.51362853E-02
   3.79827835E+00   -2.29452058E-02
   3.89403645E+00   -2.09101417E-02
   3.99220870E+00   -1.90232237E-02
   4.09285596E+00   -1.72766966E-02
   4.19604063E+00   -1.56629465E-02
   4.30182668E+00   -1.41745238E-02
   4.41027970E+00   -1.28041646E-02
   4.52146691E+00   -1.15448071E-02
   4.63545726E+00   -1.03896067E-02
   4.75232141E+00   -9.33194779E-03
   4.87213182E+00   -8.36545343E-03
   4.99496275E+00   -7.48399277E-03
   5.12089037E+00   -6.68168658E-03
   5.24999273E+00   -5.95291097E-03
   5.38234989E+00   -5.29229947E-03
   5.51804389E+00   -4.69474379E-03
   5.65715886E+00   -4.15539302E-03
   5.79978105E+00   -3.66965167E-03
   5.94599888E+00   -3.23317734E-03
   6.09590299E+00   -2.84187581E-03
   6.24958632E+00   -2.49189698E-03
   6.40714416E+00   -2.17962937E-03
   6.56867416E+00   -1.90169356E-03
   6.73427650E+00   -1.65493550E-03
   6.90405381E+00   -1.43641921E-03
   7.07811137E+00   -1.24341890E-03
   7.25655709E+00   -1.07341090E-03
   7.43950158E+00   -9.24065030E-04
   7.62705827E+00   -7.93235911E-04
   7.81934344E+00   -6.78953996E-04
   8.01647630E+00   -5.79416585E-04
   8.21857905E+00   -4.92978514E-04
   8.42577700E+00   -4.18143192E-04
   8.63819861E+00   -3.53553337E-04
   8.85597556E+00   -2.97982053E-04
   9.07924287E+00   -2.50323901E-04
   9.30813895E+00   -2.09586217E-04
   9.54280571E+00   -1.74880698E-04
   9.78338864E+00   -1.45415093E-04
   1.00300369E+01   -1.20485496E-04
   1.02829034E+01   -9.94685896E-05
   1.05421448E+01   -8.18145446E-05
   1.08079220E+01   -6.70401403E-05
   1.10803997E+01   -5.47223922E-05
   1.13597468E+01   -4.44923542E-05
   1.16461365E+01   -3.60296132E-05
   1.19397463E+01   -2.90569631E-05
   1.22407583E+01   -2.33355846E-05
   1.25493591E+01   -1.86605834E-05
   1.28657400E+01   -1.48569259E-05
   1.31900972E+01   -1.17757116E-05
   1.35226317E+01   -9.29087417E-06
   1.38635497E+01   -7.29612162E-06
   1.42130626E+01   -5.70226123E-06
   1.45713870E+01   -4.43479864E-06
   1.49387451E+01   -3.43180536E-06
   1.53153646E+01   -2.64205915E-06
   1.57014791E+01   -2.02339572E-06
   1.60973278E+01   -1.54128539E-06
   1.65031563E+01   -1.16759862E-06
   1.69192161E+01   -8.79537048E-07
   1.73457651E+01   -6.58726811E-07
   1.77830678E+01   -4.90439842E-07
   1.82313954E+01   -3.62937591E-07
   1.86910257E+01   -2.66918383E-07
   1.91622436E+01   -1.95055266E-07
   1.96453415E+01   -1.41611692E-07
   2.01406186E+01   -1.02124387E-07
   2.06483822E+01   -7.31425358E-08
   2.11689469E+01   -5.20165016E-08
   2.17026356E+01   -3.67270288E-08
   2.22497791E+01   -2.57412514E-08
   2.28107165E+01   -1.79056198E-08
   2.33857957E+01   -1.23589370E-08
   2.39753732E+01   -8.46287348E-09
   2.45798144E+01   -5.74794949E-09
   2.51994942E+01   -3.87145780E-09
   2.58347967E+01   -2.58529178E-09
   2.64861157E+01   -1.71128904E-09
   2.71538551E+01   -1.12258142E-09
   2.78384288E+01   -7.29614381E-10
   2.85402613E+01   -4.69728387E-10
   2.92597876E+01   -2.99484849E-10
   2.99974538E+01   -1.89046159E-10
   3.07537172E+01   -1.18118053E-10
   3.15290468E+01   -7.30309198E-11
   3.23239231E+01   -4.46708140E-11
   3.31388390E+01   -2.70238968E-11
   3.39742997E+01   -1.61642723E-11
   3.48308231E+01   -9.55712744E-12
   3.57089403E+01   -5.58380872E-12
   3.66091956E+01   -3.22280998E-12
   3.75321471E+01   -1.83698064E-12
   3.84783671E+01   -1.03372519E-12
   3.94484422E+01   -5.74105722E-13
   4.04429738E+01   -3.14574352E-13
   4.14625785E+01   -1.69999459E-13
   4.25078883E+01   -9.05755941E-14
   4.35795513E+01   -4.75625800E-14
   4.46782320E+01   -2.46061325E-14
   4.58046114E+01   -1.25366665E-14
   4.69593879E+01   -6.28810309E-15
   4.81432773E+01   -3.10354344E-15
   4.93570137E+01   -1.50682110E-15
   5.06013496E+01   -7.19328926E-16
   5.18770562E+01   -3.37494201E-16
   5.31849246E+01   -1.55564214E-16
   5.45257656E+01   -0.00000000E+00
   5.59004104E+01   -0.00000000E+00
   5.73097113E+01   -0.00000000E+00
   5.87545419E+01   -0.00000000E+00
   6.02357981E+01   -0.00000000E+00
   6.17543981E+01   -0.00000000E+00
   6.33112834E+01   -0.00000000E+00
   6.49074192E+01   -0.00000000E+00
   6.65437950E+01   -0.00000000E+00
   6.82214255E+01   -0.00000000E+00
   6.99413505E+01   -0.00000000E+00
   7.17046364E+01   -0.00000000E+00
   7.35123764E+01   -0.00000000E+00
   7.53656911E+01   -0.00000000E+00
   7.72657297E+01   -0.00000000E+00
   7.92136699E+01   -0.00000000E+00
   8.12107196E+01   -0.00000000E+00
   8.32581167E+01   -0.00000000E+00
   8.53571305E+01   -0.00000000E+00
   8.75090625E+01   -0.00000000E+00
   8.97152466E+01   -0.00000000E+00
   9.19770507E+01   -0.00000000E+00
   9.42958769E+01   -0.00000000E+00
   9.66731629E+01   -0.00000000E+00
   9.91103824E+01   -0.00000000E+00
   1.01609046E+02   -0.00000000E+00
   1.04170704E+02   -0.00000000E+00
   1.06796944E+02   -0.00000000E+00
   1.09489393E+02   -0.00000000E+00
   1.12249722E+02   -0.00000000E+00
