# 
# Energy units: hartree
# Length units: bohr
#
# -----------------------------------
# |       r       |       w(r)      |
# -----------------------------------
   3.74165729E-05   -1.15057531E+00
   3.83598792E-05   -1.15057533E+00
   3.93269671E-05   -1.15057535E+00
   4.03184362E-05   -1.15057537E+00
   4.13349012E-05   -1.15057540E+00
   4.23769921E-05   -1.15057542E+00
   4.34453551E-05   -1.15057545E+00
   4.45406526E-05   -1.15057547E+00
   4.56635635E-05   -1.15057550E+00
   4.68147840E-05   -1.15057553E+00
   4.79950279E-05   -1.15057556E+00
   4.92050268E-05   -1.15057558E+00
   5.04455309E-05   -1.15057561E+00
   5.17173092E-05   -1.15057564E+00
   5.30211502E-05   -1.15057567E+00
   5.43578623E-05   -1.15057570E+00
   5.57282741E-05   -1.15057574E+00
   5.71332353E-05   -1.15057577E+00
   5.85736168E-05   -1.15057580E+00
   6.00503117E-05   -1.15057584E+00
   6.15642354E-05   -1.15057587E+00
   6.31163265E-05   -1.15057591E+00
   6.47075473E-05   -1.15057595E+00
   6.63388842E-05   -1.15057599E+00
   6.80113486E-05   -1.15057602E+00
   6.97259774E-05   -1.15057606E+00
   7.14838335E-05   -1.15057611E+00
   7.32860069E-05   -1.15057615E+00
   7.51336146E-05   -1.15057619E+00
   7.70278023E-05   -1.15057624E+00
   7.89697442E-05   -1.15057628E+00
   8.09606443E-05   -1.15057633E+00
   8.30017367E-05   -1.15057637E+00
   8.50942870E-05   -1.15057642E+00
   8.72395924E-05   -1.15057647E+00
   8.94389830E-05   -1.15057653E+00
   9.16938222E-05   -1.15057658E+00
   9.40055079E-05   -1.15057663E+00
   9.63754734E-05   -1.15057669E+00
   9.88051880E-05   -1.15057674E+00
   1.01296158E-04   -1.15057680E+00
   1.03849927E-04   -1.15057686E+00
   1.06468080E-04   -1.15057692E+00
   1.09152238E-04   -1.15057698E+00
   1.11904067E-04   -1.15057705E+00
   1.14725271E-04   -1.15057711E+00
   1.17617601E-04   -1.15057718E+00
   1.20582849E-04   -1.15057725E+00
   1.23622854E-04   -1.15057732E+00
   1.26739500E-04   -1.15057739E+00
   1.29934720E-04   -1.15057746E+00
   1.33210494E-04   -1.15057754E+00
   1.36568853E-04   -1.15057762E+00
   1.40011880E-04   -1.15057769E+00
   1.43541708E-04   -1.15057778E+00
   1.47160527E-04   -1.15057786E+00
   1.50870580E-04   -1.15057794E+00
   1.54674166E-04   -1.15057803E+00
   1.58573644E-04   -1.15057812E+00
   1.62571432E-04   -1.15057821E+00
   1.66670008E-04   -1.15057830E+00
   1.70871912E-04   -1.15057840E+00
   1.75179751E-04   -1.15057850E+00
   1.79596194E-04   -1.15057860E+00
   1.84123979E-04   -1.15057870E+00
   1.88765915E-04   -1.15057881E+00
   1.93524877E-04   -1.15057891E+00
   1.98403818E-04   -1.15057902E+00
   2.03405761E-04   -1.15057914E+00
   2.08533808E-04   -1.15057925E+00
   2.13791137E-04   -1.15057937E+00
   2.19181009E-04   -1.15057949E+00
   2.24706764E-04   -1.15057962E+00
   2.30371829E-04   -1.15057974E+00
   2.36179715E-04   -1.15057987E+00
   2.42134023E-04   -1.15058001E+00
   2.48238445E-04   -1.15058014E+00
   2.54496765E-04   -1.15058028E+00
   2.60912863E-04   -1.15058043E+00
   2.67490717E-04   -1.15058057E+00
   2.74234404E-04   -1.15058072E+00
   2.81148107E-04   -1.15058087E+00
   2.88236109E-04   -1.15058103E+00
   2.95502807E-04   -1.15058119E+00
   3.02952706E-04   -1.15058136E+00
   3.10590423E-04   -1.15058152E+00
   3.18420693E-04   -1.15058169E+00
   3.26448373E-04   -1.15058187E+00
   3.34678437E-04   -1.15058205E+00
   3.43115989E-04   -1.15058223E+00
   3.51766259E-04   -1.15058242E+00
   3.60634611E-04   -1.15058261E+00
   3.69726542E-04   -1.15058281E+00
   3.79047689E-04   -1.15058301E+00
   3.88603830E-04   -1.15058322E+00
   3.98400891E-04   -1.15058342E+00
   4.08444945E-04   -1.15058364E+00
   4.18742218E-04   -1.15058386E+00
   4.29299096E-04   -1.15058408E+00
   4.40122121E-04   -1.15058431E+00
   4.51218006E-04   -1.15058455E+00
   4.62593628E-04   -1.15058479E+00
   4.74256039E-04   -1.15058503E+00
   4.86212471E-04   -1.15058528E+00
   4.98470336E-04   -1.15058554E+00
   5.11037233E-04   -1.15058580E+00
   5.23920952E-04   -1.15058606E+00
   5.37129482E-04   -1.15058634E+00
   5.50671012E-04   -1.15058661E+00
   5.64553935E-04   -1.15058690E+00
   5.78786861E-04   -1.15058719E+00
   5.93378611E-04   -1.15058748E+00
   6.08338233E-04   -1.15058779E+00
   6.23675000E-04   -1.15058810E+00
   6.39398422E-04   -1.15058841E+00
   6.55518245E-04   -1.15058873E+00
   6.72044464E-04   -1.15058906E+00
   6.88987325E-04   -1.15058939E+00
   7.06357330E-04   -1.15058974E+00
   7.24165250E-04   -1.15059008E+00
   7.42422123E-04   -1.15059044E+00
   7.61139269E-04   -1.15059080E+00
   7.80328292E-04   -1.15059117E+00
   8.00001087E-04   -1.15059154E+00
   8.20169852E-04   -1.15059193E+00
   8.40847090E-04   -1.15059232E+00
   8.62045620E-04   -1.15059272E+00
   8.83778585E-04   -1.15059312E+00
   9.06059458E-04   -1.15059353E+00
   9.28902052E-04   -1.15059395E+00
   9.52320529E-04   -1.15059438E+00
   9.76329407E-04   -1.15059482E+00
   1.00094357E-03   -1.15059526E+00
   1.02617828E-03   -1.15059571E+00
   1.05204918E-03   -1.15059617E+00
   1.07857231E-03   -1.15059663E+00
   1.10576411E-03   -1.15059711E+00
   1.13364145E-03   -1.15059759E+00
   1.16222159E-03   -1.15059808E+00
   1.19152227E-03   -1.15059857E+00
   1.22156164E-03   -1.15059908E+00
   1.25235834E-03   -1.15059959E+00
   1.28393145E-03   -1.15060011E+00
   1.31630054E-03   -1.15060064E+00
   1.34948569E-03   -1.15060117E+00
   1.38350747E-03   -1.15060172E+00
   1.41838697E-03   -1.15060226E+00
   1.45414581E-03   -1.15060282E+00
   1.49080617E-03   -1.15060338E+00
   1.52839077E-03   -1.15060396E+00
   1.56692291E-03   -1.15060453E+00
   1.60642648E-03   -1.15060512E+00
   1.64692597E-03   -1.15060571E+00
   1.68844649E-03   -1.15060630E+00
   1.73101378E-03   -1.15060691E+00
   1.77465424E-03   -1.15060751E+00
   1.81939491E-03   -1.15060813E+00
   1.86526353E-03   -1.15060874E+00
   1.91228854E-03   -1.15060937E+00
   1.96049910E-03   -1.15060999E+00
   2.00992509E-03   -1.15061063E+00
   2.06059715E-03   -1.15061126E+00
   2.11254670E-03   -1.15061190E+00
   2.16580595E-03   -1.15061254E+00
   2.22040792E-03   -1.15061318E+00
   2.27638645E-03   -1.15061383E+00
   2.33377625E-03   -1.15061447E+00
   2.39261290E-03   -1.15061512E+00
   2.45293288E-03   -1.15061576E+00
   2.51477357E-03   -1.15061640E+00
   2.57817333E-03   -1.15061705E+00
   2.64317146E-03   -1.15061769E+00
   2.70980825E-03   -1.15061832E+00
   2.77812501E-03   -1.15061895E+00
   2.84816411E-03   -1.15061958E+00
   2.91996895E-03   -1.15062020E+00
   2.99358406E-03   -1.15062081E+00
   3.06905507E-03   -1.15062142E+00
   3.14642878E-03   -1.15062201E+00
   3.22575315E-03   -1.15062260E+00
   3.30707736E-03   -1.15062317E+00
   3.39045183E-03   -1.15062373E+00
   3.47592824E-03   -1.15062427E+00
   3.56355960E-03   -1.15062480E+00
   3.65340022E-03   -1.15062531E+00
   3.74550581E-03   -1.15062581E+00
   3.83993346E-03   -1.15062628E+00
   3.93674172E-03   -1.15062673E+00
   4.03599061E-03   -1.15062716E+00
   4.13774165E-03   -1.15062756E+00
   4.24205793E-03   -1.15062793E+00
   4.34900412E-03   -1.15062828E+00
   4.45864653E-03   -1.15062860E+00
   4.57105312E-03   -1.15062888E+00
   4.68629358E-03   -1.15062913E+00
   4.80443936E-03   -1.15062934E+00
   4.92556370E-03   -1.15062951E+00
   5.04974170E-03   -1.15062965E+00
   5.17705035E-03   -1.15062974E+00
   5.30756856E-03   -1.15062979E+00
   5.44137725E-03   -1.15062979E+00
   5.57855939E-03   -1.15062974E+00
   5.71920001E-03   -1.15062965E+00
   5.86338632E-03   -1.15062950E+00
   6.01120769E-03   -1.15062930E+00
   6.16275578E-03   -1.15062904E+00
   6.31812453E-03   -1.15062873E+00
   6.47741028E-03   -1.15062835E+00
   6.64071176E-03   -1.15062792E+00
   6.80813022E-03   -1.15062743E+00
   6.97976946E-03   -1.15062688E+00
   7.15573588E-03   -1.15062627E+00
   7.33613858E-03   -1.15062560E+00
   7.52108940E-03   -1.15062486E+00
   7.71070299E-03   -1.15062406E+00
   7.90509692E-03   -1.15062321E+00
   8.10439170E-03   -1.15062229E+00
   8.30871089E-03   -1.15062132E+00
   8.51818115E-03   -1.15062030E+00
   8.73293235E-03   -1.15061922E+00
   8.95309762E-03   -1.15061810E+00
   9.17881346E-03   -1.15061694E+00
   9.41021981E-03   -1.15061574E+00
   9.64746013E-03   -1.15061452E+00
   9.89068149E-03   -1.15061328E+00
   1.01400347E-02   -1.15061204E+00
   1.03956743E-02   -1.15061079E+00
   1.06577588E-02   -1.15060957E+00
   1.09264508E-02   -1.15060838E+00
   1.12019167E-02   -1.15060723E+00
   1.14843273E-02   -1.15060616E+00
   1.17738578E-02   -1.15060518E+00
   1.20706876E-02   -1.15060431E+00
   1.23750007E-02   -1.15060360E+00
   1.26869859E-02   -1.15060305E+00
   1.30068365E-02   -1.15060272E+00
   1.33347509E-02   -1.15060264E+00
   1.36709322E-02   -1.15060286E+00
   1.40155890E-02   -1.15060342E+00
   1.43689349E-02   -1.15060437E+00
   1.47311890E-02   -1.15060579E+00
   1.51025759E-02   -1.15060772E+00
   1.54833258E-02   -1.15061025E+00
   1.58736747E-02   -1.15061346E+00
   1.62738646E-02   -1.15061743E+00
   1.66841438E-02   -1.15062226E+00
   1.71047664E-02   -1.15062806E+00
   1.75359933E-02   -1.15063495E+00
   1.79780919E-02   -1.15064306E+00
   1.84313362E-02   -1.15065253E+00
   1.88960071E-02   -1.15066351E+00
   1.93723929E-02   -1.15067617E+00
   1.98607888E-02   -1.15069071E+00
   2.03614976E-02   -1.15070733E+00
   2.08748297E-02   -1.15072624E+00
   2.14011034E-02   -1.15074770E+00
   2.19406449E-02   -1.15077197E+00
   2.24937888E-02   -1.15079935E+00
   2.30608780E-02   -1.15083014E+00
   2.36422640E-02   -1.15086470E+00
   2.42383072E-02   -1.15090340E+00
   2.48493773E-02   -1.15094665E+00
   2.54758530E-02   -1.15099490E+00
   2.61181227E-02   -1.15104864E+00
   2.67765847E-02   -1.15110840E+00
   2.74516471E-02   -1.15117474E+00
   2.81437284E-02   -1.15124830E+00
   2.88532577E-02   -1.15132976E+00
   2.95806749E-02   -1.15141984E+00
   3.03264310E-02   -1.15151936E+00
   3.10909883E-02   -1.15162917E+00
   3.18748208E-02   -1.15175023E+00
   3.26784144E-02   -1.15188354E+00
   3.35022673E-02   -1.15203022E+00
   3.43468904E-02   -1.15219146E+00
   3.52128071E-02   -1.15236857E+00
   3.61005545E-02   -1.15256295E+00
   3.70106827E-02   -1.15277611E+00
   3.79437561E-02   -1.15300970E+00
   3.89003532E-02   -1.15326550E+00
   3.98810670E-02   -1.15354544E+00
   4.08865054E-02   -1.15385159E+00
   4.19172919E-02   -1.15418620E+00
   4.29740655E-02   -1.15455170E+00
   4.40574813E-02   -1.15495069E+00
   4.51682110E-02   -1.15538601E+00
   4.63069432E-02   -1.15586071E+00
   4.74743840E-02   -1.15637808E+00
   4.86712569E-02   -1.15694165E+00
   4.98983042E-02   -1.15755525E+00
   5.11562864E-02   -1.15822300E+00
   5.24459836E-02   -1.15894932E+00
   5.37681951E-02   -1.15973898E+00
   5.51237409E-02   -1.16059713E+00
   5.65134612E-02   -1.16152926E+00
   5.79382177E-02   -1.16254133E+00
   5.93988935E-02   -1.16363971E+00
   6.08963944E-02   -1.16483124E+00
   6.24316486E-02   -1.16612327E+00
   6.40056080E-02   -1.16752370E+00
   6.56192484E-02   -1.16904098E+00
   6.72735702E-02   -1.17068419E+00
   6.89695989E-02   -1.17246304E+00
   7.07083860E-02   -1.17438792E+00
   7.24910096E-02   -1.17646997E+00
   7.43185748E-02   -1.17872109E+00
   7.61922146E-02   -1.18115399E+00
   7.81130905E-02   -1.18378225E+00
   8.00823935E-02   -1.18662036E+00
   8.21013445E-02   -1.18968376E+00
   8.41711951E-02   -1.19298891E+00
   8.62932285E-02   -1.19655332E+00
   8.84687603E-02   -1.20039562E+00
   9.06991393E-02   -1.20453557E+00
   9.29857482E-02   -1.20899419E+00
   9.53300046E-02   -1.21379370E+00
   9.77333619E-02   -1.21895767E+00
   1.00197310E-01   -1.22451100E+00
   1.02723377E-01   -1.23047998E+00
   1.05313128E-01   -1.23689234E+00
   1.07968169E-01   -1.24377724E+00
   1.10690146E-01   -1.25116534E+00
   1.13480746E-01   -1.25908880E+00
   1.16341700E-01   -1.26758125E+00
   1.19274782E-01   -1.27667784E+00
   1.22281809E-01   -1.28641516E+00
   1.25364646E-01   -1.29683124E+00
   1.28525205E-01   -1.30796546E+00
   1.31765443E-01   -1.31985849E+00
   1.35087372E-01   -1.33255215E+00
   1.38493049E-01   -1.34608929E+00
   1.41984586E-01   -1.36051361E+00
   1.45564149E-01   -1.37586942E+00
   1.49233955E-01   -1.39220139E+00
   1.52996281E-01   -1.40955426E+00
   1.56853458E-01   -1.42797243E+00
   1.60807878E-01   -1.44749954E+00
   1.64861993E-01   -1.46817799E+00
   1.69018316E-01   -1.49004835E+00
   1.73279423E-01   -1.51314868E+00
   1.77647957E-01   -1.53751383E+00
   1.82126626E-01   -1.56317454E+00
   1.86718206E-01   -1.59015654E+00
   1.91425544E-01   -1.61847947E+00
   1.96251559E-01   -1.64815571E+00
   2.01199241E-01   -1.67918910E+00
   2.06271660E-01   -1.71157354E+00
   2.11471958E-01   -1.74529144E+00
   2.16803361E-01   -1.78031207E+00
   2.22269174E-01   -1.81658985E+00
   2.27872785E-01   -1.85406239E+00
   2.33617667E-01   -1.89264863E+00
   2.39507384E-01   -1.93224676E+00
   2.45545586E-01   -1.97273216E+00
   2.51736017E-01   -2.01395534E+00
   2.58082514E-01   -2.05573986E+00
   2.64589012E-01   -2.09788043E+00
   2.71259545E-01   -2.14014105E+00
   2.78098248E-01   -2.18225346E+00
   2.85109361E-01   -2.22391586E+00
   2.92297231E-01   -2.26479205E+00
   2.99666313E-01   -2.30451112E+00
   3.07221177E-01   -2.34266772E+00
   3.14966506E-01   -2.37882313E+00
   3.22907102E-01   -2.41250729E+00
   3.31047888E-01   -2.44322178E+00
   3.39393910E-01   -2.47044400E+00
   3.47950344E-01   -2.49363273E+00
   3.56722493E-01   -2.51223494E+00
   3.65715795E-01   -2.52569422E+00
   3.74935828E-01   -2.53346059E+00
   3.84388306E-01   -2.53500186E+00
   3.94079089E-01   -2.52981633E+00
   4.04014186E-01   -2.51744674E+00
   4.14199756E-01   -2.49749507E+00
   4.24642114E-01   -2.46963800E+00
   4.35347733E-01   -2.43364234E+00
   4.46323251E-01   -2.38937993E+00
   4.57575471E-01   -2.33684126E+00
   4.69111370E-01   -2.27614696E+00
   4.80938100E-01   -2.20755621E+00
   4.93062993E-01   -2.13147119E+00
   5.05493566E-01   -2.04843643E+00
   5.18237525E-01   -1.95913227E+00
   5.31302770E-01   -1.86436139E+00
   5.44697403E-01   -1.76502778E+00
   5.58429726E-01   -1.66210767E+00
   5.72508255E-01   -1.55661197E+00
   5.86941715E-01   -1.44954054E+00
   6.01739057E-01   -1.34182844E+00
   6.16909453E-01   -1.23428518E+00
   6.32462309E-01   -1.12752805E+00
   6.48407267E-01   -1.02191143E+00
   6.64754212E-01   -9.17454599E-01
   6.81513278E-01   -8.13771230E-01
   6.98694856E-01   -7.10005608E-01
   7.16309598E-01   -6.04782201E-01
   7.34368423E-01   -4.96178507E-01
   7.52882528E-01   -3.81735373E-01
   7.71863390E-01   -2.58524998E-01
   7.91322778E-01   -1.23304505E-01
   8.11272754E-01    2.72082837E-02
   8.31725688E-01    1.95892188E-01
   8.52694259E-01    3.84565017E-01
   8.74191468E-01    5.93071199E-01
   8.96230640E-01    8.18106465E-01
   9.18825441E-01    1.05184167E+00
   9.41989877E-01    1.28053350E+00
   9.65738310E-01    1.48350190E+00
   9.90085463E-01    1.63309545E+00
   1.01504643E+00    1.69651637E+00
   1.04063669E+00    1.64044092E+00
   1.06687210E+00    1.43936375E+00
   1.09376893E+00    1.08723394E+00
   1.12134385E+00    6.13732294E-01
   1.14961396E+00    9.47293932E-02
   1.17859679E+00   -3.11003111E-01
   1.20831030E+00   -4.33939131E-01
   1.23877292E+00   -4.05130695E-01
   1.27000352E+00   -3.92641001E-01
   1.30202148E+00   -3.75531406E-01
   1.33484664E+00   -3.59740758E-01
   1.36849936E+00   -3.43785184E-01
   1.40300049E+00   -3.28169565E-01
   1.43837142E+00   -3.12825794E-01
   1.47463409E+00   -2.97817933E-01
   1.51181098E+00   -2.83157701E-01
   1.54992513E+00   -2.68860171E-01
   1.58900017E+00   -2.54933155E-01
   1.62906033E+00   -2.41383194E-01
   1.67013044E+00   -2.28215924E-01
   1.71223597E+00   -2.15437120E-01
   1.75540301E+00   -2.03052875E-01
   1.79965834E+00   -1.91069621E-01
   1.84502939E+00   -1.79493869E-01
   1.89154428E+00   -1.68331930E-01
   1.93923185E+00   -1.57589587E-01
   1.98812168E+00   -1.47271762E-01
   2.03824406E+00   -1.37382268E-01
   2.08963007E+00   -1.27923583E-01
   2.14231157E+00   -1.18896695E-01
   2.19632122E+00   -1.10301008E-01
   2.25169250E+00   -1.02134293E-01
   2.30845974E+00   -9.43926933E-02
   2.36665814E+00   -8.70707644E-02
   2.42632377E+00   -8.01615513E-02
   2.48749363E+00   -7.36566837E-02
   2.55020564E+00   -6.75464998E-02
   2.61449867E+00   -6.18201763E-02
   2.68041260E+00   -5.64658698E-02
   2.74798827E+00   -5.14708616E-02
   2.81726759E+00   -4.68217033E-02
   2.88829350E+00   -4.25043597E-02
   2.96111004E+00   -3.85043475E-02
   3.03576235E+00   -3.48068669E-02
   3.11229672E+00   -3.13969253E-02
   3.19076059E+00   -2.82594528E-02
   3.27120260E+00   -2.53794074E-02
   3.35367264E+00   -2.27418708E-02
   3.43822182E+00   -2.03321342E-02
   3.52490256E+00   -1.81357738E-02
   3.61376860E+00   -1.61387174E-02
   3.70487504E+00   -1.43273006E-02
   3.79827835E+00   -1.26883151E-02
   3.89403645E+00   -1.12090480E-02
   3.99220870E+00   -9.87731294E-03
   4.09285596E+00   -8.68147415E-03
   4.19604063E+00   -7.61046395E-03
   4.30182668E+00   -6.65379463E-03
   4.41027970E+00   -5.80156265E-03
   4.52146691E+00   -5.04445059E-03
   4.63545726E+00   -4.37372100E-03
   4.75232141E+00   -3.78121047E-03
   4.87213182E+00   -3.25931709E-03
   4.99496275E+00   -2.80098627E-03
   5.12089037E+00   -2.39969270E-03
   5.24999273E+00   -2.04942284E-03
   5.38234989E+00   -1.74465238E-03
   5.51804389E+00   -1.48032448E-03
   5.65715886E+00   -1.25182633E-03
   5.79978105E+00   -1.05496531E-03
   5.94599888E+00   -8.85943190E-04
   6.09590299E+00   -7.41333052E-04
   6.24958632E+00   -6.18053039E-04
   6.40714416E+00   -5.13342596E-04
   6.56867416E+00   -4.24738713E-04
   6.73427650E+00   -3.50051391E-04
   6.90405381E+00   -2.87342049E-04
   7.07811137E+00   -2.34900871E-04
   7.25655709E+00   -1.91226777E-04
   7.43950158E+00   -1.55006534E-04
   7.62705827E+00   -1.25097089E-04
   7.81934344E+00   -1.00507243E-04
   8.01647630E+00   -8.03816417E-05
   8.21857905E+00   -6.39854210E-05
   8.42577700E+00   -5.06901742E-05
   8.63819861E+00   -3.99612479E-05
   8.85597556E+00   -3.13457202E-05
   9.07924287E+00   -2.44620325E-05
   9.30813895E+00   -1.89902925E-05
   9.54280571E+00   -1.46637170E-05
   9.78338864E+00   -1.12610011E-05
   1.00300369E+01   -8.59955699E-06
   1.02829034E+01   -6.52959944E-06
   1.05421448E+01   -4.92890879E-06
   1.08079220E+01   -3.69836909E-06
   1.10803997E+01   -2.75807261E-06
   1.13597468E+01   -2.04397183E-06
   1.16461365E+01   -1.50506225E-06
   1.19397463E+01   -1.10098160E-06
   1.22407583E+01   -7.99990128E-07
   1.25493591E+01   -5.77296230E-07
   1.28657400E+01   -4.13669568E-07
   1.31900972E+01   -2.94289787E-07
   1.35226317E+01   -2.07820952E-07
   1.38635497E+01   -1.45652894E-07
   1.42130626E+01   -1.01294766E-07
   1.45713870E+01   -6.98892853E-08
   1.49387451E+01   -4.78307587E-08
   1.53153646E+01   -3.24631712E-08
   1.57014791E+01   -2.18460896E-08
   1.60973278E+01   -1.45735393E-08
   1.65031563E+01   -9.63547574E-09
   1.69192161E+01   -6.31248821E-09
   1.73457651E+01   -4.09685289E-09
   1.77830678E+01   -2.63342509E-09
   1.82313954E+01   -1.67613337E-09
   1.86910257E+01   -1.05610585E-09
   1.91622436E+01   -6.58577902E-10
   1.96453415E+01   -4.06344949E-10
   2.01406186E+01   -2.48001266E-10
   2.06483822E+01   -1.49678884E-10
   2.11689469E+01   -8.93069948E-11
   2.17026356E+01   -5.26648437E-11
   2.22497791E+01   -3.06861865E-11
   2.28107165E+01   -1.76611755E-11
   2.33857957E+01   -1.00372235E-11
   2.39753732E+01   -5.63104598E-12
   2.45798144E+01   -3.11748350E-12
   2.51994942E+01   -1.70258241E-12
   2.58347967E+01   -9.16977419E-13
   2.64861157E+01   -4.86852860E-13
   2.71538551E+01   -2.54722043E-13
   2.78384288E+01   -1.31283350E-13
   2.85402613E+01   -6.66283440E-14
   2.92597876E+01   -3.32850265E-14
   2.99974538E+01   -1.63601916E-14
   3.07537172E+01   -7.90911830E-15
   3.15290468E+01   -3.75896719E-15
   3.23239231E+01   -1.75561307E-15
   3.31388390E+01   -8.05400678E-16
   3.39742997E+01   -3.62742817E-16
   3.48308231E+01   -1.60318922E-16
   3.57089403E+01   -0.00000000E+00
   3.66091956E+01   -0.00000000E+00
   3.75321471E+01   -0.00000000E+00
   3.84783671E+01   -0.00000000E+00
   3.94484422E+01   -0.00000000E+00
   4.04429738E+01   -0.00000000E+00
   4.14625785E+01   -0.00000000E+00
   4.25078883E+01   -0.00000000E+00
   4.35795513E+01   -0.00000000E+00
   4.46782320E+01   -0.00000000E+00
   4.58046114E+01   -0.00000000E+00
   4.69593879E+01   -0.00000000E+00
   4.81432773E+01   -0.00000000E+00
   4.93570137E+01   -0.00000000E+00
   5.06013496E+01   -0.00000000E+00
   5.18770562E+01   -0.00000000E+00
   5.31849246E+01   -0.00000000E+00
   5.45257656E+01   -0.00000000E+00
   5.59004104E+01   -0.00000000E+00
   5.73097113E+01   -0.00000000E+00
   5.87545419E+01   -0.00000000E+00
   6.02357981E+01   -0.00000000E+00
   6.17543981E+01   -0.00000000E+00
   6.33112834E+01   -0.00000000E+00
   6.49074192E+01   -0.00000000E+00
   6.65437950E+01   -0.00000000E+00
   6.82214255E+01   -0.00000000E+00
   6.99413505E+01   -0.00000000E+00
   7.17046364E+01   -0.00000000E+00
   7.35123764E+01   -0.00000000E+00
   7.53656911E+01   -0.00000000E+00
   7.72657297E+01   -0.00000000E+00
   7.92136699E+01   -0.00000000E+00
   8.12107196E+01   -0.00000000E+00
   8.32581167E+01   -0.00000000E+00
   8.53571305E+01   -0.00000000E+00
   8.75090625E+01   -0.00000000E+00
   8.97152466E+01   -0.00000000E+00
   9.19770507E+01   -0.00000000E+00
   9.42958769E+01   -0.00000000E+00
   9.66731629E+01   -0.00000000E+00
   9.91103824E+01   -0.00000000E+00
   1.01609046E+02   -0.00000000E+00
   1.04170704E+02   -0.00000000E+00
   1.06796944E+02   -0.00000000E+00
   1.09489393E+02   -0.00000000E+00
   1.12249722E+02   -0.00000000E+00
