  6.250000000000000E-005   3826.14249110090     
  6.325000000000001E-005   3825.98681503471     
  6.400900000000000E-005   3825.83114530258     
  6.477710800000001E-005   3825.67548190426     
  6.555443329599999E-005   3825.51923103766     
  6.634108649555201E-005   3825.36114396652     
  6.713717953349863E-005   3825.20152359487     
  6.794282568790061E-005   3825.04032635729     
  6.875813959615542E-005   3824.87757790369     
  6.958323727130929E-005   3824.71328410893     
  7.041823611856500E-005   3824.54746193397     
  7.126325495198778E-005   3824.38012370650     
  7.211841401141162E-005   3824.21128237408     
  7.298383497954859E-005   3824.04095000096     
  7.385964099930314E-005   3823.86913825532     
  7.474595669129479E-005   3823.69585825020     
  7.564290817159033E-005   3823.52112060852     
  7.655062306964943E-005   3823.34493545336     
  7.746923054648522E-005   3823.16731242144     
  7.839886131304304E-005   3822.98826066906     
  7.933964764879955E-005   3822.80778888019     
  8.029172342058514E-005   3822.62590527357     
  8.125522410163218E-005   3822.44261760985     
  8.223028679085176E-005   3822.25793319849     
  8.321705023234198E-005   3822.07185890443     
  8.421565483513008E-005   3821.88440115461     
  8.522624269315164E-005   3821.69556594427     
  8.624895760546948E-005   3821.50535884310     
  8.728394509673511E-005   3821.31378500121     
  8.833135243789594E-005   3821.12084915487     
  8.939132866715068E-005   3820.92655563216     
  9.046402461115648E-005   3820.73090835835     
  9.154959290649038E-005   3820.53391086125     
  9.264818802136825E-005   3820.33556627628     
  9.375996627762467E-005   3820.13587735142     
  9.488508587295618E-005   3819.93484645204     
  9.602370690343164E-005   3819.73247556552     
  9.717599138627283E-005   3819.52876630580     
  9.834210328290811E-005   3819.32371991765     
  9.952220852230301E-005   3819.11733728099     
  1.007164750245706E-004   3818.90961891488     
  1.019250727248655E-004   3818.70056498150     
  1.031481735975639E-004   3818.49017528994     
  1.043859516807346E-004   3818.27844929988     
  1.056385831009035E-004   3818.06538612511     
  1.069062460981143E-004   3817.85098453699     
  1.081891210512917E-004   3817.63524296768     
  1.094873905039072E-004   3817.41815951337     
  1.108012391899541E-004   3817.19973193729     
  1.121308540602335E-004   3816.97995767265     
  1.134764243089563E-004   3816.75883382546     
  1.148381414006638E-004   3816.53635717724     
  1.162161990974717E-004   3816.31252418759     
  1.176107934866414E-004   3816.08733099668     
  1.190221230084811E-004   3815.86077342765     
  1.204503884845829E-004   3815.63284698882     
  1.218957931463979E-004   3815.40354687589     
  1.233585426641546E-004   3815.17286797400     
  1.248388451761245E-004   3814.94080485967     
  1.263369113182380E-004   3814.70735180269     
  1.278529542540569E-004   3814.47250276782     
  1.293871897051055E-004   3814.23625141651     
  1.309398359815668E-004   3813.99859110845     
  1.325111140133456E-004   3813.75951490305     
  1.341012473815058E-004   3813.51901556078     
  1.357104623500838E-004   3813.27708554454     
  1.373389878982848E-004   3813.03371702078     
  1.389870557530643E-004   3812.78890186065     
  1.406549004221010E-004   3812.54263164103     
  1.423427592271662E-004   3812.29489764545     
  1.440508723378922E-004   3812.04569086496     
  1.457794828059470E-004   3811.79500199886     
  1.475288365996183E-004   3811.54282145545     
  1.492991826388137E-004   3811.28913935256     
  1.510907728304795E-004   3811.03394551812     
  1.529038621044453E-004   3810.77722949059     
  1.547387084496986E-004   3810.51898051932     
  1.565955729510950E-004   3810.25918756482     
  1.584747198265081E-004   3809.99783929900     
  1.603764164644263E-004   3809.73492410525     
  1.623009334619994E-004   3809.47043007854     
  1.642485446635434E-004   3809.20434502540     
  1.662195271995059E-004   3808.93665646376     
  1.682141615258999E-004   3808.66735162287     
  1.702327314642107E-004   3808.39641744297     
  1.722755242417813E-004   3808.12384057508     
  1.743428305326827E-004   3807.84960738050     
  1.764349444990748E-004   3807.57370393043     
  1.785521638330637E-004   3807.29611600545     
  1.806947897990605E-004   3807.01682909485     
  1.828631272766492E-004   3806.73582839606     
  1.850574848039691E-004   3806.45309881385     
  1.872781746216167E-004   3806.16862495954     
  1.895255127170761E-004   3805.88239115018     
  1.917998188696810E-004   3805.59438140756     
  1.941014166961172E-004   3805.30457945723     
  1.964306336964706E-004   3805.01296872744     
  1.987878013008282E-004   3804.71953234801     
  2.011732549164382E-004   3804.42425314912     
  2.035873339754354E-004   3804.12711366007     
  2.060303819831407E-004   3803.82809610794     
  2.085027465669383E-004   3803.52718241621     
  2.110047795257416E-004   3803.22435420331     
  2.135368368800505E-004   3802.91959278110     
  2.160992789226111E-004   3802.61287915330     
  2.186924702696824E-004   3802.30419401387     
  2.213167799129187E-004   3801.99351774527     
  2.239725812718736E-004   3801.68083041673     
  2.266602522471362E-004   3801.36611178242     
  2.293801752741018E-004   3801.04934127957     
  2.321327373773909E-004   3800.73049802652     
  2.349183302259197E-004   3800.40956082070     
  2.377373501886307E-004   3800.08650813662     
  2.405901983908944E-004   3799.76131812368     
  2.434772807715850E-004   3799.43396860402     
  2.463990081408441E-004   3799.10443707028     
  2.493557962385342E-004   3798.77270068327     
  2.523480657933966E-004   3798.43873626964     
  2.553762425829174E-004   3798.10252031942     
  2.584407574939124E-004   3797.76402898359     
  2.615420465838393E-004   3797.42323807147     
  2.646805511428454E-004   3797.08012304818     
  2.678567177565596E-004   3796.73465903196     
  2.710709983696383E-004   3796.38682079145     
  2.743238503500739E-004   3796.03658274292     
  2.776157365542748E-004   3795.68391894740     
  2.809471253929262E-004   3795.32880310787     
  2.843184908976412E-004   3794.97120856621     
  2.877303127884129E-004   3794.61110830026     
  2.911830765418740E-004   3794.24847492071     
  2.946772734603764E-004   3793.88328066801     
  2.982134007419008E-004   3793.51549740912     
  3.017919615508038E-004   3793.14509663432     
  3.054134650894134E-004   3792.77204945392     
  3.090784266704863E-004   3792.39632659481     
  3.127873677905322E-004   3792.01789839712     
  3.165408162040186E-004   3791.63673481071     
  3.203393059984668E-004   3791.25280539163     
  3.241833776704484E-004   3790.86607929851     
  3.280735782024939E-004   3790.47652528890     
  3.320104611409237E-004   3790.08411171557     
  3.359945866746148E-004   3789.68880652273     
  3.400265217147102E-004   3789.29057724217     
  3.441068399752866E-004   3788.88939098935     
  3.482361220549902E-004   3788.48521445951     
  3.524149555196501E-004   3788.07801392357     
  3.566439349858859E-004   3787.66775522408     
  3.609236622057165E-004   3787.25440377111     
  3.652547461521851E-004   3786.83792453801     
  3.696378031060114E-004   3786.41828205714     
  3.740734567432834E-004   3785.99544041560     
  3.785623382242029E-004   3785.56936325078     
  3.831050862828933E-004   3785.14001374596     
  3.877023473182880E-004   3784.70735462577     
  3.923547754861075E-004   3784.27134815164     
  3.970630327919408E-004   3783.83195611717     
  4.018277891854440E-004   3783.38913984340     
  4.066497226556694E-004   3782.94286017406     
  4.115295193275375E-004   3782.49307747079     
  4.164678735594680E-004   3782.03975160820     
  4.214654880421814E-004   3781.58284196894     
  4.265230738986877E-004   3781.12230743869     
  4.316413507854720E-004   3780.65810640105     
  4.368210469948976E-004   3780.19019673246     
  4.420628995588363E-004   3779.71853579690     
  4.473676543535425E-004   3779.24308044070     
  4.527360662057850E-004   3778.76378698715     
  4.581688990002544E-004   3778.28061123110     
  4.636669257882573E-004   3777.79350843349     
  4.692309288977165E-004   3777.30243331581     
  4.748617000444892E-004   3776.80734005451     
  4.805600404450230E-004   3776.30818227528     
  4.863267609303632E-004   3775.80491304733     
  4.921626820615277E-004   3775.29748487762     
  4.980686342462659E-004   3774.78584970489     
  5.040454578572212E-004   3774.26995889380     
  5.100940033515078E-004   3773.74976322886     
  5.162151313917259E-004   3773.22521290833     
  5.224097129684265E-004   3772.69625753813     
  5.286786295240478E-004   3772.16284612552     
  5.350227730783366E-004   3771.62492707288     
  5.414430463552763E-004   3771.08244817129     
  5.479403629115396E-004   3770.53535659411     
  5.545156472664780E-004   3769.98359889043     
  5.611698350336759E-004   3769.42712097855     
  5.679038730540801E-004   3768.86586813923     
  5.747187195307290E-004   3768.29978500906     
  5.816153441650978E-004   3767.72881557354     
  5.885947282950789E-004   3767.15290316030     
  5.956578650346199E-004   3766.57199043206     
  6.028057594150354E-004   3765.98601937967     
  6.100394285280160E-004   3765.39493131496     
  6.173599016703520E-004   3764.79866686356     
  6.247682204903963E-004   3764.19716595767     
  6.322654391362809E-004   3763.59036782868     
  6.398526244059163E-004   3762.97821099982     
  6.475308558987873E-004   3762.36063327861     
  6.553012261695729E-004   3761.73757174932     
  6.631648408836076E-004   3761.10896276534     
  6.711228189742112E-004   3760.47474194143     
  6.791762928019016E-004   3759.83484414594     
  6.873264083155242E-004   3759.18920349292     
  6.955743252153108E-004   3758.53775333412     
  7.039212171178943E-004   3757.88042625104     
  7.123682717233092E-004   3757.21715404672     
  7.209166909839889E-004   3756.54786773757     
  7.295676912757969E-004   3755.87249754512     
  7.383225035711062E-004   3755.19097288758     
  7.471823736139593E-004   3754.50322237146     
  7.561485620973271E-004   3753.80917378300     
  7.652223448424952E-004   3753.10875407960     
  7.744050129806049E-004   3752.40188938106     
  7.836978731363723E-004   3751.68850496086     
  7.931022476140090E-004   3750.96852523728     
  8.026194745853766E-004   3750.24187376443     
  8.122509082804012E-004   3749.50847322323     
  8.219979191797661E-004   3748.76824541235     
  8.318618942099234E-004   3748.02111123890     
  8.418442369404425E-004   3747.26699070924     
  8.519463677837279E-004   3746.50580291957     
  8.621697241971325E-004   3745.73746604647     
  8.725157608874981E-004   3744.96189733735     
  8.829859500181481E-004   3744.17901310084     
  8.935817814183658E-004   3743.38872869706     
  9.043047627953863E-004   3742.59095852784     
  9.151564199489311E-004   3741.78561602677     
  9.261382969883182E-004   3740.97261364928     
  9.372519565521779E-004   3740.15186286257     
  9.484989800308041E-004   3739.32327413541     
  9.598809677911740E-004   3738.48675692794     
  9.713995394046678E-004   3737.64221968134     
  9.830563338775239E-004   3736.78956980739     
  9.948530098840543E-004   3735.92871367796     
  1.006791246002663E-003   3735.05955661446     
  1.018872740954695E-003   3734.18200287711     
  1.031099213846151E-003   3733.29595565417     
  1.043472404412305E-003   3732.40131705113     
  1.055994073265253E-003   3731.49798807969     
  1.068666002144436E-003   3730.58586864677     
  1.081489994170169E-003   3729.66485754338     
  1.094467874100211E-003   3728.73485243338     
  1.107601488589413E-003   3727.79574984220     
  1.120892706452486E-003   3726.84744514544     
  1.134343418929916E-003   3725.88983255737     
  1.147955539957076E-003   3724.92280511940     
  1.161731006436561E-003   3723.94625468839     
  1.175671778513799E-003   3722.96007192493     
  1.189779839855964E-003   3721.96414628149     
  1.204057197934236E-003   3720.95836599047     
  1.218505884309447E-003   3719.94261805228     
  1.233127954921160E-003   3718.91678822316     
  1.247925490380215E-003   3717.88076100302     
  1.262900596264777E-003   3716.83441962320     
  1.278055403419954E-003   3715.77764603411     
  1.293392068260994E-003   3714.71032089274     
  1.308912773080125E-003   3713.63232355022     
  1.324619726357087E-003   3712.54353203912     
  1.340515163073372E-003   3711.44382306086     
  1.356601345030253E-003   3710.33307197284     
  1.372880561170616E-003   3709.21115277563     
  1.389355127904663E-003   3708.07793810004     
  1.406027389439519E-003   3706.93329919404     
  1.422899718112793E-003   3705.77710590974     
  1.439974514730147E-003   3704.60922669015     
  1.457254208906909E-003   3703.42952855591     
  1.474741259413792E-003   3702.23787709202     
  1.492438154526757E-003   3701.03413643434     
  1.510347412381078E-003   3699.81816925615     
  1.528471581329651E-003   3698.58983675456     
  1.546813240305607E-003   3697.34899863691     
  1.565374999189275E-003   3696.09551310697     
  1.584159499179546E-003   3694.82923685124     
  1.603169413169700E-003   3693.55002502506     
  1.622407446127736E-003   3692.25773123868     
  1.641876335481269E-003   3690.95220754325     
  1.661578851507045E-003   3689.63330441680     
  1.681517797725129E-003   3688.30087075011     
  1.701696011297831E-003   3686.95475383247     
  1.722116363433405E-003   3685.59479933750     
  1.742781759794605E-003   3684.22085130881     
  1.763695140912141E-003   3682.83275214562     
  1.784859482603087E-003   3681.43034258836     
  1.806277796394324E-003   3680.01346170419     
  1.827953129951056E-003   3678.58194687246     
  1.849888567510468E-003   3677.13563377013     
  1.872087230320595E-003   3675.67435635715     
  1.894552277084441E-003   3674.19794686180     
  1.917286904409454E-003   3672.70623576596     
  1.940294347262368E-003   3671.19905179033     
  1.963577879429516E-003   3669.67622187969     
  1.987140813982671E-003   3668.13757118801     
  2.010986503750463E-003   3666.58292306363     
  2.035118341795468E-003   3665.01209903435     
  2.059539761897013E-003   3663.42491879251     
  2.084254239039778E-003   3661.82120018003     
  2.109265289908255E-003   3660.20075917348     
  2.134576473387155E-003   3658.56340986906     
  2.160191391067801E-003   3656.90896446762     
  2.186113687760614E-003   3655.23723325963     
  2.212347052013741E-003   3653.54802461020     
  2.238895216637906E-003   3651.84114494403     
  2.265761959237561E-003   3650.11639873039     
  2.292951102748412E-003   3648.37358846810     
  2.320466515981393E-003   3646.61251467056     
  2.348312114173170E-003   3644.83297585070     
  2.376491859543248E-003   3643.03476850602     
  2.405009761857767E-003   3641.21768710363     
  2.433869879000060E-003   3639.38152406534     
  2.463076317548061E-003   3637.52606975272     
  2.492633233358638E-003   3635.65111245223     
  2.522544832158942E-003   3633.75643836043     
  2.552815370144849E-003   3631.84183156916     
  2.583449154586586E-003   3629.90707405083     
  2.614450544441626E-003   3627.95194564373     
  2.645823950974925E-003   3625.97622403740     
  2.677573838386624E-003   3623.97968475814     
  2.709704724447264E-003   3621.96210115446     
  2.742221181140631E-003   3619.92324438274     
  2.775127835314319E-003   3617.86288339291     
  2.808429369338091E-003   3615.78078491422     
  2.842130521770147E-003   3613.67671344112     
  2.876236088031389E-003   3611.55043121930     
  2.910750921087766E-003   3609.40169823172     
  2.945679932140820E-003   3607.23027218488     
  2.981028091326510E-003   3605.03590849517     
  3.016800428422427E-003   3602.81836027533     
  3.053002033563497E-003   3600.57737832109     
  3.089638057966259E-003   3598.31271109798     
  3.126713714661853E-003   3596.02410472823     
  3.164234279237797E-003   3593.71130297790     
  3.202205090588651E-003   3591.37404724417     
  3.240631551675714E-003   3589.01207654280     
  3.279519130295822E-003   3586.62512749579     
  3.318873359859371E-003   3584.21293431929     
  3.358699840177685E-003   3581.77522881163     
  3.399004238259817E-003   3579.31174034169     
  3.439792289118933E-003   3576.82219583740     
  3.481069796588362E-003   3574.30631977452     
  3.522842634147421E-003   3571.76383416576     
  3.565116745757192E-003   3569.19445854999     
  3.607898146706277E-003   3566.59790998191     
  3.651192924466755E-003   3563.97390302188     
  3.695007239560354E-003   3561.32214972612     
  3.739347326435077E-003   3558.64235963718     
  3.784219494352300E-003   3555.93423977479     
  3.829630128284526E-003   3553.19749462699     
  3.875585689823943E-003   3550.43182614163     
  3.922092718101828E-003   3547.63693371827     
  3.969157830719048E-003   3544.81251420038     
  4.016787724687680E-003   3541.95826186802     
  4.064989177383930E-003   3539.07386843088     
  4.113769047512540E-003   3536.15902302169     
  4.163134276082688E-003   3533.21341219022     
  4.213091887395683E-003   3530.23671989751     
  4.263648990044430E-003   3527.22862751080     
  4.314812777924962E-003   3524.18881379872     
  4.366590531260064E-003   3521.11695492715     
  4.418989617635181E-003   3518.01272445553     
  4.472017493046807E-003   3514.87579333366     
  4.525681702963366E-003   3511.70582989913     
  4.579989883398929E-003   3508.50249987521     
  4.634949761999714E-003   3505.26546636948     
  4.690569159143709E-003   3501.99438987288     
  4.746855989053437E-003   3498.68892825952     
  4.803818260922076E-003   3495.34873678710     
  4.861464080053144E-003   3491.97346809791     
  4.919801649013779E-003   3488.56277222063     
  4.978839268801947E-003   3485.11629657274     
  5.038585340027569E-003   3481.63368596370     
  5.099048364107898E-003   3478.11458259886     
  5.160236944477196E-003   3474.55862608410     
  5.222159787810920E-003   3470.96545343135     
  5.284825705264654E-003   3467.33469906476     
  5.348243613727827E-003   3463.66599482793     
  5.412422537092565E-003   3459.95896999171     
  5.477371607537674E-003   3456.21325126318     
  5.543100066828123E-003   3452.42846279528     
  5.609617267630065E-003   3448.60422619749     
  5.676932674841624E-003   3444.74016054752     
  5.745055866939726E-003   3440.83588240382     
  5.813996537343000E-003   3436.89100581920     
  5.883764495791114E-003   3432.90514235551     
  5.954369669740609E-003   3428.87790109925     
  6.025822105777496E-003   3424.80888867845     
  6.098131971046829E-003   3420.69770928044     
  6.171309554699388E-003   3416.54396467099     
  6.245365269355783E-003   3412.34725421445     
  6.320309652588051E-003   3408.10717489519     
  6.396153368419106E-003   3403.82332134022     
  6.472907208840138E-003   3399.49528584307     
  6.550582095346218E-003   3395.12265838905     
  6.629189080490374E-003   3390.70502668167     
  6.708739349456256E-003   3386.24197617060     
  6.789244221649735E-003   3381.73309008084     
  6.870715152309530E-003   3377.17794944351     
  6.953163734137242E-003   3372.57613312786     
  7.036601698946893E-003   3367.92721787499     
  7.121040919334252E-003   3363.23077833295     
  7.206493410366268E-003   3358.48638709343     
  7.292971331290661E-003   3353.69361473011     
  7.380486987266151E-003   3348.85202983852     
  7.469052831113343E-003   3343.96119907769     
  7.558681465086699E-003   3339.02068721339     
  7.649385642667745E-003   3334.03005716317     
  7.741178270379754E-003   3328.98887004322     
  7.834072409624315E-003   3323.89668521692     
  7.928081278539804E-003   3318.75306034535     
  8.023218253882278E-003   3313.55755143967     
  8.119496872928870E-003   3308.30971291541     
  8.216930835404014E-003   3303.00909764876     
  8.315534005428865E-003   3297.65525703482     
  8.415320413494010E-003   3292.24774104801     
  8.516304258455943E-003   3286.78609830442     
  8.618499909557412E-003   3281.26987612650     
  8.721921908472098E-003   3275.69862060970     
  8.826584971373766E-003   3270.07187669153     
  8.932503991030249E-003   3264.38918822277     
  9.039694038922616E-003   3258.65009804102     
  9.148170367389684E-003   3252.85414804664     
  9.257948411798365E-003   3247.00087928100     
  9.369043792739944E-003   3241.08983200724     
  9.481472318252818E-003   3235.12054579352     
  9.595249986071856E-003   3229.09255959873     
  9.710392985904717E-003   3223.00541186086     
  9.826917701735579E-003   3216.85864058793     
  9.944840714156399E-003   3210.65178345163     
  1.006417880272628E-002   3204.38437788358     
  1.018494894835899E-002   3198.05596117451     
  1.030716833573930E-002   3191.66607057609     
  1.043085435576818E-002   3185.21424340565     
  1.055602460803739E-002   3178.70001715391     
  1.068269690333384E-002   3172.12292959541     
  1.081088926617385E-002   3165.48251890224     
  1.094061993736794E-002   3158.77832376049     
  1.107190737661635E-002   3152.00988349006     
  1.120477026513574E-002   3145.17673816736     
  1.133922750831738E-002   3138.27842875139     
  1.147529823841718E-002   3131.31449721289     
  1.161300181727819E-002   3124.28448666680     
  1.175235783908553E-002   3117.18794150808     
  1.189338613315455E-002   3110.02440755085     
  1.203610676675241E-002   3102.79343217087     
  1.218054004795344E-002   3095.49456445161     
  1.232670652852888E-002   3088.12735533365     
  1.247462700687122E-002   3080.69135776774     
  1.262432253095368E-002   3073.18612687139     
  1.277581440132512E-002   3065.61122008902     
  1.292912417414102E-002   3057.96619735592     
  1.308427366423072E-002   3050.25062126571     
  1.324128494820148E-002   3042.46405724178     
  1.340018036757991E-002   3034.60607371230     
  1.356098253199086E-002   3026.67624228918     
  1.372371432237476E-002   3018.67413795082     
  1.388839889424325E-002   3010.59933922886     
  1.405505968097417E-002   3002.45142839868     
  1.422372039714587E-002   2994.22999167408     
  1.439440504191161E-002   2985.93461940581     
  1.456713790241456E-002   2977.56490628416     
  1.474194355724352E-002   2969.12045154569     
  1.491884687993045E-002   2960.60085918392     
  1.509787304248961E-002   2952.00573816427     
  1.527904751899948E-002   2943.33470264306     
  1.546239608922749E-002   2934.58737219069     
  1.564794484229821E-002   2925.76337201905     
  1.583572018040580E-002   2916.86233321307     
  1.602574882257066E-002   2907.88389296659     
  1.621805780844152E-002   2898.82769482237     
  1.641267450214281E-002   2889.69338891647     
  1.660962659616852E-002   2880.48063222674     
  1.680894211532255E-002   2871.18908882577     
  1.701064942070641E-002   2861.81843013800     
  1.721477721375490E-002   2852.36833520113     
  1.742135454031995E-002   2842.83849093183     
  1.763041079480378E-002   2833.22859239575     
  1.784197572434143E-002   2823.53834308177     
  1.805607943303353E-002   2813.76745518053     
  1.827275238622994E-002   2803.91564986723     
  1.849202541486469E-002   2793.98265758860     
  1.871392971984308E-002   2783.96821835420     
  1.893849687648119E-002   2773.87208203180     
  1.916575883899896E-002   2763.69400864698     
  1.939574794506696E-002   2753.43376868684     
  1.962849692040775E-002   2743.09114340787     
  1.986403888345266E-002   2732.66592514775     
  2.010240735005408E-002   2722.15791764128     
  2.034363623825474E-002   2711.56693634020     
  2.058775987311379E-002   2700.89280873695     
  2.083481299159114E-002   2690.13537469226     
  2.108483074749025E-002   2679.29448676648     
  2.133784871646012E-002   2668.37001055474     
  2.159390290105766E-002   2657.36182502557     
  2.185302973587034E-002   2646.26982286321     
  2.211526609270080E-002   2635.09391081332     
  2.238064928581320E-002   2623.83401003210     
  2.264921707724295E-002   2612.49005643856     
  2.292100768216987E-002   2601.06200107017     
  2.319605977435591E-002   2589.54981044130     
  2.347441249164819E-002   2577.95346690483     
  2.375610544154796E-002   2566.27296901636     
  2.404117870684653E-002   2554.50833190124     
  2.432967285132870E-002   2542.65958762400     
  2.462162892554463E-002   2530.72678556030     
  2.491708847265118E-002   2518.70999277095     
  2.521609353432298E-002   2506.60929437810     
  2.551868665673488E-002   2494.42479394324     
  2.582491089661568E-002   2482.15661384699     
  2.613480982737506E-002   2469.80489567031     
  2.644842754530358E-002   2457.36980057706     
  2.676580867584721E-002   2444.85150969774     
  2.708699837995739E-002   2432.25022451403     
  2.741204236051687E-002   2419.56616724404     
  2.774098686884309E-002   2406.79958122807     
  2.807387871126920E-002   2393.95073131442     
  2.841076525580441E-002   2381.01990424531     
  2.875169443887408E-002   2368.00740904239     
  2.909671477214056E-002   2354.91357739168     
  2.944587534940626E-002   2341.73876402768     
  2.979922585359913E-002   2328.48334711630     
  3.015681656384233E-002   2315.14772863632     
  3.051869836260843E-002   2301.73233475913     
  3.088492274295972E-002   2288.23761622636     
  3.125554181587525E-002   2274.66404872509     
  3.163060831766575E-002   2261.01213326029     
  3.201017561747775E-002   2247.28239652420     
  3.239429772488747E-002   2233.47539126220     
  3.278302929758613E-002   2219.59169663480     
  3.317642564915716E-002   2205.63191857551     
  3.357454275694703E-002   2191.59669014398     
  3.397743727003041E-002   2177.48667187415     
  3.438516651727077E-002   2163.30255211699     
  3.479778851547803E-002   2149.04504737734     
  3.521536197766376E-002   2134.71490264444     
  3.563794632139571E-002   2120.31289171574     
  3.606560167725247E-002   2105.83981751346     
  3.649838889737948E-002   2091.29651239356     
  3.693636956414806E-002   2076.68383844642     
  3.737960599891783E-002   2062.00268778904     
  3.782816127090487E-002   2047.25398284800     
  3.828209920615570E-002   2032.43867663280     
  3.874148439662957E-002   2017.55775299905     
  3.920638220938914E-002   2002.61222690100     
  3.967685879590179E-002   1987.60314463282     
  4.015298110145264E-002   1972.53158405814     
  4.063481687467005E-002   1957.39865482725     
  4.112243467716611E-002   1942.20549858148     
  4.161590389329210E-002   1926.95328914413     
  4.211529474001158E-002   1911.64323269735     
  4.262067827689175E-002   1896.27656794448     
  4.313212641621442E-002   1880.85456625720     
  4.364971193320902E-002   1865.37853180691     
  4.417350847640752E-002   1849.84980167975     
  4.470359057812442E-002   1834.26974597460     
  4.524003366506191E-002   1818.63976788362     
  4.578291406904263E-002   1802.96130375449     
  4.633230903787117E-002   1787.23582313388     
  4.688829674632561E-002   1771.46482879161     
  4.745095630728154E-002   1755.64985672455     
  4.802036778296890E-002   1739.79247614016     
  4.859661219636451E-002   1723.89428941852     
  4.917977154272090E-002   1707.95693205261     
  4.976992880123354E-002   1691.98207256605     
  5.036716794684837E-002   1675.97141240777     
  5.097157396221053E-002   1659.92668582290     
  5.158323284975708E-002   1643.84965969940     
  5.220223164395414E-002   1627.74213338971     
  5.282865842368158E-002   1611.60593850699     
  5.346260232476577E-002   1595.44293869515     
  5.410415355266295E-002   1579.25502937229     
  5.475340339529493E-002   1563.04413744690     
  5.541044423603846E-002   1546.81222100624     
  5.607536956687095E-002   1530.56126897646     
  5.674827400167338E-002   1514.29330075379     
  5.742925328969344E-002   1498.01036580645     
  5.811840432916979E-002   1481.71454324664     
  5.881582518111981E-002   1465.40794137225     
  5.952161508329327E-002   1449.09269717772     
  6.023587446429278E-002   1432.77097583375     
  6.095870495786433E-002   1416.44497013532     
  6.169020941735866E-002   1400.11689991768     
  6.243049193036695E-002   1383.78901143996     
  6.317965783353137E-002   1367.46357673605     
  6.393781372753374E-002   1351.14289293242     
  6.470506749226418E-002   1334.82928153259     
  6.548152830217133E-002   1318.52508766812     
  6.626730664179740E-002   1302.23267931570     
  6.706251432149894E-002   1285.95444648029     
  6.786726449335694E-002   1269.69280034423     
  6.868167166727725E-002   1253.45017238199     
  6.950585172728453E-002   1237.22901344074     
  7.033992194801197E-002   1221.03179278652     
  7.118400101138811E-002   1204.86099711616     
  7.203820902352473E-002   1188.71912953492     
  7.290266753180707E-002   1172.60870849996     
  7.377749954218872E-002   1156.53226672995     
  7.466282953669504E-002   1140.49235008069     
  7.555878349113535E-002   1124.49151638737     
  7.646548889302901E-002   1108.53233427351     
  7.738307475974533E-002   1092.61738192701     
  7.831167165686224E-002   1076.74924584381     
  7.925141171674463E-002   1060.93051953944     
  8.020242865734553E-002   1045.16380222919     
  8.116485780123374E-002   1029.45169747731     
  8.213883609484850E-002   1013.79681181596     
  8.312450212798674E-002   998.201753334650     
  8.412199615352256E-002   982.669130240842     
  8.513146010736479E-002   967.201549392560     
  8.615303762865319E-002   951.801614803951     
  8.718687408019700E-002   936.471926124695     
  8.823311656915943E-002   921.215077094281     
  8.929191396798930E-002   906.033653972255     
  9.036341693560523E-002   890.930233945544     
  9.144777793883245E-002   875.907383514120     
  9.254515127409842E-002   860.967656856209     
  9.365569308938765E-002   846.113594174454     
  9.477956140646025E-002   831.347720024395     
  9.591691614333783E-002   816.672541626732     
  9.706791913705784E-002   802.090547164950     
  9.823273416670258E-002   787.604204069846     
  9.941152697670297E-002   773.215957292672     
  0.100604465300423        758.928227568578     
  0.101811718884029        744.743409672170     
  0.103033459510637        730.663870667016     
  0.104269861024765        716.691948150993     
  0.105521099357062        702.829948499471     
  0.106787352549346        689.080145108304     
  0.108068800779939        675.444776638739     
  0.109365626389298        661.926045266352     
  0.110678013905969        648.526114936155     
  0.112006150072841        635.247109626147     
  0.113350223873715        622.091111621504     
  0.114710426560200        609.060159801773     
  0.116086951678922        596.156247943358     
  0.117479995099069        583.381323039700     
  0.118889755040258        570.737283641566     
  0.120316432100741        558.225978219835     
  0.121760229285950        545.849203553304     
  0.123221352037381        533.608703143928     
  0.124700008261830        521.506165662028     
  0.126196408360972        509.543223423955     
  0.127710765261304        497.721450904727     
  0.129243294444439        486.042363288146     
  0.130794213977773        474.507415056910     
  0.132363744545506        463.117998625232     
  0.133952109480052        451.875443016434     
  0.135559534793812        440.781012588027     
  0.137186249211338        429.835905806685     
  0.138832484201874        419.041254075567     
  0.140498474012297        408.398120616373     
  0.142184455700444        397.907499408461     
  0.143890669168850        387.570314187358     
  0.145617357198876        377.387417504896     
  0.147364765485262        367.359589853188     
  0.149133142671085        357.487538854572     
  0.150922740383139        347.771898519574     
  0.152733813267736        338.213228574922     
  0.154566619026949        328.812013863479     
  0.156421418455272        319.568663817956     
  0.158298475476736        310.483512010126     
  0.160198057182457        301.556815777188     
  0.162120433868646        292.788755926805     
  0.164065879075070        284.179436522265     
  0.166034669623971        275.728884749064     
  0.168027085659458        267.437050864117     
  0.170043410687372        259.303808228677     
  0.172083931615620        251.328953425896     
  0.174148938795008        243.512206463848     
  0.176238726060548        235.853211064697     
  0.178353590773274        228.351535040520     
  0.180493833862554        221.006670756204     
  0.182659759868904        213.818035679627     
  0.184851676987331        206.784973019220     
  0.187069897111179        199.906752448834     
  0.189314735876513        193.182570919678     
  0.191586512707031        186.611553558931     
  0.193885550859516        180.192754654472     
  0.196212177469830        173.925158724984     
  0.198566723599468        167.807681674557     
  0.200949524282662        161.839172030692     
  0.203360918574054        156.018412264496     
  0.205801249596942        150.344120191626     
  0.208270864592105        144.814950452409     
  0.210770114967211        139.429496069377     
  0.213299356346817        134.186290080273     
  0.215858948622979        129.083807244437     
  0.218449256006455        124.120465820271     
  0.221070647078532        119.294629411354     
  0.223723494843475        114.604608878585     
  0.226408176781596        110.048664315556     
  0.229125074902976        105.625007084225     
  0.231874575801812        101.331801907782     
  0.234657070711433        97.1671690174232     
  0.237472955559970        93.1291863496392     
  0.240322631026690        89.2158917904459     
  0.243206502599010        85.4252854628449     
  0.246124980630198        81.7553320536749     
  0.249078480397761        78.2039631758846     
  0.252067422162534        74.7690797621206     
  0.255092231228484        71.4485544854256     
  0.258153338003226        68.2402342027268     
  0.261251178059265        65.1419424166925     
  0.264386192195976        62.1514817505012     
  0.267558826502328        59.2666364358379     
  0.270769532420356        56.4851747994128     
  0.274018766809400        53.8048517535938     
  0.277306992011112        51.2234112811244     
  0.280634675915246        48.7385889102184     
  0.284002292026229        46.3481141752163     
  0.287410319530544        44.0497130579804     
  0.290859243364910        41.8411104052051     
  0.294349554285289        39.7200323168276     
  0.297881748936712        37.6842085007423     
  0.301456329923953        35.7313745890564     
  0.305073805883041        33.8592744111611     
  0.308734691553637        32.0656622189413     
  0.312439507852281        30.3483048595055     
  0.316188781946508        28.7049838908909     
  0.319983047329866        27.1334976362804     
  0.323822843897824        25.6316631723730     
  0.327708718024598        24.1973182476768     
  0.331641222640894        22.8283231266549     
  0.335620917312585        21.5225623558592     
  0.339648368320335        20.2779464484474     
  0.343724148740179        19.0924134838115     
  0.347848838525062        17.9639306194689     
  0.352023024587362        16.8904955128815     
  0.356247300882411        15.8701376515108     
  0.360522268493000        14.9009195901633     
  0.364848535714916        13.9809380955473     
  0.369226718143494        13.1083251989186     
  0.373657438761217        12.2812491587080     
  0.378141328026351        11.4979153360387     
  0.382679023962667        10.7565669869872     
  0.387271172250219        10.0554859762363     
  0.391918426317222        9.39299341731228     
  0.396621447433029        8.76745024482376     
  0.401380904802225        8.17725772395151     
  0.406197475659852        7.62085790185872     
  0.411071845367770        7.09673400470975     
  0.416004707512183        6.60341078266464     
  0.420996764002329        6.13945480366133     
  0.426048725170358        5.70347469514092     
  0.431161309872402        5.29412133126227     
  0.436335245590870        4.91008796174297     
  0.441571268537961        4.55011027738315     
  0.446870123760417        4.21296640668591     
  0.452232565245541        3.89747683785558     
  0.457659356028488        3.60250426086965     
  0.463151268300830        3.32695332527558     
  0.468709083520440        3.06977031080862     
  0.474333592522685        2.82994270976200     
  0.480025595632957        2.60649872211843     
  0.485785902780553        2.39850666659220     
  0.491615333613919        2.20507431273825     
  0.497514717617286        2.02534814097893     
  0.503484894228694        1.85851253864252     
  0.509526712959438        1.70378894082642     
  0.515641033514951        1.56043492508982     
  0.521828725917131        1.42774326870813     
  0.528090670628137        1.30504097659065     
  0.534427758675674        1.19168828710412     
  0.540840891779782        1.08707766208246     
  0.547330982481140       0.990632766344134     
  0.553898954270913       0.901807441159015     
  0.560545741722164       0.820084675351743     
  0.567272290622830       0.744975577116222     
  0.574079558110305       0.676018349142097     
  0.580968512807628       0.612777269303330     
  0.587940134961319       0.554841678907584     
  0.594995416580856       0.501824980328897     
  0.602135361579825       0.453363645722168     
  0.609360985918783       0.409116238427100     
  0.616673317749809       0.368762448596518     
  0.624073397562807       0.332002144518154     
  0.631562278333560       0.298554441033063     
  0.639141025673563       0.268156786382820     
  0.646810717981646       0.240564068739575     
  0.654572446597425       0.215547743586789     
  0.662427315956595       0.192894983024640     
  0.670376443748074       0.172407847973405     
  0.678420961073051       0.153902484141974     
  0.686562012605927       0.137208342518690     
  0.694800756757198       0.122167425029200     
  0.703138365838285       0.108633555892679     
  0.711576026228344       9.647167909481374E-002
  0.720114938543084       8.555718228454663E-002
  0.728756317805602       7.577524729291682E-002
  0.737501393619269       6.702022736708695E-002
  0.746351410342700       5.919505111173761E-002
  0.755307627266812       5.221065303389744E-002
  0.764371318794014       4.598543049651390E-002
  0.773543774619542       4.044472680097372E-002
  0.782826299914977       3.552034003966416E-002
  0.792220215513957       3.115005728668964E-002
  0.801726858100125       2.727721362815242E-002
  0.811347580397325       2.385027547304011E-002
  0.821083751362093       2.082244753172107E-002
  0.830936756378439       1.815130280130560E-002
  0.840907997454979       1.579843485558589E-002
  0.850998893424439       1.372913170180781E-002
  0.861210880145533       1.191207043698373E-002
  0.871545410707280       1.031903191264190E-002
  0.882003955635766       8.924634598607791E-003
  0.892588003103396       7.706086823379238E-003
  0.903299059140637       6.642956560629228E-003
  0.914138647850323       5.716957928062293E-003
  0.925108311624528       4.911753565966071E-003
  0.936209611364023       4.212772068025573E-003
  0.947444126700391       3.607039645982853E-003
  0.958813456220795       3.083025222204143E-003
  0.970319217695445       2.630498159825564E-003
  0.981963048307791       2.240397858558410E-003
  0.993746604887483       1.904714465114220E-003
   1.00567156414613       1.616379970235159E-003
   1.01773962291589       1.369168989168148E-003
   1.02995249839088       1.157608548794022E-003
   1.04231192837157       9.768962322202332E-004
   1.05481967151203       8.228260601836951E-004
   1.06747750757017       6.917215178219037E-004
   1.08028723766101       5.803751650045628E-004
   1.09325068451295       4.859942982401138E-004
   1.10636969272710       4.061521619668085E-004
   1.11964612903983       3.387442366090970E-004
   1.13308188258830       2.819491599498154E-004
   1.14667886517936       2.341938669782563E-004
   1.16043901156152       1.941225612844113E-004
   1.17436427970025       1.605691581598948E-004
   1.18845665105666       1.325328657337497E-004
   1.20271813086934       1.091565956317195E-004
   1.21715074843977       8.970791873244480E-005
   1.23175655742105       7.356230455115171E-005
   1.24653763611010       6.018840457317661E-005
   1.26149608774342       4.913516046233181E-005
   1.27663404079634       4.002053747144222E-005
   1.29195364928590       3.252170158448968E-005
   1.30745709307733       2.636647593208166E-005
   1.32314657819426       2.132592786375564E-005
   1.33902433713259       1.720795275917542E-005
   1.35509262917818       1.385173424947001E-005
   1.37135374072832       1.112297303933895E-005
   1.38780998561706       8.909788014194086E-006
   1.40446370544446       7.119203832193833E-006
   1.42131726990980       5.674148788891821E-006
   1.43837307714871       4.510895454553620E-006
   1.45563355407450       3.576884474216529E-006
   1.47310115672339       2.828879041904244E-006
   1.49077837060407       2.231403966446760E-006
   1.50866771105132       1.755428989726463E-006
   1.52677172358394       1.377261150280623E-006
   1.54509298426694       1.077615555856821E-006
   1.56363410007815       8.408379856393032E-007
   1.58239770927908       6.542563321784183E-007
   1.60138648179043       5.076410579475961E-007
   1.62060311957192       3.927576228209619E-007
   1.64005035700678       3.029962749352504E-007
   1.65973096129086       2.330667240832160E-007
   1.67964773282636       1.787470670768301E-007
   1.69980350562027       1.366779389248795E-007
   1.72020114768771       1.041942501713304E-007
   1.74084356145997       7.918806487205649E-008
   1.76173368419749       5.999719863754813E-008
   1.78287448840785       4.531499289756823E-008
   1.80426898226875       3.411746890629087E-008
   1.82592021005598       2.560469988889351E-008
   1.84783125257665       1.915377718556825E-008
   1.87000522760757       1.428119963528085E-008
   1.89244529033886       1.061289656231758E-008
   1.91515463382293       7.860413966368982E-009
   1.93813648942880       5.802059965020250E-009
   1.96139412730194       4.268027125824924E-009
   1.98493085682957       3.128692938882486E-009
   2.00875002711152       2.285451272640734E-009
   2.03285502743686       1.663552349783617E-009
   2.05724928776610       1.206530968885525E-009
   2.08193627921930       8.718861298810707E-010
   2.10691951456993       6.277430833007187E-010
   2.13220254874477       4.502838106995209E-010
   2.15778897932971       3.217763284342393E-010
   2.18368244708166       2.290688948141329E-010
   2.20988663644664       1.624437837910676E-010
   2.23640527608400       1.147480910440375E-010
   2.26324213939701       8.073715727280629E-011
   2.29040104506977       5.658053306021889E-011
   2.31788585761061       3.949171219955294E-011
   2.34570048790194       2.745173272255286E-011
   2.37384889375676       1.900368079613150E-011
   2.40233508048184       1.310053221801177E-011
   2.43116310144762       8.992952071440802E-012
   2.46033705866499       6.146904230170383E-012
   2.48986110336897       4.183405937544676E-012
   2.51973943660940       2.834663009680693E-012
   2.54997630984872       1.912271768009439E-012
   2.58057602556690       1.284254008851102E-012
   2.61154293787370       0.000000000000000E+000
   2.64288145312819       0.000000000000000E+000
   2.67459603056572       0.000000000000000E+000
   2.70669118293251       0.000000000000000E+000
   2.73917147712771       0.000000000000000E+000
   2.77204153485324       0.000000000000000E+000
   2.80530603327147       0.000000000000000E+000
   2.83896970567073       0.000000000000000E+000
   2.87303734213878       0.000000000000000E+000
   2.90751379024445       0.000000000000000E+000
   2.94240395572738       0.000000000000000E+000
   2.97771280319611       0.000000000000000E+000
   3.01344535683447       0.000000000000000E+000
   3.04960670111648       0.000000000000000E+000
   3.08620198152988       0.000000000000000E+000
   3.12323640530824       0.000000000000000E+000
   3.16071524217193       0.000000000000000E+000
   3.19864382507800       0.000000000000000E+000
   3.23702755097893       0.000000000000000E+000
   3.27587188159068       0.000000000000000E+000
   3.31518234416977       0.000000000000000E+000
   3.35496453229980       0.000000000000000E+000
   3.39522410668740       0.000000000000000E+000
   3.43596679596765       0.000000000000000E+000
   3.47719839751926       0.000000000000000E+000
   3.51892477828949       0.000000000000000E+000
   3.56115187562897       0.000000000000000E+000
   3.60388569813651       0.000000000000000E+000
   3.64713232651415       0.000000000000000E+000
   3.69089791443233       0.000000000000000E+000
   3.73518868940551       0.000000000000000E+000
   3.78001095367838       0.000000000000000E+000
   3.82537108512252       0.000000000000000E+000
   3.87127553814399       0.000000000000000E+000
   3.91773084460171       0.000000000000000E+000
   3.96474361473694       0.000000000000000E+000
   4.01232053811378       0.000000000000000E+000
   4.06046838457114       0.000000000000000E+000
   4.10919400518600       0.000000000000000E+000
   4.15850433324823       0.000000000000000E+000
   4.20840638524721       0.000000000000000E+000
   4.25890726187018       0.000000000000000E+000
   4.31001414901262       0.000000000000000E+000
   4.36173431880077       0.000000000000000E+000
   4.41407513062638       0.000000000000000E+000
   4.46704403219390       0.000000000000000E+000
   4.52064856058022       0.000000000000000E+000
   4.57489634330718       0.000000000000000E+000
   4.62979509942687       0.000000000000000E+000
   4.68535264062000       0.000000000000000E+000
   4.74157687230744       0.000000000000000E+000
   4.79847579477512       0.000000000000000E+000
   4.85605750431243       0.000000000000000E+000
   4.91433019436418       0.000000000000000E+000
   4.97330215669654       0.000000000000000E+000
   5.03298178257690       0.000000000000000E+000
   5.09337756396783       0.000000000000000E+000
   5.15449809473544       0.000000000000000E+000
   5.21635207187226       0.000000000000000E+000
   5.27894829673473       0.000000000000000E+000
   5.34229567629555       0.000000000000000E+000
   5.40640322441109       0.000000000000000E+000
   5.47128006310403       0.000000000000000E+000
   5.53693542386128       0.000000000000000E+000
   5.60337864894762       0.000000000000000E+000
   5.67061919273498       0.000000000000000E+000
   5.73866662304781       0.000000000000000E+000
   5.80753062252438       0.000000000000000E+000
   5.87722098999467       0.000000000000000E+000
   5.94774764187461       0.000000000000000E+000
   6.01912061357710       0.000000000000000E+000
   6.09135006094003       0.000000000000000E+000
   6.16444626167131       0.000000000000000E+000
   6.23841961681136       0.000000000000000E+000
   6.31328065221310       0.000000000000000E+000
   6.38904002003965       0.000000000000000E+000
   6.46570850028013       0.000000000000000E+000
   6.54329700228350       0.000000000000000E+000
   6.62181656631090       0.000000000000000E+000
   6.70127836510663       0.000000000000000E+000
   6.78169370548791       0.000000000000000E+000
   6.86307402995377       0.000000000000000E+000
   6.94543091831320       0.000000000000000E+000
   7.02877608933296       0.000000000000000E+000
   7.11312140240496       0.000000000000000E+000
   7.19847885923383       0.000000000000000E+000
   7.28486060554462       0.000000000000000E+000
   7.37227893281116       0.000000000000000E+000
   7.46074628000490       0.000000000000000E+000
   7.55027523536495       0.000000000000000E+000
   7.64087853818933       0.000000000000000E+000
   7.73256908064761       0.000000000000000E+000
   7.82535990961539       0.000000000000000E+000
   7.91926422853076       0.000000000000000E+000
   8.01429539927313       0.000000000000000E+000
   8.11046694406442       0.000000000000000E+000
   8.20779254739318       0.000000000000000E+000
   8.30628605796190       0.000000000000000E+000
   8.40596149065745       0.000000000000000E+000
   8.50683302854534       0.000000000000000E+000
   8.60891502488787       0.000000000000000E+000
   8.71222200518654       0.000000000000000E+000
   8.81676866924878       0.000000000000000E+000
   8.92256989327975       0.000000000000000E+000
   9.02964073199911       0.000000000000000E+000
   9.13799642078311       0.000000000000000E+000
   9.24765237783249       0.000000000000000E+000
   9.35862420636649       0.000000000000000E+000
   9.47092769684289       0.000000000000000E+000
   9.58457882920501       0.000000000000000E+000
   9.69959377515546       0.000000000000000E+000
   9.81598890045733       0.000000000000000E+000
   9.93378076726282       0.000000000000000E+000
   10.0529861364700       0.000000000000000E+000
   10.1736219701076       0.000000000000000E+000
   10.2957054337489       0.000000000000000E+000
   10.4192538989539       0.000000000000000E+000
   10.5442849457413       0.000000000000000E+000
   10.6708163650902       0.000000000000000E+000
   10.7988661614713       0.000000000000000E+000
   10.9284525554090       0.000000000000000E+000
   11.0595939860739       0.000000000000000E+000
   11.1923091139068       0.000000000000000E+000
   11.3266168232737       0.000000000000000E+000
   11.4625362251529       0.000000000000000E+000
   11.6000866598548       0.000000000000000E+000
   11.7392876997730       0.000000000000000E+000
   11.8801591521703       0.000000000000000E+000
   12.0227210619963       0.000000000000000E+000
   12.1669937147403       0.000000000000000E+000
   12.3129976393172       0.000000000000000E+000
   12.4607536109890       0.000000000000000E+000
   12.6102826543209       0.000000000000000E+000
   12.7616060461727       0.000000000000000E+000
   12.9147453187268       0.000000000000000E+000
   13.0697222625515       0.000000000000000E+000
   13.2265589297021       0.000000000000000E+000
   13.3852776368586       0.000000000000000E+000
   13.5459009685008       0.000000000000000E+000
   13.7084517801229       0.000000000000000E+000
   13.8729532014843       0.000000000000000E+000
   14.0394286399021       0.000000000000000E+000
   14.2079017835810       0.000000000000000E+000
   14.3783966049839       0.000000000000000E+000
   14.5509373642438       0.000000000000000E+000
   14.7255486126147       0.000000000000000E+000
   14.9022551959661       0.000000000000000E+000
   15.0810822583177       0.000000000000000E+000
   15.2620552454174       0.000000000000000E+000
   15.4451999083625       0.000000000000000E+000
   15.6305423072628       0.000000000000000E+000
   15.8181088149500       0.000000000000000E+000
   16.0079261207294       0.000000000000000E+000
   16.2000212341781       0.000000000000000E+000
   16.3944214889883       0.000000000000000E+000
   16.5911545468561       0.000000000000000E+000
   16.7902484014184       0.000000000000000E+000
   16.9917313822354       0.000000000000000E+000
   17.1956321588223       0.000000000000000E+000
   17.4019797447281       0.000000000000000E+000
   17.6108035016648       0.000000000000000E+000
   17.8221331436848       0.000000000000000E+000
   18.0359987414090       0.000000000000000E+000
   18.2524307263059       0.000000000000000E+000
   18.4714598950216       0.000000000000000E+000
   18.6931174137619       0.000000000000000E+000
   18.9174348227270       0.000000000000000E+000
   19.1444440405997       0.000000000000000E+000
   19.3741773690870       0.000000000000000E+000
   19.6066674975160       0.000000000000000E+000
   19.8419475074862       0.000000000000000E+000
   20.0800508775760       0.000000000000000E+000
   20.3210114881069       0.000000000000000E+000
   20.5648636259642       0.000000000000000E+000
   20.8116419894758       0.000000000000000E+000
   21.0613816933495       0.000000000000000E+000
   21.3141182736697       0.000000000000000E+000
   21.5698876929537       0.000000000000000E+000
   21.8287263452692       0.000000000000000E+000
   22.0906710614124       0.000000000000000E+000
   22.3557591141493       0.000000000000000E+000
   22.6240282235191       0.000000000000000E+000
   22.8955165622014       0.000000000000000E+000
   23.1702627609478       0.000000000000000E+000
   23.4483059140792       0.000000000000000E+000
   23.7296855850481       0.000000000000000E+000
   24.0144418120687       0.000000000000000E+000
   24.3026151138135       0.000000000000000E+000
   24.5942464951793       0.000000000000000E+000
   24.8893774531214       0.000000000000000E+000
   25.1880499825589       0.000000000000000E+000
   25.4903065823496       0.000000000000000E+000
   25.7961902613378       0.000000000000000E+000
   26.1057445444738       0.000000000000000E+000
   26.4190134790075       0.000000000000000E+000
   26.7360416407556       0.000000000000000E+000
   27.0568741404447       0.000000000000000E+000
   27.3815566301300       0.000000000000000E+000
   27.7101353096916       0.000000000000000E+000
   28.0426569334079       0.000000000000000E+000
   28.3791688166088       0.000000000000000E+000
   28.7197188424081       0.000000000000000E+000
   29.0643554685170       0.000000000000000E+000
   29.4131277341392       0.000000000000000E+000
   29.7660852669488       0.000000000000000E+000
   30.1232782901522       0.000000000000000E+000
   30.4847576296341       0.000000000000000E+000
   30.8505747211897       0.000000000000000E+000
   31.2207816178440       0.000000000000000E+000
   31.5954309972581       0.000000000000000E+000
   31.9745761692252       0.000000000000000E+000
   32.3582710832559       0.000000000000000E+000
   32.7465703362549       0.000000000000000E+000
   33.1395291802900       0.000000000000000E+000
   33.5372035304535       0.000000000000000E+000
   33.9396499728189       0.000000000000000E+000
   34.3469257724928       0.000000000000000E+000
   34.7590888817627       0.000000000000000E+000
   35.1761979483438       0.000000000000000E+000
   35.5983123237240       0.000000000000000E+000
   36.0254920716087       0.000000000000000E+000
   36.4577979764679       0.000000000000000E+000
   36.8952915521856       0.000000000000000E+000
   37.3380350508118       0.000000000000000E+000
   37.7860914714215       0.000000000000000E+000
   38.2395245690786       0.000000000000000E+000
   38.6983988639075       0.000000000000000E+000
   39.1627796502744       0.000000000000000E+000
   39.6327330060777       0.000000000000000E+000
   40.1083258021506       0.000000000000000E+000
   40.5896257117765       0.000000000000000E+000
   41.0767012203177       0.000000000000000E+000
   41.5696216349616       0.000000000000000E+000
   42.0684570945811       0.000000000000000E+000
   42.5732785797161       0.000000000000000E+000
   43.0841579226727       0.000000000000000E+000
   43.6011678177448       0.000000000000000E+000
   44.1243818315577       0.000000000000000E+000
