# 
# Energy units: hartree
# Length units: bohr
#
# -----------------------------------
# |       r       |       w(r)      |
# -----------------------------------
   3.74165729E-05   -1.60837298E-08
   3.83598792E-05   -1.69049238E-08
   3.93269671E-05   -1.77680458E-08
   4.03184362E-05   -1.86752366E-08
   4.13349012E-05   -1.96287463E-08
   4.23769921E-05   -2.06309397E-08
   4.34453551E-05   -2.16843026E-08
   4.45406526E-05   -2.27914474E-08
   4.56635635E-05   -2.39551202E-08
   4.68147840E-05   -2.51782072E-08
   4.79950279E-05   -2.64637419E-08
   4.92050268E-05   -2.78149126E-08
   5.04455309E-05   -2.92350707E-08
   5.17173092E-05   -3.07277384E-08
   5.30211502E-05   -3.22966178E-08
   5.43578623E-05   -3.39456003E-08
   5.57282741E-05   -3.56787755E-08
   5.71332353E-05   -3.75004422E-08
   5.85736168E-05   -3.94151186E-08
   6.00503117E-05   -4.14275534E-08
   6.15642354E-05   -4.35427380E-08
   6.31163265E-05   -4.57659184E-08
   6.47075473E-05   -4.81026088E-08
   6.63388842E-05   -5.05586046E-08
   6.80113486E-05   -5.31399972E-08
   6.97259774E-05   -5.58531891E-08
   7.14838335E-05   -5.87049096E-08
   7.32860069E-05   -6.17022316E-08
   7.51336146E-05   -6.48525892E-08
   7.70278023E-05   -6.81637960E-08
   7.89697442E-05   -7.16440645E-08
   8.09606443E-05   -7.53020266E-08
   8.30017367E-05   -7.91467548E-08
   8.50942870E-05   -8.31877850E-08
   8.72395924E-05   -8.74351399E-08
   8.94389830E-05   -9.18993537E-08
   9.16938222E-05   -9.65914989E-08
   9.40055079E-05   -1.01523213E-07
   9.63754734E-05   -1.06706728E-07
   9.88051880E-05   -1.12154899E-07
   1.01296158E-04   -1.17881241E-07
   1.03849927E-04   -1.23899954E-07
   1.06468080E-04   -1.30225968E-07
   1.09152238E-04   -1.36874972E-07
   1.11904067E-04   -1.43863456E-07
   1.14725271E-04   -1.51208755E-07
   1.17617601E-04   -1.58929086E-07
   1.20582849E-04   -1.67043598E-07
   1.23622854E-04   -1.75572415E-07
   1.26739500E-04   -1.84536692E-07
   1.29934720E-04   -1.93958662E-07
   1.33210494E-04   -2.03861693E-07
   1.36568853E-04   -2.14270348E-07
   1.40011880E-04   -2.25210442E-07
   1.43541708E-04   -2.36709109E-07
   1.47160527E-04   -2.48794869E-07
   1.50870580E-04   -2.61497696E-07
   1.54674166E-04   -2.74849097E-07
   1.58573644E-04   -2.88882187E-07
   1.62571432E-04   -3.03631770E-07
   1.66670008E-04   -3.19134428E-07
   1.70871912E-04   -3.35428613E-07
   1.75179751E-04   -3.52554737E-07
   1.79596194E-04   -3.70555277E-07
   1.84123979E-04   -3.89474878E-07
   1.88765915E-04   -4.09360465E-07
   1.93524877E-04   -4.30261360E-07
   1.98403818E-04   -4.52229400E-07
   2.03405761E-04   -4.75319072E-07
   2.08533808E-04   -4.99587643E-07
   2.13791137E-04   -5.25095306E-07
   2.19181009E-04   -5.51905324E-07
   2.24706764E-04   -5.80084192E-07
   2.30371829E-04   -6.09701802E-07
   2.36179715E-04   -6.40831610E-07
   2.42134023E-04   -6.73550826E-07
   2.48238445E-04   -7.07940602E-07
   2.54496765E-04   -7.44086230E-07
   2.60912863E-04   -7.82077362E-07
   2.67490717E-04   -8.22008223E-07
   2.74234404E-04   -8.63977852E-07
   2.81148107E-04   -9.08090341E-07
   2.88236109E-04   -9.54455101E-07
   2.95502807E-04   -1.00318713E-06
   3.02952706E-04   -1.05440728E-06
   3.10590423E-04   -1.10824261E-06
   3.18420693E-04   -1.16482663E-06
   3.26448373E-04   -1.22429968E-06
   3.34678437E-04   -1.28680928E-06
   3.43115989E-04   -1.35251045E-06
   3.51766259E-04   -1.42156616E-06
   3.60634611E-04   -1.49414767E-06
   3.69726542E-04   -1.57043501E-06
   3.79047689E-04   -1.65061739E-06
   3.88603830E-04   -1.73489367E-06
   3.98400891E-04   -1.82347287E-06
   4.08444945E-04   -1.91657471E-06
   4.18742218E-04   -2.01443008E-06
   4.29299096E-04   -2.11728170E-06
   4.40122121E-04   -2.22538466E-06
   4.51218006E-04   -2.33900707E-06
   4.62593628E-04   -2.45843075E-06
   4.74256039E-04   -2.58395190E-06
   4.86212471E-04   -2.71588183E-06
   4.98470336E-04   -2.85454776E-06
   5.11037233E-04   -3.00029362E-06
   5.23920952E-04   -3.15348088E-06
   5.37129482E-04   -3.31448949E-06
   5.50671012E-04   -3.48371878E-06
   5.64553935E-04   -3.66158848E-06
   5.78786861E-04   -3.84853974E-06
   5.93378611E-04   -4.04503626E-06
   6.08338233E-04   -4.25156537E-06
   6.23675000E-04   -4.46863933E-06
   6.39398422E-04   -4.69679652E-06
   6.55518245E-04   -4.93660282E-06
   6.72044464E-04   -5.18865301E-06
   6.88987325E-04   -5.45357223E-06
   7.06357330E-04   -5.73201753E-06
   7.24165250E-04   -6.02467953E-06
   7.42422123E-04   -6.33228408E-06
   7.61139269E-04   -6.65559412E-06
   7.80328292E-04   -6.99541153E-06
   8.00001087E-04   -7.35257912E-06
   8.20169852E-04   -7.72798276E-06
   8.40847090E-04   -8.12255353E-06
   8.62045620E-04   -8.53727005E-06
   8.83778585E-04   -8.97316090E-06
   9.06059458E-04   -9.43130720E-06
   9.28902052E-04   -9.91284524E-06
   9.52320529E-04   -1.04189693E-05
   9.76329407E-04   -1.09509348E-05
   1.00094357E-03   -1.15100610E-05
   1.02617828E-03   -1.20977348E-05
   1.05204918E-03   -1.27154136E-05
   1.07857231E-03   -1.33646294E-05
   1.10576411E-03   -1.40469925E-05
   1.13364145E-03   -1.47641952E-05
   1.16222159E-03   -1.55180164E-05
   1.19152227E-03   -1.63103256E-05
   1.22156164E-03   -1.71430881E-05
   1.25235834E-03   -1.80183692E-05
   1.28393145E-03   -1.89383398E-05
   1.31630054E-03   -1.99052816E-05
   1.34948569E-03   -2.09215928E-05
   1.38350747E-03   -2.19897942E-05
   1.41838697E-03   -2.31125350E-05
   1.45414581E-03   -2.42925999E-05
   1.49080617E-03   -2.55329157E-05
   1.52839077E-03   -2.68365587E-05
   1.56692291E-03   -2.82067620E-05
   1.60642648E-03   -2.96469242E-05
   1.64692597E-03   -3.11606171E-05
   1.68844649E-03   -3.27515949E-05
   1.73101378E-03   -3.44238036E-05
   1.77465424E-03   -3.61813907E-05
   1.81939491E-03   -3.80287152E-05
   1.86526353E-03   -3.99703588E-05
   1.91228854E-03   -4.20111373E-05
   1.96049910E-03   -4.41561122E-05
   2.00992509E-03   -4.64106033E-05
   2.06059715E-03   -4.87802023E-05
   2.11254670E-03   -5.12707861E-05
   2.16580595E-03   -5.38885319E-05
   2.22040792E-03   -5.66399321E-05
   2.27638645E-03   -5.95318108E-05
   2.33377625E-03   -6.25713402E-05
   2.39261290E-03   -6.57660589E-05
   2.45293288E-03   -6.91238903E-05
   2.51477357E-03   -7.26531625E-05
   2.57817333E-03   -7.63626285E-05
   2.64317146E-03   -8.02614884E-05
   2.70980825E-03   -8.43594121E-05
   2.77812501E-03   -8.86665629E-05
   2.84816411E-03   -9.31936232E-05
   2.91996895E-03   -9.79518208E-05
   2.99358406E-03   -1.02952957E-04
   3.06905507E-03   -1.08209434E-04
   3.14642878E-03   -1.13734290E-04
   3.22575315E-03   -1.19541227E-04
   3.30707736E-03   -1.25644647E-04
   3.39045183E-03   -1.32059686E-04
   3.47592824E-03   -1.38802255E-04
   3.56355960E-03   -1.45889076E-04
   3.65340022E-03   -1.53337725E-04
   3.74550581E-03   -1.61166676E-04
   3.83993346E-03   -1.69395344E-04
   3.93674172E-03   -1.78044137E-04
   4.03599061E-03   -1.87134506E-04
   4.13774165E-03   -1.96688994E-04
   4.24205793E-03   -2.06731297E-04
   4.34900412E-03   -2.17286321E-04
   4.45864653E-03   -2.28380241E-04
   4.57105312E-03   -2.40040572E-04
   4.68629358E-03   -2.52296231E-04
   4.80443936E-03   -2.65177612E-04
   4.92556370E-03   -2.78716660E-04
   5.04974170E-03   -2.92946952E-04
   5.17705035E-03   -3.07903778E-04
   5.30756856E-03   -3.23624231E-04
   5.44137725E-03   -3.40147296E-04
   5.57855939E-03   -3.57513949E-04
   5.71920001E-03   -3.75767257E-04
   5.86338632E-03   -3.94952486E-04
   6.01120769E-03   -4.15117213E-04
   6.16275578E-03   -4.36311444E-04
   6.31812453E-03   -4.58587736E-04
   6.47741028E-03   -4.82001330E-04
   6.64071176E-03   -5.06610287E-04
   6.80813022E-03   -5.32475631E-04
   6.97976946E-03   -5.59661502E-04
   7.15573588E-03   -5.88235311E-04
   7.33613858E-03   -6.18267914E-04
   7.52108940E-03   -6.49833780E-04
   7.71070299E-03   -6.83011182E-04
   7.90509692E-03   -7.17882386E-04
   8.10439170E-03   -7.54533856E-04
   8.30871089E-03   -7.93056472E-04
   8.51818115E-03   -8.33545750E-04
   8.73293235E-03   -8.76102082E-04
   8.95309762E-03   -9.20830981E-04
   9.17881346E-03   -9.67843349E-04
   9.41021981E-03   -1.01725574E-03
   9.64746013E-03   -1.06919067E-03
   9.89068149E-03   -1.12377689E-03
   1.01400347E-02   -1.18114974E-03
   1.03956743E-02   -1.24145144E-03
   1.06577588E-02   -1.30483150E-03
   1.09264508E-02   -1.37144702E-03
   1.12019167E-02   -1.44146315E-03
   1.14843273E-02   -1.51505345E-03
   1.17738578E-02   -1.59240034E-03
   1.20706876E-02   -1.67369554E-03
   1.23750007E-02   -1.75914055E-03
   1.26869859E-02   -1.84894716E-03
   1.30068365E-02   -1.94333796E-03
   1.33347509E-02   -2.04254688E-03
   1.36709322E-02   -2.14681980E-03
   1.40155890E-02   -2.25641513E-03
   1.43689349E-02   -2.37160447E-03
   1.47311890E-02   -2.49267324E-03
   1.51025759E-02   -2.61992146E-03
   1.54833258E-02   -2.75366442E-03
   1.58736747E-02   -2.89423348E-03
   1.62738646E-02   -3.04197691E-03
   1.66841438E-02   -3.19726074E-03
   1.71047664E-02   -3.36046963E-03
   1.75359933E-02   -3.53200788E-03
   1.79780919E-02   -3.71230037E-03
   1.84313362E-02   -3.90179364E-03
   1.88960071E-02   -4.10095700E-03
   1.93723929E-02   -4.31028365E-03
   1.98607888E-02   -4.53029193E-03
   2.03614976E-02   -4.76152658E-03
   2.08748297E-02   -5.00456009E-03
   2.14011034E-02   -5.25999409E-03
   2.19406449E-02   -5.52846088E-03
   2.24937888E-02   -5.81062491E-03
   2.30608780E-02   -6.10718450E-03
   2.36422640E-02   -6.41887347E-03
   2.42383072E-02   -6.74646302E-03
   2.48493773E-02   -7.09076357E-03
   2.54758530E-02   -7.45262679E-03
   2.61181227E-02   -7.83294763E-03
   2.67765847E-02   -8.23266660E-03
   2.74516471E-02   -8.65277199E-03
   2.81437284E-02   -9.09430235E-03
   2.88532577E-02   -9.55834899E-03
   2.95806749E-02   -1.00460587E-02
   3.03264310E-02   -1.05586364E-02
   3.10909883E-02   -1.10973485E-02
   3.18748208E-02   -1.16635252E-02
   3.26784144E-02   -1.22585648E-02
   3.35022673E-02   -1.28839360E-02
   3.43468904E-02   -1.35411824E-02
   3.52128071E-02   -1.42319256E-02
   3.61005545E-02   -1.49578695E-02
   3.70106827E-02   -1.57208043E-02
   3.79437561E-02   -1.65226107E-02
   3.89003532E-02   -1.73652649E-02
   3.98810670E-02   -1.82508429E-02
   4.08865054E-02   -1.91815256E-02
   4.19172919E-02   -2.01596043E-02
   4.29740655E-02   -2.11874858E-02
   4.40574813E-02   -2.22676988E-02
   4.51682110E-02   -2.34028990E-02
   4.63069432E-02   -2.45958766E-02
   4.74743840E-02   -2.58495620E-02
   4.86712569E-02   -2.71670332E-02
   4.98983042E-02   -2.85515231E-02
   5.11562864E-02   -3.00064271E-02
   5.24459836E-02   -3.15353110E-02
   5.37681951E-02   -3.31419198E-02
   5.51237409E-02   -3.48301859E-02
   5.65134612E-02   -3.66042387E-02
   5.79382177E-02   -3.84684142E-02
   5.93988935E-02   -4.04272651E-02
   6.08963944E-02   -4.24855710E-02
   6.24316486E-02   -4.46483499E-02
   6.40056080E-02   -4.69208693E-02
   6.56192484E-02   -4.93086586E-02
   6.72735702E-02   -5.18175214E-02
   6.89695989E-02   -5.44535485E-02
   7.07083860E-02   -5.72231320E-02
   7.24910096E-02   -6.01329792E-02
   7.43185748E-02   -6.31901275E-02
   7.61922146E-02   -6.64019603E-02
   7.81130905E-02   -6.97762224E-02
   8.00823935E-02   -7.33210373E-02
   8.21013445E-02   -7.70449246E-02
   8.41711951E-02   -8.09568176E-02
   8.62932285E-02   -8.50660828E-02
   8.84687603E-02   -8.93825387E-02
   9.06991393E-02   -9.39164762E-02
   9.29857482E-02   -9.86786794E-02
   9.53300046E-02   -1.03680447E-01
   9.77333619E-02   -1.08933615E-01
   1.00197310E-01   -1.14450577E-01
   1.02723377E-01   -1.20244313E-01
   1.05313128E-01   -1.26328406E-01
   1.07968169E-01   -1.32717072E-01
   1.10690146E-01   -1.39425184E-01
   1.13480746E-01   -1.46468296E-01
   1.16341700E-01   -1.53862668E-01
   1.19274782E-01   -1.61625295E-01
   1.22281809E-01   -1.69773928E-01
   1.25364646E-01   -1.78327105E-01
   1.28525205E-01   -1.87304174E-01
   1.31765443E-01   -1.96725315E-01
   1.35087372E-01   -2.06611572E-01
   1.38493049E-01   -2.16984869E-01
   1.41984586E-01   -2.27868033E-01
   1.45564149E-01   -2.39284818E-01
   1.49233955E-01   -2.51259921E-01
   1.52996281E-01   -2.63818994E-01
   1.56853458E-01   -2.76988660E-01
   1.60807878E-01   -2.90796521E-01
   1.64861993E-01   -3.05271156E-01
   1.69018316E-01   -3.20442127E-01
   1.73279423E-01   -3.36339960E-01
   1.77647957E-01   -3.52996136E-01
   1.82126626E-01   -3.70443061E-01
   1.86718206E-01   -3.88714032E-01
   1.91425544E-01   -4.07843184E-01
   1.96251559E-01   -4.27865432E-01
   2.01199241E-01   -4.48816390E-01
   2.06271660E-01   -4.70732275E-01
   2.11471958E-01   -4.93649787E-01
   2.16803361E-01   -5.17605969E-01
   2.22269174E-01   -5.42638037E-01
   2.27872785E-01   -5.68783182E-01
   2.33617667E-01   -5.96078335E-01
   2.39507384E-01   -6.24559897E-01
   2.45545586E-01   -6.54263423E-01
   2.51736017E-01   -6.85223259E-01
   2.58082514E-01   -7.17472123E-01
   2.64589012E-01   -7.51040636E-01
   2.71259545E-01   -7.85956777E-01
   2.78098248E-01   -8.22245271E-01
   2.85109361E-01   -8.59926903E-01
   2.92297231E-01   -8.99017743E-01
   2.99666313E-01   -9.39528278E-01
   3.07221177E-01   -9.81462454E-01
   3.14966506E-01   -1.02481661E+00
   3.22907102E-01   -1.06957830E+00
   3.31047888E-01   -1.11572500E+00
   3.39393910E-01   -1.16322272E+00
   3.47950344E-01   -1.21202446E+00
   3.56722493E-01   -1.26206860E+00
   3.65715795E-01   -1.31327711E+00
   3.74935828E-01   -1.36555373E+00
   3.84388306E-01   -1.41878201E+00
   3.94079089E-01   -1.47282327E+00
   4.04014186E-01   -1.52751460E+00
   4.14199756E-01   -1.58266668E+00
   4.24642114E-01   -1.63806183E+00
   4.35347733E-01   -1.69345197E+00
   4.46323251E-01   -1.74855679E+00
   4.57575471E-01   -1.80306216E+00
   4.69111370E-01   -1.85661881E+00
   4.80938100E-01   -1.90884141E+00
   4.93062993E-01   -1.95930814E+00
   5.05493566E-01   -2.00756101E+00
   5.18237525E-01   -2.05310680E+00
   5.31302770E-01   -2.09541900E+00
   5.44697403E-01   -2.13394084E+00
   5.58429726E-01   -2.16808940E+00
   5.72508255E-01   -2.19726117E+00
   5.86941715E-01   -2.22083899E+00
   6.01739057E-01   -2.23820056E+00
   6.16909453E-01   -2.24872855E+00
   6.32462309E-01   -2.25182230E+00
   6.48407267E-01   -2.24691106E+00
   6.64754212E-01   -2.23346875E+00
   6.81513278E-01   -2.21102987E+00
   6.98694856E-01   -2.17920647E+00
   7.16309598E-01   -2.13770566E+00
   7.34368423E-01   -2.08634736E+00
   7.52882528E-01   -2.02508164E+00
   7.71863390E-01   -1.95400527E+00
   7.91322778E-01   -1.87337659E+00
   8.11272754E-01   -1.78362842E+00
   8.31725688E-01   -1.68537815E+00
   8.52694259E-01   -1.57943460E+00
   8.74191468E-01   -1.46680111E+00
   8.96230640E-01   -1.34867431E+00
   9.18825441E-01   -1.22643834E+00
   9.41989877E-01   -1.10165367E+00
   9.65738310E-01   -9.76040064E-01
   9.90085463E-01   -8.51452411E-01
   1.01504643E+00   -7.29847956E-01
   1.04063669E+00   -6.13242617E-01
   1.06687210E+00   -5.03653662E-01
   1.09376893E+00   -4.03025667E-01
   1.12134385E+00   -3.13137202E-01
   1.14961396E+00   -2.35487443E-01
   1.17859679E+00   -1.71165791E-01
   1.20831030E+00   -1.20714593E-01
   1.23877292E+00   -8.40041245E-02
   1.27000352E+00   -6.01229787E-02
   1.30202148E+00   -4.72846003E-02
   1.33484664E+00   -4.28072990E-02
   1.36849936E+00   -4.32275698E-02
   1.40300049E+00   -4.46516244E-02
   1.43837142E+00   -4.34982189E-02
   1.47463409E+00   -3.78392056E-02
   1.51181098E+00   -2.95622535E-02
   1.54992513E+00   -2.25896044E-02
   1.58900017E+00   -1.71378201E-02
   1.62906033E+00   -1.29502454E-02
   1.67013044E+00   -9.78860529E-03
   1.71223597E+00   -7.43562522E-03
   1.75540301E+00   -5.69793278E-03
   1.79965834E+00   -4.40946268E-03
   1.84502939E+00   -3.43553846E-03
   1.89154428E+00   -2.67783887E-03
   1.93923185E+00   -2.07853564E-03
   1.98812168E+00   -1.60567386E-03
   2.03824406E+00   -1.23435939E-03
   2.08963007E+00   -9.44200111E-04
   2.14231157E+00   -7.18579236E-04
   2.19632122E+00   -5.44027168E-04
   2.25169250E+00   -4.09680691E-04
   2.30845974E+00   -3.06825142E-04
   2.36665814E+00   -2.28504890E-04
   2.42632377E+00   -1.69197458E-04
   2.48749363E+00   -1.24542840E-04
   2.55020564E+00   -9.11172553E-05
   2.61449867E+00   -6.62470951E-05
   2.68041260E+00   -4.78565615E-05
   2.74798827E+00   -3.43437394E-05
   2.81726759E+00   -2.44796873E-05
   2.88829350E+00   -1.73273805E-05
   2.96111004E+00   -1.21771072E-05
   3.03576235E+00   -8.49483992E-06
   3.11229672E+00   -5.88138616E-06
   3.19076059E+00   -4.04047104E-06
   3.27120260E+00   -2.75377020E-06
   3.35367264E+00   -1.86160115E-06
   3.43822182E+00   -1.24805363E-06
   3.52490256E+00   -8.29674621E-07
   3.61376860E+00   -5.46841557E-07
   3.70487504E+00   -3.57332147E-07
   3.79827835E+00   -2.31502132E-07
   3.89403645E+00   -1.48723813E-07
   3.99220870E+00   -9.47760215E-08
   4.09285596E+00   -5.99483002E-08
   4.19604063E+00   -3.76743754E-08
   4.30182668E+00   -2.35598546E-08
   4.41027970E+00   -1.46939517E-08
   4.52146691E+00   -9.16944066E-09
   4.63545726E+00   -5.75017811E-09
   4.75232141E+00   -3.64400468E-09
   4.87213182E+00   -2.34900792E-09
   4.99496275E+00   -1.55086361E-09
   5.12089037E+00   -1.05486854E-09
   5.24999273E+00   -7.41869375E-10
   5.38234989E+00   -5.39599465E-10
   5.51804389E+00   -4.04722965E-10
   5.65715886E+00   -3.11367879E-10
   5.79978105E+00   -2.44186795E-10
   5.94599888E+00   -1.94037393E-10
   6.09590299E+00   -1.55455021E-10
   6.24958632E+00   -1.25087791E-10
   6.40714416E+00   -1.00777405E-10
   6.56867416E+00   -8.11245421E-11
   6.73427650E+00   -6.51859494E-11
   6.90405381E+00   -5.22080042E-11
   7.07811137E+00   -4.16695942E-11
   7.25655709E+00   -3.31095762E-11
   7.43950158E+00   -2.62062463E-11
   7.62705827E+00   -2.06253049E-11
   7.81934344E+00   -1.61674664E-11
   8.01647630E+00   -1.26051477E-11
   8.21857905E+00   -9.77741578E-12
   8.42577700E+00   -7.53613013E-12
   8.63819861E+00   -5.78687067E-12
   8.85597556E+00   -4.41313483E-12
   9.07924287E+00   -3.33320350E-12
   9.30813895E+00   -2.51056641E-12
   9.54280571E+00   -1.87731512E-12
   9.78338864E+00   -1.37001251E-12
   1.00300369E+01   -1.00873213E-12
   1.02829034E+01   -7.31344887E-13
   1.05421448E+01   -5.26246213E-13
   1.08079220E+01   -3.50135605E-13
   1.10803997E+01   -2.43077508E-13
   1.13597468E+01   -1.37142784E-13
   1.16461365E+01   -6.36806997E-14
   1.19397463E+01   -3.41767809E-14
   1.22407583E+01    5.99426354E-15
   1.25493591E+01    2.08787476E-14
   1.28657400E+01    3.94509170E-14
   1.31900972E+01    4.69876582E-14
   1.35226317E+01    8.91985052E-14
   1.38635497E+01    6.46790338E-14
   1.42130626E+01    8.61588460E-14
   1.45713870E+01    7.28929685E-14
   1.49387451E+01    9.29772474E-14
   1.53153646E+01    8.86080114E-14
   1.57014791E+01    7.75865538E-14
   1.60973278E+01    8.90551905E-14
   1.65031563E+01    7.12699605E-14
   1.69192161E+01    6.45666982E-14
   1.73457651E+01    8.12294107E-14
   1.77830678E+01    7.96187642E-14
   1.82313954E+01    7.64583609E-14
   1.86910257E+01    6.91140428E-14
   1.91622436E+01    6.50722704E-14
   1.96453415E+01    5.33080907E-14
   2.01406186E+01    5.45545401E-14
   2.06483822E+01    4.01276877E-14
   2.11689469E+01    4.98235670E-14
   2.17026356E+01    6.97823266E-14
   2.22497791E+01    6.53253726E-14
   2.28107165E+01    6.59555510E-14
   2.33857957E+01    4.66607898E-14
   2.39753732E+01    7.32087423E-14
   2.45798144E+01    9.93424561E-14
   2.51994942E+01    7.63610637E-14
   2.58347967E+01    6.57603481E-14
   2.64861157E+01    8.04993650E-14
   2.71538551E+01    3.44650990E-14
   2.78384288E+01    3.15957825E-15
   2.85402613E+01    7.08888811E-14
   2.92597876E+01    3.42175463E-14
   2.99974538E+01    7.48787775E-14
   3.07537172E+01    9.12430762E-14
   3.15290468E+01    9.40179774E-14
   3.23239231E+01    9.58812988E-14
   3.31388390E+01    1.07832051E-13
   3.39742997E+01    1.45457196E-13
   3.48308231E+01    1.27775083E-13
   3.57089403E+01    7.78303312E-14
   3.66091956E+01    1.35896379E-13
   3.75321471E+01    6.46518215E-14
   3.84783671E+01    7.25788029E-14
   3.94484422E+01    1.26164416E-13
   4.04429738E+01    1.75677849E-13
   4.14625785E+01    8.80369005E-14
   4.25078883E+01    1.42443165E-13
   4.35795513E+01    1.25217325E-13
   4.46782320E+01    8.82228697E-14
   4.58046114E+01    7.57214564E-14
   4.69593879E+01    1.23027544E-13
   4.81432773E+01    1.48077638E-13
   4.93570137E+01    2.36808471E-13
   5.06013496E+01    1.31985836E-13
   5.18770562E+01    1.72407792E-13
   5.31849246E+01    2.34835973E-13
   5.45257656E+01    1.29155338E-13
   5.59004104E+01    2.58262055E-13
   5.73097113E+01    1.62018419E-13
   5.87545419E+01    8.76849957E-14
   6.02357981E+01    8.81531525E-14
   6.17543981E+01    8.98447263E-14
   6.33112834E+01    1.04758805E-13
   6.49074192E+01    1.37244768E-13
   6.65437950E+01    2.10670677E-13
   6.82214255E+01    1.13496124E-13
   6.99413505E+01    3.48416130E-13
   7.17046364E+01    1.39100028E-13
   7.35123764E+01    3.53070343E-13
   7.53656911E+01    2.04363348E-13
   7.72657297E+01    1.45578018E-13
   7.92136699E+01    3.08906940E-13
   8.12107196E+01    4.22990739E-13
   8.32581167E+01    4.12692687E-13
   8.53571305E+01    8.98363068E-14
   8.75090625E+01    1.65592139E-13
   8.97152466E+01   -2.14780456E-14
   9.19770507E+01    1.69698611E-13
   9.42958769E+01    3.38725021E-13
   9.66731629E+01    5.14248886E-13
   9.91103824E+01    6.29081233E-13
   1.01609046E+02    4.26549315E-13
   1.04170704E+02    5.77133243E-13
   1.06796944E+02    2.97002820E-13
   1.09489393E+02    2.94516208E-13
   1.12249722E+02    0.00000000E+00
