# 
# Energy units: hartree
# Length units: bohr
#
# -----------------------------------
# |       r       |       w(r)      |
# -----------------------------------
   3.74165729E-05   -5.34140380E-14
   3.83598792E-05   -5.75565937E-14
   3.93269671E-05   -6.20204276E-14
   4.03184362E-05   -6.68304567E-14
   4.13349012E-05   -7.20135303E-14
   4.23769921E-05   -7.75985800E-14
   4.34453551E-05   -8.36167815E-14
   4.45406526E-05   -9.01017279E-14
   4.56635635E-05   -9.70896180E-14
   4.68147840E-05   -1.04619458E-13
   4.79950279E-05   -1.12733279E-13
   4.92050268E-05   -1.21476371E-13
   5.04455309E-05   -1.30897540E-13
   5.17173092E-05   -1.41049372E-13
   5.30211502E-05   -1.51988535E-13
   5.43578623E-05   -1.63776091E-13
   5.57282741E-05   -1.76477838E-13
   5.71332353E-05   -1.90164676E-13
   5.85736168E-05   -2.04913004E-13
   6.00503117E-05   -2.20805147E-13
   6.15642354E-05   -2.37929815E-13
   6.31163265E-05   -2.56382595E-13
   6.47075473E-05   -2.76266491E-13
   6.63388842E-05   -2.97692495E-13
   6.80113486E-05   -3.20780203E-13
   6.97259774E-05   -3.45658492E-13
   7.14838335E-05   -3.72466231E-13
   7.32860069E-05   -4.01353059E-13
   7.51336146E-05   -4.32480222E-13
   7.70278023E-05   -4.66021469E-13
   7.89697442E-05   -5.02164026E-13
   8.09606443E-05   -5.41109639E-13
   8.30017367E-05   -5.83075702E-13
   8.50942870E-05   -6.28296467E-13
   8.72395924E-05   -6.77024353E-13
   8.94389830E-05   -7.29531358E-13
   9.16938222E-05   -7.86110574E-13
   9.40055079E-05   -8.47077822E-13
   9.63754734E-05   -9.12773420E-13
   9.88051880E-05   -9.83564078E-13
   1.01296158E-04   -1.05984494E-12
   1.03849927E-04   -1.14204182E-12
   1.06468080E-04   -1.23061352E-12
   1.09152238E-04   -1.32605444E-12
   1.11904067E-04   -1.42889734E-12
   1.14725271E-04   -1.53971628E-12
   1.17617601E-04   -1.65912985E-12
   1.20582849E-04   -1.78780460E-12
   1.23622854E-04   -1.92645880E-12
   1.26739500E-04   -2.07586640E-12
   1.29934720E-04   -2.23686140E-12
   1.33210494E-04   -2.41034245E-12
   1.36568853E-04   -2.59727793E-12
   1.40011880E-04   -2.79871129E-12
   1.43541708E-04   -3.01576693E-12
   1.47160527E-04   -3.24965645E-12
   1.50870580E-04   -3.50168540E-12
   1.54674166E-04   -3.77326060E-12
   1.58573644E-04   -4.06589797E-12
   1.62571432E-04   -4.38123101E-12
   1.66670008E-04   -4.72101987E-12
   1.70871912E-04   -5.08716126E-12
   1.75179751E-04   -5.48169896E-12
   1.79596194E-04   -5.90683525E-12
   1.84123979E-04   -6.36494324E-12
   1.88765915E-04   -6.85858005E-12
   1.93524877E-04   -7.39050116E-12
   1.98403818E-04   -7.96367571E-12
   2.03405761E-04   -8.58130316E-12
   2.08533808E-04   -9.24683105E-12
   2.13791137E-04   -9.96397436E-12
   2.19181009E-04   -1.07367361E-11
   2.24706764E-04   -1.15694299E-11
   2.30371829E-04   -1.24667037E-11
   2.36179715E-04   -1.34335661E-11
   2.42134023E-04   -1.44754142E-11
   2.48238445E-04   -1.55980633E-11
   2.54496765E-04   -1.68077802E-11
   2.60912863E-04   -1.81113174E-11
   2.67490717E-04   -1.95159512E-11
   2.74234404E-04   -2.10295222E-11
   2.81148107E-04   -2.26604791E-11
   2.88236109E-04   -2.44179259E-11
   2.95502807E-04   -2.63116725E-11
   3.02952706E-04   -2.83522898E-11
   3.10590423E-04   -3.05511684E-11
   3.18420693E-04   -3.29205824E-11
   3.26448373E-04   -3.54737578E-11
   3.34678437E-04   -3.82249462E-11
   3.43115989E-04   -4.11895048E-11
   3.51766259E-04   -4.43839816E-11
   3.60634611E-04   -4.78262081E-11
   3.69726542E-04   -5.15353986E-11
   3.79047689E-04   -5.55322577E-11
   3.88603830E-04   -5.98390958E-11
   3.98400891E-04   -6.44799535E-11
   4.08444945E-04   -6.94807360E-11
   4.18742218E-04   -7.48693574E-11
   4.29299096E-04   -8.06758968E-11
   4.40122121E-04   -8.69327663E-11
   4.51218006E-04   -9.36748915E-11
   4.62593628E-04   -1.00939907E-10
   4.74256039E-04   -1.08768365E-10
   4.86212471E-04   -1.17203965E-10
   4.98470336E-04   -1.26293794E-10
   5.11037233E-04   -1.36088590E-10
   5.23920952E-04   -1.46643029E-10
   5.37129482E-04   -1.58016025E-10
   5.50671012E-04   -1.70271062E-10
   5.64553935E-04   -1.83476548E-10
   5.78786861E-04   -1.97706194E-10
   5.93378611E-04   -2.13039431E-10
   6.08338233E-04   -2.29561849E-10
   6.23675000E-04   -2.47365676E-10
   6.39398422E-04   -2.66550293E-10
   6.55518245E-04   -2.87222787E-10
   6.72044464E-04   -3.09498553E-10
   6.88987325E-04   -3.33501935E-10
   7.06357330E-04   -3.59366918E-10
   7.24165250E-04   -3.87237882E-10
   7.42422123E-04   -4.17270402E-10
   7.61139269E-04   -4.49632120E-10
   7.80328292E-04   -4.84503680E-10
   8.00001087E-04   -5.22079735E-10
   8.20169852E-04   -5.62570035E-10
   8.40847090E-04   -6.06200599E-10
   8.62045620E-04   -6.53214972E-10
   8.83778585E-04   -7.03875590E-10
   9.06059458E-04   -7.58465243E-10
   9.28902052E-04   -8.17288652E-10
   9.52320529E-04   -8.80674172E-10
   9.76329407E-04   -9.48975623E-10
   1.00094357E-03   -1.02257427E-09
   1.02617828E-03   -1.10188094E-09
   1.05204918E-03   -1.18733832E-09
   1.07857231E-03   -1.27942346E-09
   1.10576411E-03   -1.37865037E-09
   1.13364145E-03   -1.48557295E-09
   1.16222159E-03   -1.60078804E-09
   1.19152227E-03   -1.72493879E-09
   1.22156164E-03   -1.85871822E-09
   1.25235834E-03   -2.00287309E-09
   1.28393145E-03   -2.15820811E-09
   1.31630054E-03   -2.32559036E-09
   1.34948569E-03   -2.50595419E-09
   1.38350747E-03   -2.70030643E-09
   1.41838697E-03   -2.90973196E-09
   1.45414581E-03   -3.13539985E-09
   1.49080617E-03   -3.37856979E-09
   1.52839077E-03   -3.64059922E-09
   1.56692291E-03   -3.92295083E-09
   1.60642648E-03   -4.22720075E-09
   1.64692597E-03   -4.55504739E-09
   1.68844649E-03   -4.90832084E-09
   1.73101378E-03   -5.28899318E-09
   1.77465424E-03   -5.69918940E-09
   1.81939491E-03   -6.14119933E-09
   1.86526353E-03   -6.61749040E-09
   1.91228854E-03   -7.13072141E-09
   1.96049910E-03   -7.68375737E-09
   2.00992509E-03   -8.27968552E-09
   2.06059715E-03   -8.92183255E-09
   2.11254670E-03   -9.61378316E-09
   2.16580595E-03   -1.03594001E-08
   2.22040792E-03   -1.11628457E-08
   2.27638645E-03   -1.20286052E-08
   2.33377625E-03   -1.29615116E-08
   2.39261290E-03   -1.39667729E-08
   2.45293288E-03   -1.50500010E-08
   2.51477357E-03   -1.62172430E-08
   2.57817333E-03   -1.74750153E-08
   2.64317146E-03   -1.88303394E-08
   2.70980825E-03   -2.02907816E-08
   2.77812501E-03   -2.18644952E-08
   2.84816411E-03   -2.35602658E-08
   2.91996895E-03   -2.53875604E-08
   2.99358406E-03   -2.73565805E-08
   3.06905507E-03   -2.94783188E-08
   3.14642878E-03   -3.17646207E-08
   3.22575315E-03   -3.42282506E-08
   3.30707736E-03   -3.68829629E-08
   3.39045183E-03   -3.97435789E-08
   3.47592824E-03   -4.28260698E-08
   3.56355960E-03   -4.61476456E-08
   3.65340022E-03   -4.97268514E-08
   3.74550581E-03   -5.35836709E-08
   3.83993346E-03   -5.77396381E-08
   3.93674172E-03   -6.22179575E-08
   4.03599061E-03   -6.70436340E-08
   4.13774165E-03   -7.22436119E-08
   4.24205793E-03   -7.78469262E-08
   4.34900412E-03   -8.38848645E-08
   4.45864653E-03   -9.03911416E-08
   4.57105312E-03   -9.74020882E-08
   4.68629358E-03   -1.04956854E-07
   4.80443936E-03   -1.13097625E-07
   4.92556370E-03   -1.21869862E-07
   5.04974170E-03   -1.31322553E-07
   5.17705035E-03   -1.41508486E-07
   5.30756856E-03   -1.52484545E-07
   5.44137725E-03   -1.64312030E-07
   5.57855939E-03   -1.77056995E-07
   5.71920001E-03   -1.90790623E-07
   5.86338632E-03   -2.05589618E-07
   6.01120769E-03   -2.21536639E-07
   6.16275578E-03   -2.38720758E-07
   6.31812453E-03   -2.57237962E-07
   6.47741028E-03   -2.77191687E-07
   6.64071176E-03   -2.98693398E-07
   6.80813022E-03   -3.21863209E-07
   6.97976946E-03   -3.46830562E-07
   7.15573588E-03   -3.73734944E-07
   7.33613858E-03   -4.02726671E-07
   7.52108940E-03   -4.33967731E-07
   7.71070299E-03   -4.67632686E-07
   7.90509692E-03   -5.03909651E-07
   8.10439170E-03   -5.43001349E-07
   8.30871089E-03   -5.85126244E-07
   8.51818115E-03   -6.30519766E-07
   8.73293235E-03   -6.79435628E-07
   8.95309762E-03   -7.32147249E-07
   9.17881346E-03   -7.88949283E-07
   9.41021981E-03   -8.50159275E-07
   9.64746013E-03   -9.16119437E-07
   9.89068149E-03   -9.87198567E-07
   1.01400347E-02   -1.06379412E-06
   1.03956743E-02   -1.14633444E-06
   1.06577588E-02   -1.23528114E-06
   1.09264508E-02   -1.33113173E-06
   1.12019167E-02   -1.43442239E-06
   1.14843273E-02   -1.54573097E-06
   1.17738578E-02   -1.66568026E-06
   1.20706876E-02   -1.79494146E-06
   1.23750007E-02   -1.93423799E-06
   1.26869859E-02   -2.08434951E-06
   1.30068365E-02   -2.24611636E-06
   1.33347509E-02   -2.42044422E-06
   1.36709322E-02   -2.60830929E-06
   1.40155890E-02   -2.81076372E-06
   1.43689349E-02   -3.02894156E-06
   1.47311890E-02   -3.26406516E-06
   1.51025759E-02   -3.51745205E-06
   1.54833258E-02   -3.79052238E-06
   1.58736747E-02   -4.08480694E-06
   1.62738646E-02   -4.40195579E-06
   1.66841438E-02   -4.74374762E-06
   1.71047664E-02   -5.11209975E-06
   1.75359933E-02   -5.50907903E-06
   1.79780919E-02   -5.93691355E-06
   1.84313362E-02   -6.39800521E-06
   1.88960071E-02   -6.89494339E-06
   1.93723929E-02   -7.43051962E-06
   1.98607888E-02   -8.00774346E-06
   2.03614976E-02   -8.62985957E-06
   2.08748297E-02   -9.30036623E-06
   2.14011034E-02   -1.00230352E-05
   2.19406449E-02   -1.08019333E-05
   2.24937888E-02   -1.16414455E-05
   2.30608780E-02   -1.25463001E-05
   2.36422640E-02   -1.35215958E-05
   2.42383072E-02   -1.45728307E-05
   2.48493773E-02   -1.57059340E-05
   2.54758530E-02   -1.69273000E-05
   2.61181227E-02   -1.82438250E-05
   2.67765847E-02   -1.96629468E-05
   2.74516471E-02   -2.11926875E-05
   2.81437284E-02   -2.28417003E-05
   2.88532577E-02   -2.46193193E-05
   2.95806749E-02   -2.65356133E-05
   3.03264310E-02   -2.86014450E-05
   3.10909883E-02   -3.08285333E-05
   3.18748208E-02   -3.32295226E-05
   3.26784144E-02   -3.58180559E-05
   3.35022673E-02   -3.86088550E-05
   3.43468904E-02   -4.16178069E-05
   3.52128071E-02   -4.48620573E-05
   3.61005545E-02   -4.83601116E-05
   3.70106827E-02   -5.21319445E-05
   3.79437561E-02   -5.61991181E-05
   3.89003532E-02   -6.05849107E-05
   3.98810670E-02   -6.53144551E-05
   4.08865054E-02   -7.04148893E-05
   4.19172919E-02   -7.59155194E-05
   4.29740655E-02   -8.18479959E-05
   4.40574813E-02   -8.82465051E-05
   4.51682110E-02   -9.51479769E-05
   4.63069432E-02   -1.02592309E-04
   4.74743840E-02   -1.10622612E-04
   4.86712569E-02   -1.19285471E-04
   4.98983042E-02   -1.28631240E-04
   5.11562864E-02   -1.38714343E-04
   5.24459836E-02   -1.49593625E-04
   5.37681951E-02   -1.61332708E-04
   5.51237409E-02   -1.74000402E-04
   5.65134612E-02   -1.87671131E-04
   5.79382177E-02   -2.02425411E-04
   5.93988935E-02   -2.18350361E-04
   6.08963944E-02   -2.35540266E-04
   6.24316486E-02   -2.54097186E-04
   6.40056080E-02   -2.74131616E-04
   6.56192484E-02   -2.95763214E-04
   6.72735702E-02   -3.19121588E-04
   6.89695989E-02   -3.44347155E-04
   7.07083860E-02   -3.71592081E-04
   7.24910096E-02   -4.01021303E-04
   7.43185748E-02   -4.32813649E-04
   7.61922146E-02   -4.67163060E-04
   7.81130905E-02   -5.04279925E-04
   8.00823935E-02   -5.44392541E-04
   8.21013445E-02   -5.87748714E-04
   8.41711951E-02   -6.34617506E-04
   8.62932285E-02   -6.85291151E-04
   8.84687603E-02   -7.40087156E-04
   9.06991393E-02   -7.99350603E-04
   9.29857482E-02   -8.63456672E-04
   9.53300046E-02   -9.32813415E-04
   9.77333619E-02   -1.00786479E-03
   1.00197310E-01   -1.08909403E-03
   1.02723377E-01   -1.17702726E-03
   1.05313128E-01   -1.27223762E-03
   1.07968169E-01   -1.37534961E-03
   1.10690146E-01   -1.48704409E-03
   1.13480746E-01   -1.60806356E-03
   1.16341700E-01   -1.73921819E-03
   1.19274782E-01   -1.88139228E-03
   1.22281809E-01   -2.03555156E-03
   1.25364646E-01   -2.20275107E-03
   1.28525205E-01   -2.38414398E-03
   1.31765443E-01   -2.58099130E-03
   1.35087372E-01   -2.79467258E-03
   1.38493049E-01   -3.02669772E-03
   1.41984586E-01   -3.27872008E-03
   1.45564149E-01   -3.55255092E-03
   1.49233955E-01   -3.85017539E-03
   1.52996281E-01   -4.17377018E-03
   1.56853458E-01   -4.52572312E-03
   1.60807878E-01   -4.90865474E-03
   1.64861993E-01   -5.32544222E-03
   1.69018316E-01   -5.77924584E-03
   1.73279423E-01   -6.27353823E-03
   1.77647957E-01   -6.81213674E-03
   1.82126626E-01   -7.39923919E-03
   1.86718206E-01   -8.03946345E-03
   1.91425544E-01   -8.73789107E-03
   1.96251559E-01   -9.50011558E-03
   2.01199241E-01   -1.03322957E-02
   2.06271660E-01   -1.12412141E-02
   2.11471958E-01   -1.22343420E-02
   2.16803361E-01   -1.33199108E-02
   2.22269174E-01   -1.45069899E-02
   2.27872785E-01   -1.58055732E-02
   2.33617667E-01   -1.72266735E-02
   2.39507384E-01   -1.87824258E-02
   2.45545586E-01   -2.04862002E-02
   2.51736017E-01   -2.23527258E-02
   2.58082514E-01   -2.43982242E-02
   2.64589012E-01   -2.66405557E-02
   2.71259545E-01   -2.90993766E-02
   2.78098248E-01   -3.17963095E-02
   2.85109361E-01   -3.47551257E-02
   2.92297231E-01   -3.80019405E-02
   2.99666313E-01   -4.15654211E-02
   3.07221177E-01   -4.54770059E-02
   3.14966506E-01   -4.97711359E-02
   3.22907102E-01   -5.44854944E-02
   3.31047888E-01   -5.96612554E-02
   3.39393910E-01   -6.53433357E-02
   3.47950344E-01   -7.15806490E-02
   3.56722493E-01   -7.84263558E-02
   3.65715795E-01   -8.59381035E-02
   3.74935828E-01   -9.41782500E-02
   3.84388306E-01   -1.03214060E-01
   3.94079089E-01   -1.13117866E-01
   4.04014186E-01   -1.23967176E-01
   4.14199756E-01   -1.35844719E-01
   4.24642114E-01   -1.48838404E-01
   4.35347733E-01   -1.63041174E-01
   4.46323251E-01   -1.78550736E-01
   4.57575471E-01   -1.95469130E-01
   4.69111370E-01   -2.13902114E-01
   4.80938100E-01   -2.33958333E-01
   4.93062993E-01   -2.55748229E-01
   5.05493566E-01   -2.79382660E-01
   5.18237525E-01   -3.04971184E-01
   5.31302770E-01   -3.32619960E-01
   5.44697403E-01   -3.62429232E-01
   5.58429726E-01   -3.94490351E-01
   5.72508255E-01   -4.28882285E-01
   5.86941715E-01   -4.65667595E-01
   6.01739057E-01   -5.04887836E-01
   6.16909453E-01   -5.46558368E-01
   6.32462309E-01   -5.90662578E-01
   6.48407267E-01   -6.37145504E-01
   6.64754212E-01   -6.85906932E-01
   6.81513278E-01   -7.36793994E-01
   6.98694856E-01   -7.89593416E-01
   7.16309598E-01   -8.44023547E-01
   7.34368423E-01   -8.99726408E-01
   7.52882528E-01   -9.56260068E-01
   7.71863390E-01   -1.01309175E+00
   7.91322778E-01   -1.06959218E+00
   8.11272754E-01   -1.12503192E+00
   8.31725688E-01   -1.17858036E+00
   8.52694259E-01   -1.22930856E+00
   8.74191468E-01   -1.27619693E+00
   8.96230640E-01   -1.31814904E+00
   9.18825441E-01   -1.35401286E+00
   9.41989877E-01   -1.38261024E+00
   9.65738310E-01   -1.40277527E+00
   9.90085463E-01   -1.41340085E+00
   1.01504643E+00   -1.41349136E+00
   1.04063669E+00   -1.40221748E+00
   1.06687210E+00   -1.37896693E+00
   1.09376893E+00   -1.34338328E+00
   1.12134385E+00   -1.29538538E+00
   1.14961396E+00   -1.23516373E+00
   1.17859679E+00   -1.16316020E+00
   1.20831030E+00   -1.08005735E+00
   1.23877292E+00   -9.86829506E-01
   1.27000352E+00   -8.84838994E-01
   1.30202148E+00   -7.75895390E-01
   1.33484664E+00   -6.62314054E-01
   1.36849936E+00   -5.46930292E-01
   1.40300049E+00   -4.33056506E-01
   1.43837142E+00   -3.24384295E-01
   1.47463409E+00   -2.24815784E-01
   1.51181098E+00   -1.38207166E-01
   1.54992513E+00   -6.80106027E-02
   1.58900017E+00   -1.68105038E-02
   1.62906033E+00    1.42286133E-02
   1.67013044E+00    2.59456626E-02
   1.71223597E+00    2.16727654E-02
   1.75540301E+00    7.39519255E-03
   1.79965834E+00   -8.82687602E-03
   1.84502939E+00   -1.88465686E-02
   1.89154428E+00   -1.88933560E-02
   1.93923185E+00   -1.53376807E-02
   1.98812168E+00   -1.23802395E-02
   2.03824406E+00   -9.94599054E-03
   2.08963007E+00   -7.95186979E-03
   2.14231157E+00   -6.32617821E-03
   2.19632122E+00   -5.00737484E-03
   2.25169250E+00   -3.94291334E-03
   2.30845974E+00   -3.08817868E-03
   2.36665814E+00   -2.40548187E-03
   2.42632377E+00   -1.86315324E-03
   2.48749363E+00   -1.43473663E-03
   2.55020564E+00   -1.09824841E-03
   2.61449867E+00   -8.35522883E-04
   2.68041260E+00   -6.31635625E-04
   2.74798827E+00   -4.74400678E-04
   2.81726759E+00   -3.53925602E-04
   2.88829350E+00   -2.62228533E-04
   2.96111004E+00   -1.92912906E-04
   3.03576235E+00   -1.40886144E-04
   3.11229672E+00   -1.02120070E-04
   3.19076059E+00   -7.34515040E-05
   3.27120260E+00   -5.24142277E-05
   3.35367264E+00   -3.70999234E-05
   3.43822182E+00   -2.60431288E-05
   3.52490256E+00   -1.81278585E-05
   3.61376860E+00   -1.25106787E-05
   3.70487504E+00   -8.55993831E-06
   3.79827835E+00   -5.80668055E-06
   3.89403645E+00   -3.90588771E-06
   3.99220870E+00   -2.60610946E-06
   4.09285596E+00   -1.72588302E-06
   4.19604063E+00   -1.13554134E-06
   4.30182668E+00   -7.43413998E-07
   4.41027970E+00   -4.85370645E-07
   4.52146691E+00   -3.17049237E-07
   4.63545726E+00   -2.08105200E-07
   4.75232141E+00   -1.38026877E-07
   4.87213182E+00   -9.31138083E-08
   4.99496275E+00   -6.43289086E-08
   5.12089037E+00   -4.57813062E-08
   5.24999273E+00   -3.36840956E-08
   5.38234989E+00   -2.56284768E-08
   5.51804389E+00   -2.01050382E-08
   5.65715886E+00   -1.61753646E-08
   5.79978105E+00   -1.32638139E-08
   5.94599888E+00   -1.10185769E-08
   6.09590299E+00   -9.22701863E-09
   6.24958632E+00   -7.75899638E-09
   6.40714416E+00   -6.53130023E-09
   6.56867416E+00   -5.49212884E-09
   6.73427650E+00   -4.60887190E-09
   6.90405381E+00   -3.85410926E-09
   7.07811137E+00   -3.21100038E-09
   7.25655709E+00   -2.66250463E-09
   7.43950158E+00   -2.19852956E-09
   7.62705827E+00   -1.80462601E-09
   7.81934344E+00   -1.47485824E-09
   8.01647630E+00   -1.19848732E-09
   8.21857905E+00   -9.68581544E-10
   8.42577700E+00   -7.77553620E-10
   8.63819861E+00   -6.21631341E-10
   8.85597556E+00   -4.93372725E-10
   9.07924287E+00   -3.87663485E-10
   9.30813895E+00   -3.03634600E-10
   9.54280571E+00   -2.36004367E-10
   9.78338864E+00   -1.78946625E-10
   1.00300369E+01   -1.36835962E-10
   1.02829034E+01   -1.02986049E-10
   1.05421448E+01   -7.68919631E-11
   1.08079220E+01   -5.30598910E-11
   1.10803997E+01   -3.81868831E-11
   1.13597468E+01   -2.23245437E-11
   1.16461365E+01   -1.07364011E-11
   1.19397463E+01   -5.96520395E-12
   1.22407583E+01    1.08262167E-12
   1.25493591E+01    3.90029725E-12
   1.28657400E+01    7.61923058E-12
   1.31900972E+01    9.37799989E-12
   1.35226317E+01    1.83895822E-11
   1.38635497E+01    1.37684610E-11
   1.42130626E+01    1.89301372E-11
   1.45713870E+01    1.65234617E-11
   1.49387451E+01    2.17364443E-11
   1.53153646E+01    2.13560931E-11
   1.57014791E+01    1.92716439E-11
   1.60973278E+01    2.27891222E-11
   1.65031563E+01    1.87832061E-11
   1.69192161E+01    1.75199037E-11
   1.73457651E+01    2.26865154E-11
   1.77830678E+01    2.28812129E-11
   1.82313954E+01    2.26038169E-11
   1.86910257E+01    2.10138964E-11
   1.91622436E+01    2.03430554E-11
   1.96453415E+01    1.71315135E-11
   2.01406186E+01    1.80187309E-11
   2.06483822E+01    1.36189033E-11
   2.11689469E+01    1.73722883E-11
   2.17026356E+01    2.49928551E-11
   2.22497791E+01    2.40285954E-11
   2.28107165E+01    2.49118514E-11
   2.33857957E+01    1.80947017E-11
   2.39753732E+01    2.91439223E-11
   2.45798144E+01    4.05929977E-11
   2.51994942E+01    3.20235281E-11
   2.58347967E+01    2.83006396E-11
   2.64861157E+01    3.55481876E-11
   2.71538551E+01    1.56156136E-11
   2.78384288E+01    1.46868378E-12
   2.85402613E+01    3.38037867E-11
   2.92597876E+01    1.67376908E-11
   2.99974538E+01    3.75698125E-11
   3.07537172E+01    4.69559366E-11
   3.15290468E+01    4.96238917E-11
   3.23239231E+01    5.19020235E-11
   3.31388390E+01    5.98620760E-11
   3.39742997E+01    8.28089832E-11
   3.48308231E+01    7.45955863E-11
   3.57089403E+01    4.65938259E-11
   3.66091956E+01    8.34236164E-11
   3.75321471E+01    4.06961933E-11
   3.84783671E+01    4.68452996E-11
   3.94484422E+01    8.34965510E-11
   4.04429738E+01    1.19211233E-10
   4.14625785E+01    6.12529858E-11
   4.25078883E+01    1.01615741E-10
   4.35795513E+01    9.15874062E-11
   4.46782320E+01    6.61607055E-11
   4.58046114E+01    5.82212662E-11
   4.69593879E+01    9.69851723E-11
   4.81432773E+01    1.19682239E-10
   4.93570137E+01    1.96232973E-10
   5.06013496E+01    1.12133193E-10
   5.18770562E+01    1.50173645E-10
   5.31849246E+01    2.09715014E-10
   5.45257656E+01    1.18250679E-10
   5.59004104E+01    2.42424647E-10
   5.73097113E+01    1.55920824E-10
   5.87545419E+01    8.65142011E-11
   6.02357981E+01    8.91705218E-11
   6.17543981E+01    9.31743710E-11
   6.33112834E+01    1.11381745E-10
   6.49074192E+01    1.49602261E-10
   6.65437950E+01    2.35431565E-10
   6.82214255E+01    1.30034711E-10
   6.99413505E+01    4.09254709E-10
   7.17046364E+01    1.67509474E-10
   7.35123764E+01    4.35902866E-10
   7.53656911E+01    2.58670842E-10
   7.72657297E+01    1.88910433E-10
   7.92136699E+01    4.10963458E-10
   8.12107196E+01    5.76927928E-10
   8.32581167E+01    5.77075221E-10
   8.53571305E+01    1.28787083E-10
   8.75090625E+01    2.43374308E-10
   8.97152466E+01   -3.23626610E-11
   9.19770507E+01    2.62145299E-10
   9.42958769E+01    5.36445087E-10
   9.66731629E+01    8.34959600E-10
   9.91103824E+01    1.04715954E-09
   1.01609046E+02    7.27929492E-10
   1.04170704E+02    1.00974109E-09
   1.06796944E+02    5.32731606E-10
   1.09489393E+02    5.41590093E-10
   1.12249722E+02    0.00000000E+00
