# 
# Energy units: hartree
# Length units: bohr
#
# ----------------------------------
# |       r       |      v(r)      |
# ----------------------------------
   3.74165729E-05   -5.28867347E+00
   3.83598792E-05   -5.28867347E+00
   3.93269671E-05   -5.28867347E+00
   4.03184362E-05   -5.28867347E+00
   4.13349012E-05   -5.28867347E+00
   4.23769921E-05   -5.28867347E+00
   4.34453551E-05   -5.28867347E+00
   4.45406526E-05   -5.28867347E+00
   4.56635635E-05   -5.28867347E+00
   4.68147840E-05   -5.28867347E+00
   4.79950279E-05   -5.28867347E+00
   4.92050268E-05   -5.28867347E+00
   5.04455309E-05   -5.28867347E+00
   5.17173092E-05   -5.28867347E+00
   5.30211502E-05   -5.28867347E+00
   5.43578623E-05   -5.28867347E+00
   5.57282741E-05   -5.28867347E+00
   5.71332353E-05   -5.28867347E+00
   5.85736168E-05   -5.28867347E+00
   6.00503117E-05   -5.28867347E+00
   6.15642354E-05   -5.28867347E+00
   6.31163265E-05   -5.28867347E+00
   6.47075473E-05   -5.28867347E+00
   6.63388842E-05   -5.28867347E+00
   6.80113486E-05   -5.28867347E+00
   6.97259774E-05   -5.28867347E+00
   7.14838335E-05   -5.28867346E+00
   7.32860069E-05   -5.28867346E+00
   7.51336146E-05   -5.28867346E+00
   7.70278023E-05   -5.28867346E+00
   7.89697442E-05   -5.28867346E+00
   8.09606443E-05   -5.28867346E+00
   8.30017367E-05   -5.28867346E+00
   8.50942870E-05   -5.28867346E+00
   8.72395924E-05   -5.28867346E+00
   8.94389830E-05   -5.28867346E+00
   9.16938222E-05   -5.28867346E+00
   9.40055079E-05   -5.28867346E+00
   9.63754734E-05   -5.28867346E+00
   9.88051880E-05   -5.28867345E+00
   1.01296158E-04   -5.28867345E+00
   1.03849927E-04   -5.28867345E+00
   1.06468080E-04   -5.28867345E+00
   1.09152238E-04   -5.28867345E+00
   1.11904067E-04   -5.28867345E+00
   1.14725271E-04   -5.28867345E+00
   1.17617601E-04   -5.28867345E+00
   1.20582849E-04   -5.28867344E+00
   1.23622854E-04   -5.28867344E+00
   1.26739500E-04   -5.28867344E+00
   1.29934720E-04   -5.28867344E+00
   1.33210494E-04   -5.28867344E+00
   1.36568853E-04   -5.28867343E+00
   1.40011880E-04   -5.28867343E+00
   1.43541708E-04   -5.28867343E+00
   1.47160527E-04   -5.28867343E+00
   1.50870580E-04   -5.28867343E+00
   1.54674166E-04   -5.28867342E+00
   1.58573644E-04   -5.28867342E+00
   1.62571432E-04   -5.28867342E+00
   1.66670008E-04   -5.28867341E+00
   1.70871912E-04   -5.28867341E+00
   1.75179751E-04   -5.28867341E+00
   1.79596194E-04   -5.28867340E+00
   1.84123979E-04   -5.28867340E+00
   1.88765915E-04   -5.28867340E+00
   1.93524877E-04   -5.28867339E+00
   1.98403818E-04   -5.28867339E+00
   2.03405761E-04   -5.28867338E+00
   2.08533808E-04   -5.28867338E+00
   2.13791137E-04   -5.28867337E+00
   2.19181009E-04   -5.28867337E+00
   2.24706764E-04   -5.28867336E+00
   2.30371829E-04   -5.28867336E+00
   2.36179715E-04   -5.28867335E+00
   2.42134023E-04   -5.28867335E+00
   2.48238445E-04   -5.28867334E+00
   2.54496765E-04   -5.28867333E+00
   2.60912863E-04   -5.28867333E+00
   2.67490717E-04   -5.28867332E+00
   2.74234404E-04   -5.28867331E+00
   2.81148107E-04   -5.28867330E+00
   2.88236109E-04   -5.28867329E+00
   2.95502807E-04   -5.28867328E+00
   3.02952706E-04   -5.28867327E+00
   3.10590423E-04   -5.28867326E+00
   3.18420693E-04   -5.28867325E+00
   3.26448373E-04   -5.28867324E+00
   3.34678437E-04   -5.28867323E+00
   3.43115989E-04   -5.28867322E+00
   3.51766259E-04   -5.28867320E+00
   3.60634611E-04   -5.28867319E+00
   3.69726542E-04   -5.28867317E+00
   3.79047689E-04   -5.28867316E+00
   3.88603830E-04   -5.28867314E+00
   3.98400891E-04   -5.28867312E+00
   4.08444945E-04   -5.28867311E+00
   4.18742218E-04   -5.28867309E+00
   4.29299096E-04   -5.28867307E+00
   4.40122121E-04   -5.28867305E+00
   4.51218006E-04   -5.28867302E+00
   4.62593628E-04   -5.28867300E+00
   4.74256039E-04   -5.28867298E+00
   4.86212471E-04   -5.28867295E+00
   4.98470336E-04   -5.28867293E+00
   5.11037233E-04   -5.28867290E+00
   5.23920952E-04   -5.28867287E+00
   5.37129482E-04   -5.28867284E+00
   5.50671012E-04   -5.28867280E+00
   5.64553935E-04   -5.28867277E+00
   5.78786861E-04   -5.28867273E+00
   5.93378611E-04   -5.28867270E+00
   6.08338233E-04   -5.28867266E+00
   6.23675000E-04   -5.28867261E+00
   6.39398422E-04   -5.28867257E+00
   6.55518245E-04   -5.28867252E+00
   6.72044464E-04   -5.28867247E+00
   6.88987325E-04   -5.28867242E+00
   7.06357330E-04   -5.28867237E+00
   7.24165250E-04   -5.28867231E+00
   7.42422123E-04   -5.28867225E+00
   7.61139269E-04   -5.28867219E+00
   7.80328292E-04   -5.28867213E+00
   8.00001087E-04   -5.28867206E+00
   8.20169852E-04   -5.28867198E+00
   8.40847090E-04   -5.28867191E+00
   8.62045620E-04   -5.28867183E+00
   8.83778585E-04   -5.28867174E+00
   9.06059458E-04   -5.28867166E+00
   9.28902052E-04   -5.28867156E+00
   9.52320529E-04   -5.28867147E+00
   9.76329407E-04   -5.28867136E+00
   1.00094357E-03   -5.28867125E+00
   1.02617828E-03   -5.28867114E+00
   1.05204918E-03   -5.28867102E+00
   1.07857231E-03   -5.28867090E+00
   1.10576411E-03   -5.28867077E+00
   1.13364145E-03   -5.28867063E+00
   1.16222159E-03   -5.28867048E+00
   1.19152227E-03   -5.28867033E+00
   1.22156164E-03   -5.28867017E+00
   1.25235834E-03   -5.28867000E+00
   1.28393145E-03   -5.28866982E+00
   1.31630054E-03   -5.28866963E+00
   1.34948569E-03   -5.28866944E+00
   1.38350747E-03   -5.28866923E+00
   1.41838697E-03   -5.28866902E+00
   1.45414581E-03   -5.28866879E+00
   1.49080617E-03   -5.28866855E+00
   1.52839077E-03   -5.28866830E+00
   1.56692291E-03   -5.28866803E+00
   1.60642648E-03   -5.28866775E+00
   1.64692597E-03   -5.28866746E+00
   1.68844649E-03   -5.28866716E+00
   1.73101378E-03   -5.28866683E+00
   1.77465424E-03   -5.28866649E+00
   1.81939491E-03   -5.28866614E+00
   1.86526353E-03   -5.28866576E+00
   1.91228854E-03   -5.28866537E+00
   1.96049910E-03   -5.28866495E+00
   2.00992509E-03   -5.28866452E+00
   2.06059715E-03   -5.28866406E+00
   2.11254670E-03   -5.28866358E+00
   2.16580595E-03   -5.28866308E+00
   2.22040792E-03   -5.28866254E+00
   2.27638645E-03   -5.28866199E+00
   2.33377625E-03   -5.28866140E+00
   2.39261290E-03   -5.28866078E+00
   2.45293288E-03   -5.28866014E+00
   2.51477357E-03   -5.28865945E+00
   2.57817333E-03   -5.28865874E+00
   2.64317146E-03   -5.28865799E+00
   2.70980825E-03   -5.28865720E+00
   2.77812501E-03   -5.28865636E+00
   2.84816411E-03   -5.28865549E+00
   2.91996895E-03   -5.28865457E+00
   2.99358406E-03   -5.28865361E+00
   3.06905507E-03   -5.28865259E+00
   3.14642878E-03   -5.28865153E+00
   3.22575315E-03   -5.28865041E+00
   3.30707736E-03   -5.28864923E+00
   3.39045183E-03   -5.28864799E+00
   3.47592824E-03   -5.28864669E+00
   3.56355960E-03   -5.28864532E+00
   3.65340022E-03   -5.28864388E+00
   3.74550581E-03   -5.28864237E+00
   3.83993346E-03   -5.28864078E+00
   3.93674172E-03   -5.28863911E+00
   4.03599061E-03   -5.28863736E+00
   4.13774165E-03   -5.28863552E+00
   4.24205793E-03   -5.28863358E+00
   4.34900412E-03   -5.28863154E+00
   4.45864653E-03   -5.28862940E+00
   4.57105312E-03   -5.28862715E+00
   4.68629358E-03   -5.28862478E+00
   4.80443936E-03   -5.28862230E+00
   4.92556370E-03   -5.28861968E+00
   5.04974170E-03   -5.28861694E+00
   5.17705035E-03   -5.28861405E+00
   5.30756856E-03   -5.28861102E+00
   5.44137725E-03   -5.28860783E+00
   5.57855939E-03   -5.28860448E+00
   5.71920001E-03   -5.28860095E+00
   5.86338632E-03   -5.28859725E+00
   6.01120769E-03   -5.28859336E+00
   6.16275578E-03   -5.28858927E+00
   6.31812453E-03   -5.28858497E+00
   6.47741028E-03   -5.28858045E+00
   6.64071176E-03   -5.28857570E+00
   6.80813022E-03   -5.28857071E+00
   6.97976946E-03   -5.28856546E+00
   7.15573588E-03   -5.28855995E+00
   7.33613858E-03   -5.28855415E+00
   7.52108940E-03   -5.28854806E+00
   7.71070299E-03   -5.28854166E+00
   7.90509692E-03   -5.28853492E+00
   8.10439170E-03   -5.28852785E+00
   8.30871089E-03   -5.28852042E+00
   8.51818115E-03   -5.28851260E+00
   8.73293235E-03   -5.28850439E+00
   8.95309762E-03   -5.28849575E+00
   9.17881346E-03   -5.28848668E+00
   9.41021981E-03   -5.28847714E+00
   9.64746013E-03   -5.28846712E+00
   9.89068149E-03   -5.28845658E+00
   1.01400347E-02   -5.28844551E+00
   1.03956743E-02   -5.28843387E+00
   1.06577588E-02   -5.28842164E+00
   1.09264508E-02   -5.28840878E+00
   1.12019167E-02   -5.28839527E+00
   1.14843273E-02   -5.28838106E+00
   1.17738578E-02   -5.28836613E+00
   1.20706876E-02   -5.28835044E+00
   1.23750007E-02   -5.28833395E+00
   1.26869859E-02   -5.28831662E+00
   1.30068365E-02   -5.28829840E+00
   1.33347509E-02   -5.28827925E+00
   1.36709322E-02   -5.28825912E+00
   1.40155890E-02   -5.28823797E+00
   1.43689349E-02   -5.28821573E+00
   1.47311890E-02   -5.28819236E+00
   1.51025759E-02   -5.28816780E+00
   1.54833258E-02   -5.28814198E+00
   1.58736747E-02   -5.28811485E+00
   1.62738646E-02   -5.28808633E+00
   1.66841438E-02   -5.28805635E+00
   1.71047664E-02   -5.28802485E+00
   1.75359933E-02   -5.28799174E+00
   1.79780919E-02   -5.28795693E+00
   1.84313362E-02   -5.28792035E+00
   1.88960071E-02   -5.28788190E+00
   1.93723929E-02   -5.28784149E+00
   1.98607888E-02   -5.28779902E+00
   2.03614976E-02   -5.28775438E+00
   2.08748297E-02   -5.28770746E+00
   2.14011034E-02   -5.28765814E+00
   2.19406449E-02   -5.28760631E+00
   2.24937888E-02   -5.28755184E+00
   2.30608780E-02   -5.28749458E+00
   2.36422640E-02   -5.28743440E+00
   2.42383072E-02   -5.28737115E+00
   2.48493773E-02   -5.28730467E+00
   2.54758530E-02   -5.28723480E+00
   2.61181227E-02   -5.28716136E+00
   2.67765847E-02   -5.28708417E+00
   2.74516471E-02   -5.28700305E+00
   2.81437284E-02   -5.28691779E+00
   2.88532577E-02   -5.28682817E+00
   2.95806749E-02   -5.28673398E+00
   3.03264310E-02   -5.28663499E+00
   3.10909883E-02   -5.28653094E+00
   3.18748208E-02   -5.28642159E+00
   3.26784144E-02   -5.28630666E+00
   3.35022673E-02   -5.28618586E+00
   3.43468904E-02   -5.28605890E+00
   3.52128071E-02   -5.28592547E+00
   3.61005545E-02   -5.28578522E+00
   3.70106827E-02   -5.28563783E+00
   3.79437561E-02   -5.28548291E+00
   3.89003532E-02   -5.28532010E+00
   3.98810670E-02   -5.28514898E+00
   4.08865054E-02   -5.28496913E+00
   4.19172919E-02   -5.28478011E+00
   4.29740655E-02   -5.28458146E+00
   4.40574813E-02   -5.28437267E+00
   4.51682110E-02   -5.28415324E+00
   4.63069432E-02   -5.28392262E+00
   4.74743840E-02   -5.28368024E+00
   4.86712569E-02   -5.28342551E+00
   4.98983042E-02   -5.28315780E+00
   5.11562864E-02   -5.28287644E+00
   5.24459836E-02   -5.28258074E+00
   5.37681951E-02   -5.28226998E+00
   5.51237409E-02   -5.28194338E+00
   5.65134612E-02   -5.28160014E+00
   5.79382177E-02   -5.28123942E+00
   5.93988935E-02   -5.28086032E+00
   6.08963944E-02   -5.28046192E+00
   6.24316486E-02   -5.28004322E+00
   6.40056080E-02   -5.27960322E+00
   6.56192484E-02   -5.27914081E+00
   6.72735702E-02   -5.27865486E+00
   6.89695989E-02   -5.27814419E+00
   7.07083860E-02   -5.27760753E+00
   7.24910096E-02   -5.27704356E+00
   7.43185748E-02   -5.27645092E+00
   7.61922146E-02   -5.27582813E+00
   7.81130905E-02   -5.27517367E+00
   8.00823935E-02   -5.27448595E+00
   8.21013445E-02   -5.27376328E+00
   8.41711951E-02   -5.27300388E+00
   8.62932285E-02   -5.27220591E+00
   8.84687603E-02   -5.27136741E+00
   9.06991393E-02   -5.27048634E+00
   9.29857482E-02   -5.26956056E+00
   9.53300046E-02   -5.26858779E+00
   9.77333619E-02   -5.26756568E+00
   1.00197310E-01   -5.26649175E+00
   1.02723377E-01   -5.26536337E+00
   1.05313128E-01   -5.26417782E+00
   1.07968169E-01   -5.26293221E+00
   1.10690146E-01   -5.26162354E+00
   1.13480746E-01   -5.26024864E+00
   1.16341700E-01   -5.25880418E+00
   1.19274782E-01   -5.25728669E+00
   1.22281809E-01   -5.25569251E+00
   1.25364646E-01   -5.25401780E+00
   1.28525205E-01   -5.25225855E+00
   1.31765443E-01   -5.25041053E+00
   1.35087372E-01   -5.24846933E+00
   1.38493049E-01   -5.24643031E+00
   1.41984586E-01   -5.24428861E+00
   1.45564149E-01   -5.24203914E+00
   1.49233955E-01   -5.23967655E+00
   1.52996281E-01   -5.23719525E+00
   1.56853458E-01   -5.23458938E+00
   1.60807878E-01   -5.23185280E+00
   1.64861993E-01   -5.22897907E+00
   1.69018316E-01   -5.22596147E+00
   1.73279423E-01   -5.22279294E+00
   1.77647957E-01   -5.21946609E+00
   1.82126626E-01   -5.21597321E+00
   1.86718206E-01   -5.21230621E+00
   1.91425544E-01   -5.20845663E+00
   1.96251559E-01   -5.20441564E+00
   2.01199241E-01   -5.20017398E+00
   2.06271660E-01   -5.19572200E+00
   2.11471958E-01   -5.19104961E+00
   2.16803361E-01   -5.18614624E+00
   2.22269174E-01   -5.18100090E+00
   2.27872785E-01   -5.17560208E+00
   2.33617667E-01   -5.16993779E+00
   2.39507384E-01   -5.16399552E+00
   2.45545586E-01   -5.15776221E+00
   2.51736017E-01   -5.15122428E+00
   2.58082514E-01   -5.14436755E+00
   2.64589012E-01   -5.13717728E+00
   2.71259545E-01   -5.12963812E+00
   2.78098248E-01   -5.12173411E+00
   2.85109361E-01   -5.11344865E+00
   2.92297231E-01   -5.10476450E+00
   2.99666313E-01   -5.09566377E+00
   3.07221177E-01   -5.08612789E+00
   3.14966506E-01   -5.07613760E+00
   3.22907102E-01   -5.06567297E+00
   3.31047888E-01   -5.05471335E+00
   3.39393910E-01   -5.04323741E+00
   3.47950344E-01   -5.03122308E+00
   3.56722493E-01   -5.01864761E+00
   3.65715795E-01   -5.00548754E+00
   3.74935828E-01   -4.99171868E+00
   3.84388306E-01   -4.97731619E+00
   3.94079089E-01   -4.96225454E+00
   4.04014186E-01   -4.94650752E+00
   4.14199756E-01   -4.93004832E+00
   4.24642114E-01   -4.91284951E+00
   4.35347733E-01   -4.89488307E+00
   4.46323251E-01   -4.87612048E+00
   4.57575471E-01   -4.85653275E+00
   4.69111370E-01   -4.83609044E+00
   4.80938100E-01   -4.81476378E+00
   4.93062993E-01   -4.79252272E+00
   5.05493566E-01   -4.76933703E+00
   5.18237525E-01   -4.74517636E+00
   5.31302770E-01   -4.72001042E+00
   5.44697403E-01   -4.69380902E+00
   5.58429726E-01   -4.66654225E+00
   5.72508255E-01   -4.63818064E+00
   5.86941715E-01   -4.60869527E+00
   6.01739057E-01   -4.57805800E+00
   6.16909453E-01   -4.54624162E+00
   6.32462309E-01   -4.51322008E+00
   6.48407267E-01   -4.47896870E+00
   6.64754212E-01   -4.44346441E+00
   6.81513278E-01   -4.40668600E+00
   6.98694856E-01   -4.36861440E+00
   7.16309598E-01   -4.32923293E+00
   7.34368423E-01   -4.28852762E+00
   7.52882528E-01   -4.24648754E+00
   7.71863390E-01   -4.20310506E+00
   7.91322778E-01   -4.15837623E+00
   8.11272754E-01   -4.11230107E+00
   8.31725688E-01   -4.06488396E+00
   8.52694259E-01   -4.01613394E+00
   8.74191468E-01   -3.96606504E+00
   8.96230640E-01   -3.91469668E+00
   9.18825441E-01   -3.86205388E+00
   9.41989877E-01   -3.80816768E+00
   9.65738310E-01   -3.75307532E+00
   9.90085463E-01   -3.69682057E+00
   1.01504643E+00   -3.63945391E+00
   1.04063669E+00   -3.58103271E+00
   1.06687210E+00   -3.52162137E+00
   1.09376893E+00   -3.46129140E+00
   1.12134385E+00   -3.40012142E+00
   1.14961396E+00   -3.33819708E+00
   1.17859679E+00   -3.27561096E+00
   1.20831030E+00   -3.21246230E+00
   1.23877292E+00   -3.14885671E+00
   1.27000352E+00   -3.08490570E+00
   1.30202148E+00   -3.02072616E+00
   1.33484664E+00   -2.95643969E+00
   1.36849936E+00   -2.89217181E+00
   1.40300049E+00   -2.82805102E+00
   1.43837142E+00   -2.76420770E+00
   1.47463409E+00   -2.70077290E+00
   1.51181098E+00   -2.63787691E+00
   1.54992513E+00   -2.57564764E+00
   1.58900017E+00   -2.51420877E+00
   1.62906033E+00   -2.45367773E+00
   1.67013044E+00   -2.39416333E+00
   1.71223597E+00   -2.33576307E+00
   1.75540301E+00   -2.27856013E+00
   1.79965834E+00   -2.22261982E+00
   1.84502939E+00   -2.16798558E+00
   1.89154428E+00   -2.11467426E+00
   1.93923185E+00   -2.06267239E+00
   1.98812168E+00   -2.01194929E+00
   2.03824406E+00   -1.96247353E+00
   2.08963007E+00   -1.91421442E+00
   2.14231157E+00   -1.86714204E+00
   2.19632122E+00   -1.82122723E+00
   2.25169250E+00   -1.77644150E+00
   2.30845974E+00   -1.73275710E+00
   2.36665814E+00   -1.69014693E+00
   2.42632377E+00   -1.64858460E+00
   2.48749363E+00   -1.60804432E+00
   2.55020564E+00   -1.56850096E+00
   2.61449867E+00   -1.52993002E+00
   2.68041260E+00   -1.49230757E+00
   2.74798827E+00   -1.45561029E+00
   2.81726759E+00   -1.41981543E+00
   2.88829350E+00   -1.38490081E+00
   2.96111004E+00   -1.35084477E+00
   3.03576235E+00   -1.31762620E+00
   3.11229672E+00   -1.28522450E+00
   3.19076059E+00   -1.25361960E+00
   3.27120260E+00   -1.22279189E+00
   3.35367264E+00   -1.19272226E+00
   3.43822182E+00   -1.16339207E+00
   3.52490256E+00   -1.13478314E+00
   3.61376860E+00   -1.10687773E+00
   3.70487504E+00   -1.07965855E+00
   3.79827835E+00   -1.05310871E+00
   3.89403645E+00   -1.02721175E+00
   3.99220870E+00   -1.00195163E+00
   4.09285596E+00   -9.77312674E-01
   4.19604063E+00   -9.53279616E-01
   4.30182668E+00   -9.29837554E-01
   4.41027970E+00   -9.06971955E-01
   4.52146691E+00   -8.84668643E-01
   4.63545726E+00   -8.62913791E-01
   4.75232141E+00   -8.41693912E-01
   4.87213182E+00   -8.20995850E-01
   4.99496275E+00   -8.00806773E-01
   5.12089037E+00   -7.81114165E-01
   5.24999273E+00   -7.61905817E-01
   5.38234989E+00   -7.43169821E-01
   5.51804389E+00   -7.24894561E-01
   5.65715886E+00   -7.07068707E-01
   5.79978105E+00   -6.89681208E-01
   5.94599888E+00   -6.72721284E-01
   6.09590299E+00   -6.56178421E-01
   6.24958632E+00   -6.40042363E-01
   6.40714416E+00   -6.24303107E-01
   6.56867416E+00   -6.08950893E-01
   6.73427650E+00   -5.93976206E-01
   6.90405381E+00   -5.79369760E-01
   7.07811137E+00   -5.65122501E-01
   7.25655709E+00   -5.51225595E-01
   7.43950158E+00   -5.37670428E-01
   7.62705827E+00   -5.24448596E-01
   7.81934344E+00   -5.11551901E-01
   8.01647630E+00   -4.98972348E-01
   8.21857905E+00   -4.86702139E-01
   8.42577700E+00   -4.74733665E-01
   8.63819861E+00   -4.63059508E-01
   8.85597556E+00   -4.51672430E-01
   9.07924287E+00   -4.40565371E-01
   9.30813895E+00   -4.29731445E-01
   9.54280571E+00   -4.19163936E-01
   9.78338864E+00   -4.08856292E-01
   1.00300369E+01   -3.98802123E-01
   1.02829034E+01   -3.88995195E-01
   1.05421448E+01   -3.79429430E-01
   1.08079220E+01   -3.70098895E-01
   1.10803997E+01   -3.60997808E-01
   1.13597468E+01   -3.52120525E-01
   1.16461365E+01   -3.43461543E-01
   1.19397463E+01   -3.35015493E-01
   1.22407583E+01   -3.26777140E-01
   1.25493591E+01   -3.18741377E-01
   1.28657400E+01   -3.10903220E-01
   1.31900972E+01   -3.03257811E-01
   1.35226317E+01   -2.95800410E-01
   1.38635497E+01   -2.88526394E-01
   1.42130626E+01   -2.81431252E-01
   1.45713870E+01   -2.74510587E-01
   1.49387451E+01   -2.67760108E-01
   1.53153646E+01   -2.61175630E-01
   1.57014791E+01   -2.54753070E-01
   1.60973278E+01   -2.48488447E-01
   1.65031563E+01   -2.42377878E-01
   1.69192161E+01   -2.36417573E-01
   1.73457651E+01   -2.30603837E-01
   1.77830678E+01   -2.24933067E-01
   1.82313954E+01   -2.19401747E-01
   1.86910257E+01   -2.14006447E-01
   1.91622436E+01   -2.08743823E-01
   1.96453415E+01   -2.03610612E-01
   2.01406186E+01   -1.98603631E-01
   2.06483822E+01   -1.93719777E-01
   2.11689469E+01   -1.88956022E-01
   2.17026356E+01   -1.84309412E-01
   2.22497791E+01   -1.79777066E-01
   2.28107165E+01   -1.75356175E-01
   2.33857957E+01   -1.71043998E-01
   2.39753732E+01   -1.66837862E-01
   2.45798144E+01   -1.62735159E-01
   2.51994942E+01   -1.58733345E-01
   2.58347967E+01   -1.54829939E-01
   2.64861157E+01   -1.51022522E-01
   2.71538551E+01   -1.47308733E-01
   2.78384288E+01   -1.43686270E-01
   2.85402613E+01   -1.40152887E-01
   2.92597876E+01   -1.36706392E-01
   2.99974538E+01   -1.33344651E-01
   3.07537172E+01   -1.30065578E-01
   3.15290468E+01   -1.26867140E-01
   3.23239231E+01   -1.23747355E-01
   3.31388390E+01   -1.20704289E-01
   3.39742997E+01   -1.17736055E-01
   3.48308231E+01   -1.14840812E-01
   3.57089403E+01   -1.12016766E-01
   3.66091956E+01   -1.09262166E-01
   3.75321471E+01   -1.06575304E-01
   3.84783671E+01   -1.03954515E-01
   3.94484422E+01   -1.01398174E-01
   4.04429738E+01   -9.89046952E-02
   4.14625785E+01   -9.64725337E-02
   4.25078883E+01   -9.41001814E-02
   4.35795513E+01   -9.17861675E-02
   4.46782320E+01   -8.95290574E-02
   4.58046114E+01   -8.73274519E-02
   4.69593879E+01   -8.51799859E-02
   4.81432773E+01   -8.30853282E-02
   4.93570137E+01   -8.10421802E-02
   5.06013496E+01   -7.90492751E-02
   5.18770562E+01   -7.71053774E-02
   5.31849246E+01   -7.52092821E-02
   5.45257656E+01   -7.33598136E-02
   5.59004104E+01   -7.15558253E-02
   5.73097113E+01   -6.97961988E-02
   5.87545419E+01   -6.80798432E-02
   6.02357981E+01   -6.64056944E-02
   6.17543981E+01   -6.47727146E-02
   6.33112834E+01   -6.31798913E-02
   6.49074192E+01   -6.16262370E-02
   6.65437950E+01   -6.01107886E-02
   6.82214255E+01   -5.86326066E-02
   6.99413505E+01   -5.71907745E-02
   7.17046364E+01   -5.57843984E-02
   7.35123764E+01   -5.44126064E-02
   7.53656911E+01   -5.30745481E-02
   7.72657297E+01   -5.17693940E-02
   7.92136699E+01   -5.04963348E-02
   8.12107196E+01   -4.92545814E-02
   8.32581167E+01   -4.80433639E-02
   8.53571305E+01   -4.68619315E-02
   8.75090625E+01   -4.57095515E-02
   8.97152466E+01   -4.45855097E-02
   9.19770507E+01   -4.34891092E-02
   9.42958769E+01   -4.24196702E-02
   9.66731629E+01   -4.13765298E-02
   9.91103824E+01   -4.03590411E-02
   1.01609046E+02   -3.93665735E-02
   1.04170704E+02   -3.83985117E-02
   1.06796944E+02   -3.74542554E-02
   1.09489393E+02   -3.65332192E-02
   1.12249722E+02   -3.56348323E-02
