# 
# Energy units: hartree
# Length units: bohr
#
# -----------------------------------
# |       r       |       w(r)      |
# -----------------------------------
   3.74165729E-05   -9.30454342E-04
   3.83598792E-05   -9.53911954E-04
   3.93269671E-05   -9.77960953E-04
   4.03184362E-05   -1.00261625E-03
   4.13349012E-05   -1.02789313E-03
   4.23769921E-05   -1.05380726E-03
   4.34453551E-05   -1.08037471E-03
   4.45406526E-05   -1.10761196E-03
   4.56635635E-05   -1.13553587E-03
   4.68147840E-05   -1.16416378E-03
   4.79950279E-05   -1.19351342E-03
   4.92050268E-05   -1.22360299E-03
   5.04455309E-05   -1.25445115E-03
   5.17173092E-05   -1.28607702E-03
   5.30211502E-05   -1.31850021E-03
   5.43578623E-05   -1.35174081E-03
   5.57282741E-05   -1.38581945E-03
   5.71332353E-05   -1.42075723E-03
   5.85736168E-05   -1.45657583E-03
   6.00503117E-05   -1.49329745E-03
   6.15642354E-05   -1.53094485E-03
   6.31163265E-05   -1.56954138E-03
   6.47075473E-05   -1.60911097E-03
   6.63388842E-05   -1.64967813E-03
   6.80113486E-05   -1.69126804E-03
   6.97259774E-05   -1.73390646E-03
   7.14838335E-05   -1.77761984E-03
   7.32860069E-05   -1.82243528E-03
   7.51336146E-05   -1.86838055E-03
   7.70278023E-05   -1.91548414E-03
   7.89697442E-05   -1.96377526E-03
   8.09606443E-05   -2.01328384E-03
   8.30017367E-05   -2.06404058E-03
   8.50942870E-05   -2.11607694E-03
   8.72395924E-05   -2.16942519E-03
   8.94389830E-05   -2.22411840E-03
   9.16938222E-05   -2.28019047E-03
   9.40055079E-05   -2.33767617E-03
   9.63754734E-05   -2.39661114E-03
   9.88051880E-05   -2.45703191E-03
   1.01296158E-04   -2.51897594E-03
   1.03849927E-04   -2.58248165E-03
   1.06468080E-04   -2.64758838E-03
   1.09152238E-04   -2.71433652E-03
   1.11904067E-04   -2.78276744E-03
   1.14725271E-04   -2.85292357E-03
   1.17617601E-04   -2.92484839E-03
   1.20582849E-04   -2.99858651E-03
   1.23622854E-04   -3.07418363E-03
   1.26739500E-04   -3.15168663E-03
   1.29934720E-04   -3.23114354E-03
   1.33210494E-04   -3.31260364E-03
   1.36568853E-04   -3.39611742E-03
   1.40011880E-04   -3.48173666E-03
   1.43541708E-04   -3.56951444E-03
   1.47160527E-04   -3.65950518E-03
   1.50870580E-04   -3.75176466E-03
   1.54674166E-04   -3.84635009E-03
   1.58573644E-04   -3.94332011E-03
   1.62571432E-04   -4.04273482E-03
   1.66670008E-04   -4.14465587E-03
   1.70871912E-04   -4.24914645E-03
   1.75179751E-04   -4.35627133E-03
   1.79596194E-04   -4.46609692E-03
   1.84123979E-04   -4.57869131E-03
   1.88765915E-04   -4.69412431E-03
   1.93524877E-04   -4.81246749E-03
   1.98403818E-04   -4.93379419E-03
   2.03405761E-04   -5.05817966E-03
   2.08533808E-04   -5.18570099E-03
   2.13791137E-04   -5.31643726E-03
   2.19181009E-04   -5.45046950E-03
   2.24706764E-04   -5.58788081E-03
   2.30371829E-04   -5.72875639E-03
   2.36179715E-04   -5.87318356E-03
   2.42134023E-04   -6.02125188E-03
   2.48238445E-04   -6.17305312E-03
   2.54496765E-04   -6.32868142E-03
   2.60912863E-04   -6.48823324E-03
   2.67490717E-04   -6.65180750E-03
   2.74234404E-04   -6.81950561E-03
   2.81148107E-04   -6.99143154E-03
   2.88236109E-04   -7.16769188E-03
   2.95502807E-04   -7.34839589E-03
   3.02952706E-04   -7.53365562E-03
   3.10590423E-04   -7.72358590E-03
   3.18420693E-04   -7.91830448E-03
   3.26448373E-04   -8.11793210E-03
   3.34678437E-04   -8.32259250E-03
   3.43115989E-04   -8.53241256E-03
   3.51766259E-04   -8.74752237E-03
   3.60634611E-04   -8.96805528E-03
   3.69726542E-04   -9.19414801E-03
   3.79047689E-04   -9.42594074E-03
   3.88603830E-04   -9.66357715E-03
   3.98400891E-04   -9.90720458E-03
   4.08444945E-04   -1.01569741E-02
   4.18742218E-04   -1.04130404E-02
   4.29299096E-04   -1.06755625E-02
   4.40122121E-04   -1.09447029E-02
   4.51218006E-04   -1.12206286E-02
   4.62593628E-04   -1.15035106E-02
   4.74256039E-04   -1.17935242E-02
   4.86212471E-04   -1.20908494E-02
   4.98470336E-04   -1.23956703E-02
   5.11037233E-04   -1.27081761E-02
   5.23920952E-04   -1.30285603E-02
   5.37129482E-04   -1.33570217E-02
   5.50671012E-04   -1.36937638E-02
   5.64553935E-04   -1.40389955E-02
   5.78786861E-04   -1.43929307E-02
   5.93378611E-04   -1.47557889E-02
   6.08338233E-04   -1.51277951E-02
   6.23675000E-04   -1.55091797E-02
   6.39398422E-04   -1.59001794E-02
   6.55518245E-04   -1.63010364E-02
   6.72044464E-04   -1.67119993E-02
   6.88987325E-04   -1.71333229E-02
   7.06357330E-04   -1.75652684E-02
   7.24165250E-04   -1.80081034E-02
   7.42422123E-04   -1.84621026E-02
   7.61139269E-04   -1.89275475E-02
   7.80328292E-04   -1.94047265E-02
   8.00001087E-04   -1.98939354E-02
   8.20169852E-04   -2.03954776E-02
   8.40847090E-04   -2.09096640E-02
   8.62045620E-04   -2.14368133E-02
   8.83778585E-04   -2.19772523E-02
   9.06059458E-04   -2.25313161E-02
   9.28902052E-04   -2.30993481E-02
   9.52320529E-04   -2.36817004E-02
   9.76329407E-04   -2.42787341E-02
   1.00094357E-03   -2.48908193E-02
   1.02617828E-03   -2.55183354E-02
   1.05204918E-03   -2.61616714E-02
   1.07857231E-03   -2.68212262E-02
   1.10576411E-03   -2.74974085E-02
   1.13364145E-03   -2.81906376E-02
   1.16222159E-03   -2.89013432E-02
   1.19152227E-03   -2.96299658E-02
   1.22156164E-03   -3.03769571E-02
   1.25235834E-03   -3.11427802E-02
   1.28393145E-03   -3.19279098E-02
   1.31630054E-03   -3.27328326E-02
   1.34948569E-03   -3.35580474E-02
   1.38350747E-03   -3.44040660E-02
   1.41838697E-03   -3.52714126E-02
   1.45414581E-03   -3.61606249E-02
   1.49080617E-03   -3.70722541E-02
   1.52839077E-03   -3.80068653E-02
   1.56692291E-03   -3.89650377E-02
   1.60642648E-03   -3.99473654E-02
   1.64692597E-03   -4.09544571E-02
   1.68844649E-03   -4.19869372E-02
   1.73101378E-03   -4.30454454E-02
   1.77465424E-03   -4.41306381E-02
   1.81939491E-03   -4.52431876E-02
   1.86526353E-03   -4.63837837E-02
   1.91228854E-03   -4.75531332E-02
   1.96049910E-03   -4.87519609E-02
   2.00992509E-03   -4.99810097E-02
   2.06059715E-03   -5.12410414E-02
   2.11254670E-03   -5.25328370E-02
   2.16580595E-03   -5.38571969E-02
   2.22040792E-03   -5.52149419E-02
   2.27638645E-03   -5.66069135E-02
   2.33377625E-03   -5.80339743E-02
   2.39261290E-03   -5.94970086E-02
   2.45293288E-03   -6.09969230E-02
   2.51477357E-03   -6.25346469E-02
   2.57817333E-03   -6.41111333E-02
   2.64317146E-03   -6.57273589E-02
   2.70980825E-03   -6.73843253E-02
   2.77812501E-03   -6.90830590E-02
   2.84816411E-03   -7.08246127E-02
   2.91996895E-03   -7.26100651E-02
   2.99358406E-03   -7.44405227E-02
   3.06905507E-03   -7.63171193E-02
   3.14642878E-03   -7.82410175E-02
   3.22575315E-03   -8.02134091E-02
   3.30707736E-03   -8.22355160E-02
   3.39045183E-03   -8.43085906E-02
   3.47592824E-03   -8.64339170E-02
   3.56355960E-03   -8.86128117E-02
   3.65340022E-03   -9.08466239E-02
   3.74550581E-03   -9.31367373E-02
   3.83993346E-03   -9.54845700E-02
   3.93674172E-03   -9.78915758E-02
   4.03599061E-03   -1.00359245E-01
   4.13774165E-03   -1.02889106E-01
   4.24205793E-03   -1.05482725E-01
   4.34900412E-03   -1.08141707E-01
   4.45864653E-03   -1.10867698E-01
   4.57105312E-03   -1.13662387E-01
   4.68629358E-03   -1.16527501E-01
   4.80443936E-03   -1.19464816E-01
   4.92556370E-03   -1.22476148E-01
   5.04974170E-03   -1.25563361E-01
   5.17705035E-03   -1.28728364E-01
   5.30756856E-03   -1.31973117E-01
   5.44137725E-03   -1.35299625E-01
   5.57855939E-03   -1.38709947E-01
   5.71920001E-03   -1.42206191E-01
   5.86338632E-03   -1.45790520E-01
   6.01120769E-03   -1.49465150E-01
   6.16275578E-03   -1.53232352E-01
   6.31812453E-03   -1.57094454E-01
   6.47741028E-03   -1.61053845E-01
   6.64071176E-03   -1.65112969E-01
   6.80813022E-03   -1.69274335E-01
   6.97976946E-03   -1.73540513E-01
   7.15573588E-03   -1.77914138E-01
   7.33613858E-03   -1.82397911E-01
   7.52108940E-03   -1.86994599E-01
   7.71070299E-03   -1.91707040E-01
   7.90509692E-03   -1.96538140E-01
   8.10439170E-03   -2.01490881E-01
   8.30871089E-03   -2.06568318E-01
   8.51818115E-03   -2.11773580E-01
   8.73293235E-03   -2.17109876E-01
   8.95309762E-03   -2.22580495E-01
   9.17881346E-03   -2.28188806E-01
   9.41021981E-03   -2.33938264E-01
   9.64746013E-03   -2.39832408E-01
   9.89068149E-03   -2.45874865E-01
   1.01400347E-02   -2.52069352E-01
   1.03956743E-02   -2.58419679E-01
   1.06577588E-02   -2.64929748E-01
   1.09264508E-02   -2.71603559E-01
   1.12019167E-02   -2.78445211E-01
   1.14843273E-02   -2.85458903E-01
   1.17738578E-02   -2.92648938E-01
   1.20706876E-02   -3.00019724E-01
   1.23750007E-02   -3.07575779E-01
   1.26869859E-02   -3.15321729E-01
   1.30068365E-02   -3.23262316E-01
   1.33347509E-02   -3.31402397E-01
   1.36709322E-02   -3.39746946E-01
   1.40155890E-02   -3.48301061E-01
   1.43689349E-02   -3.57069962E-01
   1.47311890E-02   -3.66058996E-01
   1.51025759E-02   -3.75273640E-01
   1.54833258E-02   -3.84719503E-01
   1.58736747E-02   -3.94402330E-01
   1.62738646E-02   -4.04328003E-01
   1.66841438E-02   -4.14502546E-01
   1.71047664E-02   -4.24932127E-01
   1.75359933E-02   -4.35623061E-01
   1.79780919E-02   -4.46581815E-01
   1.84313362E-02   -4.57815006E-01
   1.88960071E-02   -4.69329411E-01
   1.93723929E-02   -4.81131965E-01
   1.98607888E-02   -4.93229765E-01
   2.03614976E-02   -5.05630075E-01
   2.08748297E-02   -5.18340327E-01
   2.14011034E-02   -5.31368128E-01
   2.19406449E-02   -5.44721258E-01
   2.24937888E-02   -5.58407676E-01
   2.30608780E-02   -5.72435522E-01
   2.36422640E-02   -5.86813122E-01
   2.42383072E-02   -6.01548989E-01
   2.48493773E-02   -6.16651828E-01
   2.54758530E-02   -6.32130537E-01
   2.61181227E-02   -6.47994209E-01
   2.67765847E-02   -6.64252139E-01
   2.74516471E-02   -6.80913823E-01
   2.81437284E-02   -6.97988961E-01
   2.88532577E-02   -7.15487460E-01
   2.95806749E-02   -7.33419437E-01
   3.03264310E-02   -7.51795219E-01
   3.10909883E-02   -7.70625348E-01
   3.18748208E-02   -7.89920579E-01
   3.26784144E-02   -8.09691884E-01
   3.35022673E-02   -8.29950452E-01
   3.43468904E-02   -8.50707689E-01
   3.52128071E-02   -8.71975220E-01
   3.61005545E-02   -8.93764888E-01
   3.70106827E-02   -9.16088754E-01
   3.79437561E-02   -9.38959096E-01
   3.89003532E-02   -9.62388406E-01
   3.98810670E-02   -9.86389389E-01
   4.08865054E-02   -1.01097496E+00
   4.19172919E-02   -1.03615825E+00
   4.29740655E-02   -1.06195257E+00
   4.40574813E-02   -1.08837144E+00
   4.51682110E-02   -1.11542859E+00
   4.63069432E-02   -1.14313790E+00
   4.74743840E-02   -1.17151344E+00
   4.86712569E-02   -1.20056945E+00
   4.98983042E-02   -1.23032031E+00
   5.11562864E-02   -1.26078055E+00
   5.24459836E-02   -1.29196483E+00
   5.37681951E-02   -1.32388790E+00
   5.51237409E-02   -1.35656462E+00
   5.65134612E-02   -1.39000990E+00
   5.79382177E-02   -1.42423873E+00
   5.93988935E-02   -1.45926607E+00
   6.08963944E-02   -1.49510691E+00
   6.24316486E-02   -1.53177619E+00
   6.40056080E-02   -1.56928876E+00
   6.56192484E-02   -1.60765935E+00
   6.72735702E-02   -1.64690255E+00
   6.89695989E-02   -1.68703273E+00
   7.07083860E-02   -1.72806397E+00
   7.24910096E-02   -1.77001005E+00
   7.43185748E-02   -1.81288437E+00
   7.61922146E-02   -1.85669984E+00
   7.81130905E-02   -1.90146885E+00
   8.00823935E-02   -1.94720314E+00
   8.21013445E-02   -1.99391375E+00
   8.41711951E-02   -2.04161087E+00
   8.62932285E-02   -2.09030375E+00
   8.84687603E-02   -2.14000058E+00
   9.06991393E-02   -2.19070833E+00
   9.29857482E-02   -2.24243260E+00
   9.53300046E-02   -2.29517747E+00
   9.77333619E-02   -2.34894533E+00
   1.00197310E-01   -2.40373664E+00
   1.02723377E-01   -2.45954975E+00
   1.05313128E-01   -2.51638065E+00
   1.07968169E-01   -2.57422272E+00
   1.10690146E-01   -2.63306644E+00
   1.13480746E-01   -2.69289911E+00
   1.16341700E-01   -2.75370449E+00
   1.19274782E-01   -2.81546247E+00
   1.22281809E-01   -2.87814865E+00
   1.25364646E-01   -2.94173396E+00
   1.28525205E-01   -3.00618416E+00
   1.31765443E-01   -3.07145938E+00
   1.35087372E-01   -3.13751360E+00
   1.38493049E-01   -3.20429402E+00
   1.41984586E-01   -3.27174053E+00
   1.45564149E-01   -3.33978499E+00
   1.49233955E-01   -3.40835055E+00
   1.52996281E-01   -3.47735091E+00
   1.56853458E-01   -3.54668950E+00
   1.60807878E-01   -3.61625867E+00
   1.64861993E-01   -3.68593877E+00
   1.69018316E-01   -3.75559722E+00
   1.73279423E-01   -3.82508756E+00
   1.77647957E-01   -3.89424839E+00
   1.82126626E-01   -3.96290237E+00
   1.86718206E-01   -4.03085509E+00
   1.91425544E-01   -4.09789405E+00
   1.96251559E-01   -4.16378748E+00
   2.01199241E-01   -4.22828337E+00
   2.06271660E-01   -4.29110832E+00
   2.11471958E-01   -4.35196660E+00
   2.16803361E-01   -4.41053924E+00
   2.22269174E-01   -4.46648322E+00
   2.27872785E-01   -4.51943082E+00
   2.33617667E-01   -4.56898921E+00
   2.39507384E-01   -4.61474018E+00
   2.45545586E-01   -4.65624030E+00
   2.51736017E-01   -4.69302138E+00
   2.58082514E-01   -4.72459134E+00
   2.64589012E-01   -4.75043563E+00
   2.71259545E-01   -4.77001926E+00
   2.78098248E-01   -4.78278945E+00
   2.85109361E-01   -4.78817912E+00
   2.92297231E-01   -4.78561114E+00
   2.99666313E-01   -4.77450361E+00
   3.07221177E-01   -4.75427614E+00
   3.14966506E-01   -4.72435716E+00
   3.22907102E-01   -4.68419248E+00
   3.31047888E-01   -4.63325486E+00
   3.39393910E-01   -4.57105493E+00
   3.47950344E-01   -4.49715302E+00
   3.56722493E-01   -4.41117218E+00
   3.65715795E-01   -4.31281196E+00
   3.74935828E-01   -4.20186285E+00
   3.84388306E-01   -4.07822106E+00
   3.94079089E-01   -3.94190328E+00
   4.04014186E-01   -3.79306087E+00
   4.14199756E-01   -3.63199307E+00
   4.24642114E-01   -3.45915845E+00
   4.35347733E-01   -3.27518402E+00
   4.46323251E-01   -3.08087125E+00
   4.57575471E-01   -2.87719815E+00
   4.69111370E-01   -2.66531685E+00
   4.80938100E-01   -2.44654593E+00
   4.93062993E-01   -2.22235699E+00
   5.05493566E-01   -1.99435518E+00
   5.18237525E-01   -1.76425349E+00
   5.31302770E-01   -1.53384122E+00
   5.44697403E-01   -1.30494698E+00
   5.58429726E-01   -1.07939741E+00
   5.72508255E-01   -8.58972704E-01
   5.86941715E-01   -6.45361016E-01
   6.01739057E-01   -4.40113512E-01
   6.16909453E-01   -2.44602603E-01
   6.32462309E-01   -5.99857623E-02
   6.48407267E-01    1.12822532E-01
   6.64754212E-01    2.73168307E-01
   6.81513278E-01    4.20662881E-01
   6.98694856E-01    5.55173081E-01
   7.16309598E-01    6.76795482E-01
   7.34368423E-01    7.85813744E-01
   7.52882528E-01    8.82638659E-01
   7.71863390E-01    9.67731096E-01
   7.91322778E-01    1.04150877E+00
   8.11272754E-01    1.10423883E+00
   8.31725688E-01    1.15591984E+00
   8.52694259E-01    1.19615970E+00
   8.74191468E-01    1.22406028E+00
   8.96230640E-01    1.23812674E+00
   9.18825441E-01    1.23622908E+00
   9.41989877E-01    1.21565595E+00
   9.65738310E-01    1.17331417E+00
   9.90085463E-01    1.10613629E+00
   1.01504643E+00    1.01175407E+00
   1.04063669E+00    8.89463209E-01
   1.06687210E+00    7.41424924E-01
   1.09376893E+00    5.73908263E-01
   1.12134385E+00    3.98175593E-01
   1.14961396E+00    2.30388275E-01
   1.17859679E+00    8.97412235E-02
   1.20831030E+00   -5.97959523E-03
   1.23877292E+00   -4.80563015E-02
   1.27000352E+00   -4.81695269E-02
   1.30202148E+00   -3.97850763E-02
   1.33484664E+00   -3.24528533E-02
   1.36849936E+00   -2.61359248E-02
   1.40300049E+00   -2.07763753E-02
   1.43837142E+00   -1.63006849E-02
   1.47463409E+00   -1.26246426E-02
   1.51181098E+00   -9.65769687E-03
   1.54992513E+00   -7.30670368E-03
   1.58900017E+00   -5.47911334E-03
   1.62906033E+00   -4.08564219E-03
   1.67013044E+00   -3.04252781E-03
   1.71223597E+00   -2.27343154E-03
   1.75540301E+00   -1.71105820E-03
   1.79965834E+00   -1.29855321E-03
   1.84502939E+00   -9.90713982E-04
   1.89154428E+00   -7.55053331E-04
   1.93923185E+00   -5.72211577E-04
   1.98812168E+00   -4.30956334E-04
   2.03824406E+00   -3.22528655E-04
   2.08963007E+00   -2.39837702E-04
   2.14231157E+00   -1.77186907E-04
   2.19632122E+00   -1.30034252E-04
   2.25169250E+00   -9.47847344E-05
   2.30845974E+00   -6.86140503E-05
   2.36665814E+00   -4.93193606E-05
   2.42632377E+00   -3.51951304E-05
   2.48749363E+00   -2.49308405E-05
   2.55020564E+00   -1.75269257E-05
   2.61449867E+00   -1.22267423E-05
   2.68041260E+00   -8.46193584E-06
   2.74798827E+00   -5.80896464E-06
   2.81726759E+00   -3.95467724E-06
   2.88829350E+00   -2.66940932E-06
   2.96111004E+00   -1.78615007E-06
   3.03576235E+00   -1.18447500E-06
   3.11229672E+00   -7.78292688E-07
   3.19076059E+00   -5.06609421E-07
   3.27120260E+00   -3.26604125E-07
   3.35367264E+00   -2.08495506E-07
   3.43822182E+00   -1.31768285E-07
   3.52490256E+00   -8.24312816E-08
   3.61376860E+00   -5.10361952E-08
   3.70487504E+00   -3.12704122E-08
   3.79827835E+00   -1.89609058E-08
   3.89403645E+00   -1.13791527E-08
   3.99220870E+00   -6.76114420E-09
   4.09285596E+00   -3.97961774E-09
   4.19604063E+00   -2.32266435E-09
   4.30182668E+00   -1.34618251E-09
   4.41027970E+00   -7.76527748E-10
   4.52146691E+00   -4.47223405E-10
   4.63545726E+00   -2.58274689E-10
   4.75232141E+00   -1.50394611E-10
   4.87213182E+00   -8.88795777E-11
   4.99496275E+00   -5.36714177E-11
   5.12089037E+00   -3.33106448E-11
   5.24999273E+00   -2.13238264E-11
   5.38234989E+00   -1.40822944E-11
   5.51804389E+00   -9.56549960E-12
   5.65715886E+00   -6.64701499E-12
   5.79978105E+00   -4.69573568E-12
   5.94599888E+00   -3.35189653E-12
   6.09590299E+00   -2.40545484E-12
   6.24958632E+00   -1.72872458E-12
   6.40714416E+00   -1.24019601E-12
   6.56867416E+00   -8.86256399E-13
   6.73427650E+00   -6.30187535E-13
   6.90405381E+00   -4.45199453E-13
   7.07811137E+00   -3.12388592E-13
   7.25655709E+00   -2.17474112E-13
   7.43950158E+00   -1.50286167E-13
   7.62705827E+00   -1.02900877E-13
   7.81934344E+00   -6.99151266E-14
   8.01647630E+00   -4.70711777E-14
   8.21857905E+00   -3.14078260E-14
   8.42577700E+00   -2.07423910E-14
   8.63819861E+00   -1.35925837E-14
   8.85597556E+00   -8.80979424E-15
   9.07924287E+00   -5.63137893E-15
   9.30813895E+00   -3.57433085E-15
   9.54280571E+00   -2.24247813E-15
   9.78338864E+00   -1.36692215E-15
   1.00300369E+01   -8.36847905E-16
   1.02829034E+01   -5.02146904E-16
   1.05421448E+01   -2.97636116E-16
   1.08079220E+01   -1.62343649E-16
   1.10803997E+01   -9.19444232E-17
   1.13597468E+01   -4.21094074E-17
   1.16461365E+01   -1.57924318E-17
   1.19397463E+01   -6.81055389E-18
   1.22407583E+01    9.54856664E-19
   1.25493591E+01    2.64462936E-18
   1.28657400E+01    3.95228792E-18
   1.31900972E+01    3.70292464E-18
   1.35226317E+01    5.49911442E-18
   1.38635497E+01    3.10200451E-18
   1.42130626E+01    3.19636793E-18
   1.45713870E+01    2.07978746E-18
   1.49387451E+01    2.02837256E-18
   1.53153646E+01    1.46928322E-18
   1.57014791E+01    9.71997710E-19
   1.60973278E+01    8.37777494E-19
   1.65031563E+01    5.00345254E-19
   1.69192161E+01    3.36143819E-19
   1.73457651E+01    3.11600257E-19
   1.77830678E+01    2.23581421E-19
   1.82313954E+01    1.56134882E-19
   1.86910257E+01    1.01944461E-19
   1.91622436E+01    6.88540862E-20
   1.96453415E+01    4.01809929E-20
   2.01406186E+01    2.90836793E-20
   2.06483822E+01    1.50205407E-20
   2.11689469E+01    1.29974804E-20
   2.17026356E+01    1.25905378E-20
   2.22497791E+01    8.08884669E-21
   2.28107165E+01    5.56069026E-21
   2.33857957E+01    2.65705529E-21
   2.39753732E+01    2.79259688E-21
   2.45798144E+01    2.51726304E-21
   2.51994942E+01    1.27433922E-21
   2.58347967E+01    7.16447682E-22
   2.64861157E+01    5.67443048E-22
   2.71538551E+01    1.55750975E-22
   2.78384288E+01    9.06820171E-24
   2.85402613E+01    1.27977459E-22
   2.92597876E+01    3.84762139E-23
   2.99974538E+01    5.19170964E-23
   3.07537172E+01    3.86077688E-23
   3.15290468E+01    2.40222862E-23
   3.23239231E+01    1.46338811E-23
   3.31388390E+01    9.72238236E-24
   3.39742997E+01    7.65977693E-24
   3.48308231E+01    3.88437755E-24
   3.57089403E+01    1.34967083E-24
   3.66091956E+01    1.32791714E-24
   3.75321471E+01    3.51540038E-25
   3.84783671E+01    2.16794411E-25
   3.94484422E+01    2.04310049E-25
   4.04429738E+01    1.52164863E-25
   4.14625785E+01    4.02240546E-26
   4.25078883E+01    3.38464619E-26
   4.35795513E+01    1.52498477E-26
   4.46782320E+01    5.42530966E-27
   4.58046114E+01    2.31555535E-27
   4.69593879E+01    1.84170796E-27
   4.81432773E+01    1.06777992E-27
   4.93570137E+01    8.09134390E-28
   5.06013496E+01    2.10104791E-28
   5.18770562E+01    1.25665539E-28
   5.31849246E+01    7.69967018E-29
   5.45257656E+01    0.00000000E+00
   5.59004104E+01    0.00000000E+00
   5.73097113E+01    0.00000000E+00
   5.87545419E+01    0.00000000E+00
   6.02357981E+01    0.00000000E+00
   6.17543981E+01    0.00000000E+00
   6.33112834E+01    0.00000000E+00
   6.49074192E+01    0.00000000E+00
   6.65437950E+01    0.00000000E+00
   6.82214255E+01    0.00000000E+00
   6.99413505E+01    0.00000000E+00
   7.17046364E+01    0.00000000E+00
   7.35123764E+01    0.00000000E+00
   7.53656911E+01    0.00000000E+00
   7.72657297E+01    0.00000000E+00
   7.92136699E+01    0.00000000E+00
   8.12107196E+01    0.00000000E+00
   8.32581167E+01    0.00000000E+00
   8.53571305E+01    0.00000000E+00
   8.75090625E+01    0.00000000E+00
   8.97152466E+01   -0.00000000E+00
   9.19770507E+01    0.00000000E+00
   9.42958769E+01    0.00000000E+00
   9.66731629E+01    0.00000000E+00
   9.91103824E+01    0.00000000E+00
   1.01609046E+02    0.00000000E+00
   1.04170704E+02    0.00000000E+00
   1.06796944E+02    0.00000000E+00
   1.09489393E+02    0.00000000E+00
   1.12249722E+02    0.00000000E+00
