# 
# Energy units: hartree
# Length units: bohr
#
# -----------------------------------
# |       r       |       w(r)      |
# -----------------------------------
   3.74165729E-05   -3.42867513E+00
   3.83598792E-05   -3.42867513E+00
   3.93269671E-05   -3.42867513E+00
   4.03184362E-05   -3.42867513E+00
   4.13349012E-05   -3.42867513E+00
   4.23769921E-05   -3.42867513E+00
   4.34453551E-05   -3.42867512E+00
   4.45406526E-05   -3.42867512E+00
   4.56635635E-05   -3.42867512E+00
   4.68147840E-05   -3.42867512E+00
   4.79950279E-05   -3.42867512E+00
   4.92050268E-05   -3.42867512E+00
   5.04455309E-05   -3.42867512E+00
   5.17173092E-05   -3.42867512E+00
   5.30211502E-05   -3.42867512E+00
   5.43578623E-05   -3.42867512E+00
   5.57282741E-05   -3.42867512E+00
   5.71332353E-05   -3.42867511E+00
   5.85736168E-05   -3.42867511E+00
   6.00503117E-05   -3.42867511E+00
   6.15642354E-05   -3.42867511E+00
   6.31163265E-05   -3.42867511E+00
   6.47075473E-05   -3.42867511E+00
   6.63388842E-05   -3.42867511E+00
   6.80113486E-05   -3.42867510E+00
   6.97259774E-05   -3.42867510E+00
   7.14838335E-05   -3.42867510E+00
   7.32860069E-05   -3.42867510E+00
   7.51336146E-05   -3.42867510E+00
   7.70278023E-05   -3.42867509E+00
   7.89697442E-05   -3.42867509E+00
   8.09606443E-05   -3.42867509E+00
   8.30017367E-05   -3.42867509E+00
   8.50942870E-05   -3.42867508E+00
   8.72395924E-05   -3.42867508E+00
   8.94389830E-05   -3.42867508E+00
   9.16938222E-05   -3.42867507E+00
   9.40055079E-05   -3.42867507E+00
   9.63754734E-05   -3.42867507E+00
   9.88051880E-05   -3.42867506E+00
   1.01296158E-04   -3.42867506E+00
   1.03849927E-04   -3.42867506E+00
   1.06468080E-04   -3.42867505E+00
   1.09152238E-04   -3.42867505E+00
   1.11904067E-04   -3.42867504E+00
   1.14725271E-04   -3.42867504E+00
   1.17617601E-04   -3.42867503E+00
   1.20582849E-04   -3.42867503E+00
   1.23622854E-04   -3.42867502E+00
   1.26739500E-04   -3.42867502E+00
   1.29934720E-04   -3.42867501E+00
   1.33210494E-04   -3.42867500E+00
   1.36568853E-04   -3.42867500E+00
   1.40011880E-04   -3.42867499E+00
   1.43541708E-04   -3.42867498E+00
   1.47160527E-04   -3.42867497E+00
   1.50870580E-04   -3.42867496E+00
   1.54674166E-04   -3.42867495E+00
   1.58573644E-04   -3.42867495E+00
   1.62571432E-04   -3.42867494E+00
   1.66670008E-04   -3.42867492E+00
   1.70871912E-04   -3.42867491E+00
   1.75179751E-04   -3.42867490E+00
   1.79596194E-04   -3.42867489E+00
   1.84123979E-04   -3.42867488E+00
   1.88765915E-04   -3.42867486E+00
   1.93524877E-04   -3.42867485E+00
   1.98403818E-04   -3.42867484E+00
   2.03405761E-04   -3.42867482E+00
   2.08533808E-04   -3.42867480E+00
   2.13791137E-04   -3.42867479E+00
   2.19181009E-04   -3.42867477E+00
   2.24706764E-04   -3.42867475E+00
   2.30371829E-04   -3.42867473E+00
   2.36179715E-04   -3.42867471E+00
   2.42134023E-04   -3.42867469E+00
   2.48238445E-04   -3.42867466E+00
   2.54496765E-04   -3.42867464E+00
   2.60912863E-04   -3.42867461E+00
   2.67490717E-04   -3.42867459E+00
   2.74234404E-04   -3.42867456E+00
   2.81148107E-04   -3.42867453E+00
   2.88236109E-04   -3.42867450E+00
   2.95502807E-04   -3.42867446E+00
   3.02952706E-04   -3.42867443E+00
   3.10590423E-04   -3.42867439E+00
   3.18420693E-04   -3.42867436E+00
   3.26448373E-04   -3.42867432E+00
   3.34678437E-04   -3.42867427E+00
   3.43115989E-04   -3.42867423E+00
   3.51766259E-04   -3.42867418E+00
   3.60634611E-04   -3.42867413E+00
   3.69726542E-04   -3.42867408E+00
   3.79047689E-04   -3.42867403E+00
   3.88603830E-04   -3.42867397E+00
   3.98400891E-04   -3.42867391E+00
   4.08444945E-04   -3.42867385E+00
   4.18742218E-04   -3.42867378E+00
   4.29299096E-04   -3.42867372E+00
   4.40122121E-04   -3.42867364E+00
   4.51218006E-04   -3.42867357E+00
   4.62593628E-04   -3.42867349E+00
   4.74256039E-04   -3.42867340E+00
   4.86212471E-04   -3.42867331E+00
   4.98470336E-04   -3.42867322E+00
   5.11037233E-04   -3.42867312E+00
   5.23920952E-04   -3.42867302E+00
   5.37129482E-04   -3.42867291E+00
   5.50671012E-04   -3.42867280E+00
   5.64553935E-04   -3.42867268E+00
   5.78786861E-04   -3.42867255E+00
   5.93378611E-04   -3.42867242E+00
   6.08338233E-04   -3.42867228E+00
   6.23675000E-04   -3.42867213E+00
   6.39398422E-04   -3.42867198E+00
   6.55518245E-04   -3.42867182E+00
   6.72044464E-04   -3.42867165E+00
   6.88987325E-04   -3.42867147E+00
   7.06357330E-04   -3.42867129E+00
   7.24165250E-04   -3.42867109E+00
   7.42422123E-04   -3.42867088E+00
   7.61139269E-04   -3.42867066E+00
   7.80328292E-04   -3.42867044E+00
   8.00001087E-04   -3.42867020E+00
   8.20169852E-04   -3.42866994E+00
   8.40847090E-04   -3.42866968E+00
   8.62045620E-04   -3.42866940E+00
   8.83778585E-04   -3.42866911E+00
   9.06059458E-04   -3.42866880E+00
   9.28902052E-04   -3.42866847E+00
   9.52320529E-04   -3.42866813E+00
   9.76329407E-04   -3.42866778E+00
   1.00094357E-03   -3.42866740E+00
   1.02617828E-03   -3.42866700E+00
   1.05204918E-03   -3.42866659E+00
   1.07857231E-03   -3.42866615E+00
   1.10576411E-03   -3.42866569E+00
   1.13364145E-03   -3.42866521E+00
   1.16222159E-03   -3.42866470E+00
   1.19152227E-03   -3.42866417E+00
   1.22156164E-03   -3.42866361E+00
   1.25235834E-03   -3.42866302E+00
   1.28393145E-03   -3.42866241E+00
   1.31630054E-03   -3.42866175E+00
   1.34948569E-03   -3.42866107E+00
   1.38350747E-03   -3.42866035E+00
   1.41838697E-03   -3.42865960E+00
   1.45414581E-03   -3.42865880E+00
   1.49080617E-03   -3.42865797E+00
   1.52839077E-03   -3.42865709E+00
   1.56692291E-03   -3.42865617E+00
   1.60642648E-03   -3.42865520E+00
   1.64692597E-03   -3.42865419E+00
   1.68844649E-03   -3.42865312E+00
   1.73101378E-03   -3.42865199E+00
   1.77465424E-03   -3.42865081E+00
   1.81939491E-03   -3.42864957E+00
   1.86526353E-03   -3.42864826E+00
   1.91228854E-03   -3.42864689E+00
   1.96049910E-03   -3.42864545E+00
   2.00992509E-03   -3.42864393E+00
   2.06059715E-03   -3.42864234E+00
   2.11254670E-03   -3.42864066E+00
   2.16580595E-03   -3.42863890E+00
   2.22040792E-03   -3.42863705E+00
   2.27638645E-03   -3.42863511E+00
   2.33377625E-03   -3.42863306E+00
   2.39261290E-03   -3.42863091E+00
   2.45293288E-03   -3.42862866E+00
   2.51477357E-03   -3.42862628E+00
   2.57817333E-03   -3.42862379E+00
   2.64317146E-03   -3.42862116E+00
   2.70980825E-03   -3.42861841E+00
   2.77812501E-03   -3.42861551E+00
   2.84816411E-03   -3.42861247E+00
   2.91996895E-03   -3.42860927E+00
   2.99358406E-03   -3.42860590E+00
   3.06905507E-03   -3.42860237E+00
   3.14642878E-03   -3.42859865E+00
   3.22575315E-03   -3.42859474E+00
   3.30707736E-03   -3.42859064E+00
   3.39045183E-03   -3.42858632E+00
   3.47592824E-03   -3.42858179E+00
   3.56355960E-03   -3.42857702E+00
   3.65340022E-03   -3.42857201E+00
   3.74550581E-03   -3.42856674E+00
   3.83993346E-03   -3.42856120E+00
   3.93674172E-03   -3.42855538E+00
   4.03599061E-03   -3.42854927E+00
   4.13774165E-03   -3.42854284E+00
   4.24205793E-03   -3.42853608E+00
   4.34900412E-03   -3.42852898E+00
   4.45864653E-03   -3.42852151E+00
   4.57105312E-03   -3.42851366E+00
   4.68629358E-03   -3.42850541E+00
   4.80443936E-03   -3.42849674E+00
   4.92556370E-03   -3.42848763E+00
   5.04974170E-03   -3.42847805E+00
   5.17705035E-03   -3.42846798E+00
   5.30756856E-03   -3.42845740E+00
   5.44137725E-03   -3.42844627E+00
   5.57855939E-03   -3.42843458E+00
   5.71920001E-03   -3.42842229E+00
   5.86338632E-03   -3.42840937E+00
   6.01120769E-03   -3.42839579E+00
   6.16275578E-03   -3.42838151E+00
   6.31812453E-03   -3.42836651E+00
   6.47741028E-03   -3.42835073E+00
   6.64071176E-03   -3.42833415E+00
   6.80813022E-03   -3.42831673E+00
   6.97976946E-03   -3.42829841E+00
   7.15573588E-03   -3.42827915E+00
   7.33613858E-03   -3.42825891E+00
   7.52108940E-03   -3.42823763E+00
   7.71070299E-03   -3.42821526E+00
   7.90509692E-03   -3.42819174E+00
   8.10439170E-03   -3.42816703E+00
   8.30871089E-03   -3.42814104E+00
   8.51818115E-03   -3.42811373E+00
   8.73293235E-03   -3.42808502E+00
   8.95309762E-03   -3.42805483E+00
   9.17881346E-03   -3.42802310E+00
   9.41021981E-03   -3.42798974E+00
   9.64746013E-03   -3.42795467E+00
   9.89068149E-03   -3.42791781E+00
   1.01400347E-02   -3.42787905E+00
   1.03956743E-02   -3.42783830E+00
   1.06577588E-02   -3.42779547E+00
   1.09264508E-02   -3.42775043E+00
   1.12019167E-02   -3.42770309E+00
   1.14843273E-02   -3.42765331E+00
   1.17738578E-02   -3.42760097E+00
   1.20706876E-02   -3.42754595E+00
   1.23750007E-02   -3.42748810E+00
   1.26869859E-02   -3.42742727E+00
   1.30068365E-02   -3.42736331E+00
   1.33347509E-02   -3.42729607E+00
   1.36709322E-02   -3.42722536E+00
   1.40155890E-02   -3.42715101E+00
   1.43689349E-02   -3.42707283E+00
   1.47311890E-02   -3.42699062E+00
   1.51025759E-02   -3.42690417E+00
   1.54833258E-02   -3.42681327E+00
   1.58736747E-02   -3.42671766E+00
   1.62738646E-02   -3.42661713E+00
   1.66841438E-02   -3.42651139E+00
   1.71047664E-02   -3.42640019E+00
   1.75359933E-02   -3.42628324E+00
   1.79780919E-02   -3.42616023E+00
   1.84313362E-02   -3.42603085E+00
   1.88960071E-02   -3.42589476E+00
   1.93723929E-02   -3.42575161E+00
   1.98607888E-02   -3.42560103E+00
   2.03614976E-02   -3.42544262E+00
   2.08748297E-02   -3.42527597E+00
   2.14011034E-02   -3.42510064E+00
   2.19406449E-02   -3.42491618E+00
   2.24937888E-02   -3.42472209E+00
   2.30608780E-02   -3.42451787E+00
   2.36422640E-02   -3.42430297E+00
   2.42383072E-02   -3.42407683E+00
   2.48493773E-02   -3.42383883E+00
   2.54758530E-02   -3.42358835E+00
   2.61181227E-02   -3.42332471E+00
   2.67765847E-02   -3.42304720E+00
   2.74516471E-02   -3.42275506E+00
   2.81437284E-02   -3.42244752E+00
   2.88532577E-02   -3.42212372E+00
   2.95806749E-02   -3.42178278E+00
   3.03264310E-02   -3.42142376E+00
   3.10909883E-02   -3.42104567E+00
   3.18748208E-02   -3.42064746E+00
   3.26784144E-02   -3.42022801E+00
   3.35022673E-02   -3.41978616E+00
   3.43468904E-02   -3.41932064E+00
   3.52128071E-02   -3.41883015E+00
   3.61005545E-02   -3.41831327E+00
   3.70106827E-02   -3.41776852E+00
   3.79437561E-02   -3.41719434E+00
   3.89003532E-02   -3.41658903E+00
   3.98810670E-02   -3.41595084E+00
   4.08865054E-02   -3.41527788E+00
   4.19172919E-02   -3.41456814E+00
   4.29740655E-02   -3.41381951E+00
   4.40574813E-02   -3.41302971E+00
   4.51682110E-02   -3.41219635E+00
   4.63069432E-02   -3.41131686E+00
   4.74743840E-02   -3.41038854E+00
   4.86712569E-02   -3.40940847E+00
   4.98983042E-02   -3.40837358E+00
   5.11562864E-02   -3.40728058E+00
   5.24459836E-02   -3.40612595E+00
   5.37681951E-02   -3.40490596E+00
   5.51237409E-02   -3.40361661E+00
   5.65134612E-02   -3.40225366E+00
   5.79382177E-02   -3.40081255E+00
   5.93988935E-02   -3.39928841E+00
   6.08963944E-02   -3.39767606E+00
   6.24316486E-02   -3.39596994E+00
   6.40056080E-02   -3.39416410E+00
   6.56192484E-02   -3.39225219E+00
   6.72735702E-02   -3.39022740E+00
   6.89695989E-02   -3.38808242E+00
   7.07083860E-02   -3.38580945E+00
   7.24910096E-02   -3.38340011E+00
   7.43185748E-02   -3.38084542E+00
   7.61922146E-02   -3.37813572E+00
   7.81130905E-02   -3.37526069E+00
   8.00823935E-02   -3.37220921E+00
   8.21013445E-02   -3.36896936E+00
   8.41711951E-02   -3.36552835E+00
   8.62932285E-02   -3.36187239E+00
   8.84687603E-02   -3.35798672E+00
   9.06991393E-02   -3.35385543E+00
   9.29857482E-02   -3.34946144E+00
   9.53300046E-02   -3.34478636E+00
   9.77333619E-02   -3.33981044E+00
   1.00197310E-01   -3.33451242E+00
   1.02723377E-01   -3.32886944E+00
   1.05313128E-01   -3.32285690E+00
   1.07968169E-01   -3.31644836E+00
   1.10690146E-01   -3.30961538E+00
   1.13480746E-01   -3.30232735E+00
   1.16341700E-01   -3.29455138E+00
   1.19274782E-01   -3.28625212E+00
   1.22281809E-01   -3.27739156E+00
   1.25364646E-01   -3.26792889E+00
   1.28525205E-01   -3.25782025E+00
   1.31765443E-01   -3.24701859E+00
   1.35087372E-01   -3.23547343E+00
   1.38493049E-01   -3.22313064E+00
   1.41984586E-01   -3.20993223E+00
   1.45564149E-01   -3.19581614E+00
   1.49233955E-01   -3.18071595E+00
   1.52996281E-01   -3.16456075E+00
   1.56853458E-01   -3.14727481E+00
   1.60807878E-01   -3.12877745E+00
   1.64861993E-01   -3.10898275E+00
   1.69018316E-01   -3.08779943E+00
   1.73279423E-01   -3.06513062E+00
   1.77647957E-01   -3.04087374E+00
   1.82126626E-01   -3.01492037E+00
   1.86718206E-01   -2.98715622E+00
   1.91425544E-01   -2.95746106E+00
   1.96251559E-01   -2.92570881E+00
   2.01199241E-01   -2.89176769E+00
   2.06271660E-01   -2.85550039E+00
   2.11471958E-01   -2.81676444E+00
   2.16803361E-01   -2.77541263E+00
   2.22269174E-01   -2.73129368E+00
   2.27872785E-01   -2.68425292E+00
   2.33617667E-01   -2.63413329E+00
   2.39507384E-01   -2.58077651E+00
   2.45545586E-01   -2.52402439E+00
   2.51736017E-01   -2.46372053E+00
   2.58082514E-01   -2.39971219E+00
   2.64589012E-01   -2.33185247E+00
   2.71259545E-01   -2.26000279E+00
   2.78098248E-01   -2.18403566E+00
   2.85109361E-01   -2.10383785E+00
   2.92297231E-01   -2.01931373E+00
   2.99666313E-01   -1.93038898E+00
   3.07221177E-01   -1.83701459E+00
   3.14966506E-01   -1.73917101E+00
   3.22907102E-01   -1.63687252E+00
   3.31047888E-01   -1.53017161E+00
   3.39393910E-01   -1.41916345E+00
   3.47950344E-01   -1.30399007E+00
   3.56722493E-01   -1.18484437E+00
   3.65715795E-01   -1.06197361E+00
   3.74935828E-01   -9.35682189E-01
   3.84388306E-01   -8.06333629E-01
   3.94079089E-01   -6.74351387E-01
   4.04014186E-01   -5.40218340E-01
   4.14199756E-01   -4.04474684E-01
   4.24642114E-01   -2.67714035E-01
   4.35347733E-01   -1.30577546E-01
   4.46323251E-01    6.25410434E-03
   4.57575471E-01    1.42070914E-01
   4.69111370E-01    2.76145933E-01
   4.80938100E-01    4.07749682E-01
   4.93062993E-01    5.36166373E-01
   5.05493566E-01    6.60711507E-01
   5.18237525E-01    7.80750330E-01
   5.31302770E-01    8.95716421E-01
   5.44697403E-01    1.00512955E+00
   5.58429726E-01    1.10861181E+00
   5.72508255E-01    1.20590088E+00
   5.86941715E-01    1.29685920E+00
   6.01739057E-01    1.38147768E+00
   6.16909453E-01    1.45987260E+00
   6.32462309E-01    1.53227424E+00
   6.48407267E-01    1.59900573E+00
   6.64754212E-01    1.66045054E+00
   6.81513278E-01    1.71700703E+00
   6.98694856E-01    1.76902839E+00
   7.16309598E-01    1.81674638E+00
   7.34368423E-01    1.86017751E+00
   7.52882528E-01    1.89901120E+00
   7.71863390E-01    1.93248104E+00
   7.91322778E-01    1.95922347E+00
   8.11272754E-01    1.97713400E+00
   8.31725688E-01    1.98323959E+00
   8.52694259E-01    1.97361977E+00
   8.74191468E-01    1.94342608E+00
   8.96230640E-01    1.88707110E+00
   9.18825441E-01    1.79867698E+00
   9.41989877E-01    1.67288016E+00
   9.65738310E-01    1.50606524E+00
   9.90085463E-01    1.29802083E+00
   1.01504643E+00    1.05384831E+00
   1.04063669E+00    7.85699235E-01
   1.06687210E+00    5.13597406E-01
   1.09376893E+00    2.64312608E-01
   1.12134385E+00    6.71431886E-02
   1.14961396E+00   -5.43365182E-02
   1.17859679E+00   -9.50657354E-02
   1.20831030E+00   -8.56745013E-02
   1.23877292E+00   -7.20081293E-02
   1.27000352E+00   -5.97827689E-02
   1.30202148E+00   -4.90139219E-02
   1.33484664E+00   -3.96712371E-02
   1.36849936E+00   -3.16893077E-02
   1.40300049E+00   -2.49761301E-02
   1.43837142E+00   -1.94209219E-02
   1.47463409E+00   -1.49011295E-02
   1.51181098E+00   -1.12885021E-02
   1.54992513E+00   -8.45419410E-03
   1.58900017E+00   -6.27296442E-03
   1.62906033E+00   -4.62654532E-03
   1.67013044E+00   -3.40631793E-03
   1.71223597E+00   -2.51538611E-03
   1.75540301E+00   -1.87014526E-03
   1.79965834E+00   -1.40142916E-03
   1.84502939E+00   -1.05528753E-03
   1.89154428E+00   -7.93448150E-04
   1.93923185E+00   -5.92952783E-04
   1.98812168E+00   -4.40169638E-04
   2.03824406E+00   -3.24545610E-04
   2.08963007E+00   -2.37650696E-04
   2.14231157E+00   -1.72805350E-04
   2.19632122E+00   -1.24759303E-04
   2.25169250E+00   -8.94179478E-05
   2.30845974E+00   -6.36132591E-05
   2.36665814E+00   -4.49130940E-05
   2.42632377E+00   -3.14649516E-05
   2.48749363E+00   -2.18692336E-05
   2.55020564E+00   -1.50769258E-05
   2.61449867E+00   -1.03081652E-05
   2.68041260E+00   -6.98798248E-06
   2.74798827E+00   -4.69607260E-06
   2.81726759E+00   -3.12779363E-06
   2.88829350E+00   -2.06426053E-06
   2.96111004E+00   -1.34963105E-06
   3.03576235E+00   -8.73957511E-07
   3.11229672E+00   -5.60387028E-07
   3.19076059E+00   -3.55718314E-07
   3.27120260E+00   -2.23482324E-07
   3.35367264E+00   -1.38931554E-07
   3.43822182E+00   -8.54447050E-08
   3.52490256E+00   -5.19776756E-08
   3.61376860E+00   -3.12699381E-08
   3.70487504E+00   -1.86025461E-08
   3.79827835E+00   -1.09432567E-08
   3.89403645E+00   -6.36644789E-09
   3.99220870E+00   -3.66395732E-09
   4.09285596E+00   -2.08713065E-09
   4.19604063E+00   -1.17787616E-09
   4.30182668E+00   -6.59538826E-10
   4.41027970E+00   -3.67219915E-10
   4.52146691E+00   -2.03951651E-10
   4.63545726E+00   -1.13477386E-10
   4.75232141E+00   -6.36013504E-11
   4.87213182E+00   -3.61422028E-11
   4.99496275E+00   -2.09650642E-11
   5.12089037E+00   -1.24861365E-11
   5.24999273E+00   -7.66201208E-12
   5.38234989E+00   -4.84521915E-12
   5.51804389E+00   -3.14795266E-12
   5.65715886E+00   -2.08994156E-12
   5.79978105E+00   -1.40893997E-12
   5.94599888E+00   -9.58611117E-13
   6.09590299E+00   -6.54909040E-13
   6.24958632E+00   -4.47504058E-13
   6.40714416E+00   -3.04853012E-13
   6.56867416E+00   -2.06593286E-13
   6.73427650E+00   -1.39122077E-13
   6.90405381E+00   -9.29497253E-14
   7.07811137E+00   -6.15939189E-14
   7.25655709E+00   -4.04357757E-14
   7.43950158E+00   -2.63112807E-14
   7.62705827E+00   -1.69371145E-14
   7.81934344E+00   -1.08019875E-14
   8.01647630E+00   -6.81548119E-15
   8.21857905E+00   -4.25467533E-15
   8.42577700E+00   -2.62441843E-15
   8.63819861E+00   -1.60347290E-15
   8.85597556E+00   -9.67229243E-16
   9.07924287E+00   -5.74355100E-16
   9.30813895E+00   -3.38017505E-16
   9.54280571E+00   -1.96248307E-16
   9.78338864E+00   -1.10480800E-16
   1.00300369E+01   -6.23395054E-17
   1.02829034E+01   -3.44038368E-17
   1.05421448E+01   -1.87146367E-17
   1.08079220E+01   -9.34729929E-18
   1.10803997E+01   -4.83661504E-18
   1.13597468E+01   -2.01903645E-18
   1.16461365E+01   -6.88524474E-19
   1.19397463E+01   -2.69331891E-19
   1.22407583E+01    3.41648591E-20
   1.25493591E+01    8.53913398E-20
   1.28657400E+01    1.14854681E-19
   1.31900972E+01    9.65847177E-20
   1.35226317E+01    1.28381078E-19
   1.38635497E+01    6.46316117E-20
   1.42130626E+01    5.92614359E-20
   1.45713870E+01    3.42082736E-20
   1.49387451E+01    2.95058315E-20
   1.53153646E+01    1.88421056E-20
   1.57014791E+01    1.09530138E-20
   1.60973278E+01    8.26772788E-21
   1.65031563E+01    4.30948014E-21
   1.69192161E+01    2.51794988E-21
   1.73457651E+01    2.02263885E-21
   1.77830678E+01    1.25298666E-21
   1.82313954E+01    7.52578952E-22
   1.86910257E+01    4.20986437E-22
   1.91622436E+01    2.42635701E-22
   1.96453415E+01    1.20334990E-22
   2.01406186E+01    7.37138831E-23
   2.06483822E+01    3.20812732E-23
   2.11689469E+01    2.32905110E-23
   2.17026356E+01    1.88432059E-23
   2.22497791E+01    1.00641101E-23
   2.28107165E+01    5.72445915E-24
   2.33857957E+01    2.25220843E-24
   2.39753732E+01    1.93934459E-24
   2.45798144E+01    1.42493590E-24
   2.51994942E+01    5.84916901E-25
   2.58347967E+01    2.65221708E-25
   2.64861157E+01    1.68489229E-25
   2.71538551E+01    3.68854394E-26
   2.78384288E+01    1.70299333E-27
   2.85402613E+01    1.89461601E-26
   2.92597876E+01    4.46315419E-27
   2.99974538E+01    4.68928290E-27
   3.07537172E+01    2.69812462E-27
   3.15290468E+01    1.29048099E-27
   3.23239231E+01    6.00260784E-28
   3.31388390E+01    3.02421194E-28
   3.39742997E+01    1.79404897E-28
   3.48308231E+01    6.80071149E-29
   3.57089403E+01    0.00000000E+00
   3.66091956E+01    0.00000000E+00
   3.75321471E+01    0.00000000E+00
   3.84783671E+01    0.00000000E+00
   3.94484422E+01    0.00000000E+00
   4.04429738E+01    0.00000000E+00
   4.14625785E+01    0.00000000E+00
   4.25078883E+01    0.00000000E+00
   4.35795513E+01    0.00000000E+00
   4.46782320E+01    0.00000000E+00
   4.58046114E+01    0.00000000E+00
   4.69593879E+01    0.00000000E+00
   4.81432773E+01    0.00000000E+00
   4.93570137E+01    0.00000000E+00
   5.06013496E+01    0.00000000E+00
   5.18770562E+01    0.00000000E+00
   5.31849246E+01    0.00000000E+00
   5.45257656E+01    0.00000000E+00
   5.59004104E+01    0.00000000E+00
   5.73097113E+01    0.00000000E+00
   5.87545419E+01    0.00000000E+00
   6.02357981E+01    0.00000000E+00
   6.17543981E+01    0.00000000E+00
   6.33112834E+01    0.00000000E+00
   6.49074192E+01    0.00000000E+00
   6.65437950E+01    0.00000000E+00
   6.82214255E+01    0.00000000E+00
   6.99413505E+01    0.00000000E+00
   7.17046364E+01    0.00000000E+00
   7.35123764E+01    0.00000000E+00
   7.53656911E+01    0.00000000E+00
   7.72657297E+01    0.00000000E+00
   7.92136699E+01    0.00000000E+00
   8.12107196E+01    0.00000000E+00
   8.32581167E+01    0.00000000E+00
   8.53571305E+01    0.00000000E+00
   8.75090625E+01    0.00000000E+00
   8.97152466E+01   -0.00000000E+00
   9.19770507E+01    0.00000000E+00
   9.42958769E+01    0.00000000E+00
   9.66731629E+01    0.00000000E+00
   9.91103824E+01    0.00000000E+00
   1.01609046E+02    0.00000000E+00
   1.04170704E+02    0.00000000E+00
   1.06796944E+02    0.00000000E+00
   1.09489393E+02    0.00000000E+00
   1.12249722E+02    0.00000000E+00
