#
# Radial kinetic energy density.
# Length units: bohr
# Energy units: hartree
#
# -----------------------------------
# |       r       |     tau(r)      |
# -----------------------------------
   3.74165729E-05    1.60673542E+00
   3.83598792E-05    1.60673542E+00
   3.93269671E-05    1.60673541E+00
   4.03184362E-05    1.60673541E+00
   4.13349012E-05    1.60673541E+00
   4.23769921E-05    1.60673541E+00
   4.34453551E-05    1.60673541E+00
   4.45406526E-05    1.60673541E+00
   4.56635635E-05    1.60673541E+00
   4.68147840E-05    1.60673540E+00
   4.79950279E-05    1.60673540E+00
   4.92050268E-05    1.60673540E+00
   5.04455309E-05    1.60673540E+00
   5.17173092E-05    1.60673540E+00
   5.30211502E-05    1.60673540E+00
   5.43578623E-05    1.60673539E+00
   5.57282741E-05    1.60673539E+00
   5.71332353E-05    1.60673539E+00
   5.85736168E-05    1.60673539E+00
   6.00503117E-05    1.60673538E+00
   6.15642354E-05    1.60673538E+00
   6.31163265E-05    1.60673538E+00
   6.47075473E-05    1.60673537E+00
   6.63388842E-05    1.60673537E+00
   6.80113486E-05    1.60673537E+00
   6.97259774E-05    1.60673536E+00
   7.14838335E-05    1.60673536E+00
   7.32860069E-05    1.60673536E+00
   7.51336146E-05    1.60673535E+00
   7.70278023E-05    1.60673535E+00
   7.89697442E-05    1.60673534E+00
   8.09606443E-05    1.60673534E+00
   8.30017367E-05    1.60673533E+00
   8.50942870E-05    1.60673533E+00
   8.72395924E-05    1.60673532E+00
   8.94389830E-05    1.60673532E+00
   9.16938222E-05    1.60673531E+00
   9.40055079E-05    1.60673530E+00
   9.63754734E-05    1.60673530E+00
   9.88051880E-05    1.60673529E+00
   1.01296158E-04    1.60673528E+00
   1.03849927E-04    1.60673527E+00
   1.06468080E-04    1.60673526E+00
   1.09152238E-04    1.60673526E+00
   1.11904067E-04    1.60673525E+00
   1.14725271E-04    1.60673524E+00
   1.17617601E-04    1.60673523E+00
   1.20582849E-04    1.60673521E+00
   1.23622854E-04    1.60673520E+00
   1.26739500E-04    1.60673519E+00
   1.29934720E-04    1.60673518E+00
   1.33210494E-04    1.60673517E+00
   1.36568853E-04    1.60673515E+00
   1.40011880E-04    1.60673514E+00
   1.43541708E-04    1.60673512E+00
   1.47160527E-04    1.60673510E+00
   1.50870580E-04    1.60673509E+00
   1.54674166E-04    1.60673507E+00
   1.58573644E-04    1.60673505E+00
   1.62571432E-04    1.60673503E+00
   1.66670008E-04    1.60673501E+00
   1.70871912E-04    1.60673499E+00
   1.75179751E-04    1.60673497E+00
   1.79596194E-04    1.60673494E+00
   1.84123979E-04    1.60673492E+00
   1.88765915E-04    1.60673489E+00
   1.93524877E-04    1.60673486E+00
   1.98403818E-04    1.60673483E+00
   2.03405761E-04    1.60673480E+00
   2.08533808E-04    1.60673477E+00
   2.13791137E-04    1.60673473E+00
   2.19181009E-04    1.60673470E+00
   2.24706764E-04    1.60673466E+00
   2.30371829E-04    1.60673462E+00
   2.36179715E-04    1.60673458E+00
   2.42134023E-04    1.60673453E+00
   2.48238445E-04    1.60673449E+00
   2.54496765E-04    1.60673444E+00
   2.60912863E-04    1.60673439E+00
   2.67490717E-04    1.60673434E+00
   2.74234404E-04    1.60673428E+00
   2.81148107E-04    1.60673422E+00
   2.88236109E-04    1.60673416E+00
   2.95502807E-04    1.60673409E+00
   3.02952706E-04    1.60673402E+00
   3.10590423E-04    1.60673395E+00
   3.18420693E-04    1.60673388E+00
   3.26448373E-04    1.60673380E+00
   3.34678437E-04    1.60673371E+00
   3.43115989E-04    1.60673362E+00
   3.51766259E-04    1.60673353E+00
   3.60634611E-04    1.60673343E+00
   3.69726542E-04    1.60673333E+00
   3.79047689E-04    1.60673322E+00
   3.88603830E-04    1.60673311E+00
   3.98400891E-04    1.60673299E+00
   4.08444945E-04    1.60673287E+00
   4.18742218E-04    1.60673274E+00
   4.29299096E-04    1.60673260E+00
   4.40122121E-04    1.60673245E+00
   4.51218006E-04    1.60673230E+00
   4.62593628E-04    1.60673214E+00
   4.74256039E-04    1.60673197E+00
   4.86212471E-04    1.60673179E+00
   4.98470336E-04    1.60673161E+00
   5.11037233E-04    1.60673141E+00
   5.23920952E-04    1.60673121E+00
   5.37129482E-04    1.60673099E+00
   5.50671012E-04    1.60673076E+00
   5.64553935E-04    1.60673053E+00
   5.78786861E-04    1.60673027E+00
   5.93378611E-04    1.60673001E+00
   6.08338233E-04    1.60672973E+00
   6.23675000E-04    1.60672944E+00
   6.39398422E-04    1.60672914E+00
   6.55518245E-04    1.60672882E+00
   6.72044464E-04    1.60672848E+00
   6.88987325E-04    1.60672812E+00
   7.06357330E-04    1.60672775E+00
   7.24165250E-04    1.60672736E+00
   7.42422123E-04    1.60672694E+00
   7.61139269E-04    1.60672651E+00
   7.80328292E-04    1.60672605E+00
   8.00001087E-04    1.60672557E+00
   8.20169852E-04    1.60672507E+00
   8.40847090E-04    1.60672454E+00
   8.62045620E-04    1.60672398E+00
   8.83778585E-04    1.60672340E+00
   9.06059458E-04    1.60672278E+00
   9.28902052E-04    1.60672214E+00
   9.52320529E-04    1.60672146E+00
   9.76329407E-04    1.60672075E+00
   1.00094357E-03    1.60672000E+00
   1.02617828E-03    1.60671921E+00
   1.05204918E-03    1.60671838E+00
   1.07857231E-03    1.60671751E+00
   1.10576411E-03    1.60671659E+00
   1.13364145E-03    1.60671563E+00
   1.16222159E-03    1.60671462E+00
   1.19152227E-03    1.60671355E+00
   1.22156164E-03    1.60671244E+00
   1.25235834E-03    1.60671126E+00
   1.28393145E-03    1.60671003E+00
   1.31630054E-03    1.60670873E+00
   1.34948569E-03    1.60670737E+00
   1.38350747E-03    1.60670593E+00
   1.41838697E-03    1.60670443E+00
   1.45414581E-03    1.60670284E+00
   1.49080617E-03    1.60670118E+00
   1.52839077E-03    1.60669943E+00
   1.56692291E-03    1.60669759E+00
   1.60642648E-03    1.60669566E+00
   1.64692597E-03    1.60669363E+00
   1.68844649E-03    1.60669149E+00
   1.73101378E-03    1.60668925E+00
   1.77465424E-03    1.60668689E+00
   1.81939491E-03    1.60668441E+00
   1.86526353E-03    1.60668181E+00
   1.91228854E-03    1.60667907E+00
   1.96049910E-03    1.60667619E+00
   2.00992509E-03    1.60667317E+00
   2.06059715E-03    1.60666999E+00
   2.11254670E-03    1.60666665E+00
   2.16580595E-03    1.60666314E+00
   2.22040792E-03    1.60665944E+00
   2.27638645E-03    1.60665556E+00
   2.33377625E-03    1.60665149E+00
   2.39261290E-03    1.60664720E+00
   2.45293288E-03    1.60664269E+00
   2.51477357E-03    1.60663796E+00
   2.57817333E-03    1.60663298E+00
   2.64317146E-03    1.60662775E+00
   2.70980825E-03    1.60662225E+00
   2.77812501E-03    1.60661648E+00
   2.84816411E-03    1.60661040E+00
   2.91996895E-03    1.60660402E+00
   2.99358406E-03    1.60659731E+00
   3.06905507E-03    1.60659026E+00
   3.14642878E-03    1.60658284E+00
   3.22575315E-03    1.60657505E+00
   3.30707736E-03    1.60656686E+00
   3.39045183E-03    1.60655826E+00
   3.47592824E-03    1.60654921E+00
   3.56355960E-03    1.60653971E+00
   3.65340022E-03    1.60652971E+00
   3.74550581E-03    1.60651921E+00
   3.83993346E-03    1.60650817E+00
   3.93674172E-03    1.60649657E+00
   4.03599061E-03    1.60648437E+00
   4.13774165E-03    1.60647156E+00
   4.24205793E-03    1.60645808E+00
   4.34900412E-03    1.60644392E+00
   4.45864653E-03    1.60642904E+00
   4.57105312E-03    1.60641340E+00
   4.68629358E-03    1.60639696E+00
   4.80443936E-03    1.60637968E+00
   4.92556370E-03    1.60636152E+00
   5.04974170E-03    1.60634243E+00
   5.17705035E-03    1.60632237E+00
   5.30756856E-03    1.60630128E+00
   5.44137725E-03    1.60627912E+00
   5.57855939E-03    1.60625582E+00
   5.71920001E-03    1.60623134E+00
   5.86338632E-03    1.60620561E+00
   6.01120769E-03    1.60617856E+00
   6.16275578E-03    1.60615014E+00
   6.31812453E-03    1.60612026E+00
   6.47741028E-03    1.60608886E+00
   6.64071176E-03    1.60605586E+00
   6.80813022E-03    1.60602117E+00
   6.97976946E-03    1.60598471E+00
   7.15573588E-03    1.60594639E+00
   7.33613858E-03    1.60590612E+00
   7.52108940E-03    1.60586379E+00
   7.71070299E-03    1.60581930E+00
   7.90509692E-03    1.60577254E+00
   8.10439170E-03    1.60572340E+00
   8.30871089E-03    1.60567175E+00
   8.51818115E-03    1.60561747E+00
   8.73293235E-03    1.60556041E+00
   8.95309762E-03    1.60550045E+00
   9.17881346E-03    1.60543743E+00
   9.41021981E-03    1.60537119E+00
   9.64746013E-03    1.60530157E+00
   9.89068149E-03    1.60522841E+00
   1.01400347E-02    1.60515151E+00
   1.03956743E-02    1.60507069E+00
   1.06577588E-02    1.60498576E+00
   1.09264508E-02    1.60489649E+00
   1.12019167E-02    1.60480267E+00
   1.14843273E-02    1.60470407E+00
   1.17738578E-02    1.60460044E+00
   1.20706876E-02    1.60449153E+00
   1.23750007E-02    1.60437707E+00
   1.26869859E-02    1.60425677E+00
   1.30068365E-02    1.60413035E+00
   1.33347509E-02    1.60399749E+00
   1.36709322E-02    1.60385786E+00
   1.40155890E-02    1.60371111E+00
   1.43689349E-02    1.60355690E+00
   1.47311890E-02    1.60339482E+00
   1.51025759E-02    1.60322450E+00
   1.54833258E-02    1.60304551E+00
   1.58736747E-02    1.60285740E+00
   1.62738646E-02    1.60265972E+00
   1.66841438E-02    1.60245198E+00
   1.71047664E-02    1.60223367E+00
   1.75359933E-02    1.60200426E+00
   1.79780919E-02    1.60176318E+00
   1.84313362E-02    1.60150984E+00
   1.88960071E-02    1.60124362E+00
   1.93723929E-02    1.60096387E+00
   1.98607888E-02    1.60066991E+00
   2.03614976E-02    1.60036101E+00
   2.08748297E-02    1.60003642E+00
   2.14011034E-02    1.59969535E+00
   2.19406449E-02    1.59933697E+00
   2.24937888E-02    1.59896040E+00
   2.30608780E-02    1.59856472E+00
   2.36422640E-02    1.59814898E+00
   2.42383072E-02    1.59771217E+00
   2.48493773E-02    1.59725322E+00
   2.54758530E-02    1.59677101E+00
   2.61181227E-02    1.59626440E+00
   2.67765847E-02    1.59573213E+00
   2.74516471E-02    1.59517294E+00
   2.81437284E-02    1.59458547E+00
   2.88532577E-02    1.59396831E+00
   2.95806749E-02    1.59331996E+00
   3.03264310E-02    1.59263888E+00
   3.10909883E-02    1.59192344E+00
   3.18748208E-02    1.59117191E+00
   3.26784144E-02    1.59038250E+00
   3.35022673E-02    1.58955334E+00
   3.43468904E-02    1.58868244E+00
   3.52128071E-02    1.58776774E+00
   3.61005545E-02    1.58680707E+00
   3.70106827E-02    1.58579817E+00
   3.79437561E-02    1.58473865E+00
   3.89003532E-02    1.58362602E+00
   3.98810670E-02    1.58245767E+00
   4.08865054E-02    1.58123088E+00
   4.19172919E-02    1.57994278E+00
   4.29740655E-02    1.57859037E+00
   4.40574813E-02    1.57717054E+00
   4.51682110E-02    1.57568001E+00
   4.63069432E-02    1.57411534E+00
   4.74743840E-02    1.57247297E+00
   4.86712569E-02    1.57074914E+00
   4.98983042E-02    1.56893996E+00
   5.11562864E-02    1.56704132E+00
   5.24459836E-02    1.56504898E+00
   5.37681951E-02    1.56295848E+00
   5.51237409E-02    1.56076518E+00
   5.65134612E-02    1.55846422E+00
   5.79382177E-02    1.55605058E+00
   5.93988935E-02    1.55351897E+00
   6.08963944E-02    1.55086393E+00
   6.24316486E-02    1.54807975E+00
   6.40056080E-02    1.54516050E+00
   6.56192484E-02    1.54210000E+00
   6.72735702E-02    1.53889185E+00
   6.89695989E-02    1.53552939E+00
   7.07083860E-02    1.53200570E+00
   7.24910096E-02    1.52831363E+00
   7.43185748E-02    1.52444576E+00
   7.61922146E-02    1.52039440E+00
   7.81130905E-02    1.51615160E+00
   8.00823935E-02    1.51170916E+00
   8.21013445E-02    1.50705862E+00
   8.41711951E-02    1.50219122E+00
   8.62932285E-02    1.49709799E+00
   8.84687603E-02    1.49176968E+00
   9.06991393E-02    1.48619679E+00
   9.29857482E-02    1.48036960E+00
   9.53300046E-02    1.47427815E+00
   9.77333619E-02    1.46791227E+00
   1.00197310E-01    1.46126158E+00
   1.02723377E-01    1.45431554E+00
   1.05313128E-01    1.44706344E+00
   1.07968169E-01    1.43949445E+00
   1.10690146E-01    1.43159764E+00
   1.13480746E-01    1.42336200E+00
   1.16341700E-01    1.41477653E+00
   1.19274782E-01    1.40583021E+00
   1.22281809E-01    1.39651211E+00
   1.25364646E-01    1.38681144E+00
   1.28525205E-01    1.37671758E+00
   1.31765443E-01    1.36622017E+00
   1.35087372E-01    1.35530918E+00
   1.38493049E-01    1.34397501E+00
   1.41984586E-01    1.33220855E+00
   1.45564149E-01    1.32000132E+00
   1.49233955E-01    1.30734550E+00
   1.52996281E-01    1.29423415E+00
   1.56853458E-01    1.28066124E+00
   1.60807878E-01    1.26662180E+00
   1.64861993E-01    1.25211209E+00
   1.69018316E-01    1.23712968E+00
   1.73279423E-01    1.22167367E+00
   1.77647957E-01    1.20574474E+00
   1.82126626E-01    1.18934539E+00
   1.86718206E-01    1.17248004E+00
   1.91425544E-01    1.15515517E+00
   1.96251559E-01    1.13737949E+00
   2.01199241E-01    1.11916404E+00
   2.06271660E-01    1.10052234E+00
   2.11471958E-01    1.08147044E+00
   2.16803361E-01    1.06202703E+00
   2.22269174E-01    1.04221347E+00
   2.27872785E-01    1.02205379E+00
   2.33617667E-01    1.00157468E+00
   2.39507384E-01    9.80805369E-01
   2.45545586E-01    9.59777498E-01
   2.51736017E-01    9.38524917E-01
   2.58082514E-01    9.17083394E-01
   2.64589012E-01    8.95490257E-01
   2.71259545E-01    8.73783952E-01
   2.78098248E-01    8.52003516E-01
   2.85109361E-01    8.30187955E-01
   2.92297231E-01    8.08375544E-01
   2.99666313E-01    7.86603047E-01
   3.07221177E-01    7.64904863E-01
   3.14966506E-01    7.43312127E-01
   3.22907102E-01    7.21851776E-01
   3.31047888E-01    7.00545616E-01
   3.39393910E-01    6.79409422E-01
   3.47950344E-01    6.58452121E-01
   3.56722493E-01    6.37675101E-01
   3.65715795E-01    6.17071698E-01
   3.74935828E-01    5.96626936E-01
   3.84388306E-01    5.76317556E-01
   3.94079089E-01    5.56112411E-01
   4.04014186E-01    5.35973271E-01
   4.14199756E-01    5.15856070E-01
   4.24642114E-01    4.95712625E-01
   4.35347733E-01    4.75492829E-01
   4.46323251E-01    4.55147268E-01
   4.57575471E-01    4.34630230E-01
   4.69111370E-01    4.13902984E-01
   4.80938100E-01    3.92937207E-01
   4.93062993E-01    3.71718403E-01
   5.05493566E-01    3.50249104E-01
   5.18237525E-01    3.28551670E-01
   5.31302770E-01    3.06670473E-01
   5.44697403E-01    2.84673276E-01
   5.58429726E-01    2.62651662E-01
   5.72508255E-01    2.40720409E-01
   5.86941715E-01    2.19015791E-01
   6.01739057E-01    1.97692847E-01
   6.16909453E-01    1.76921773E-01
   6.32462309E-01    1.56883636E-01
   6.48407267E-01    1.37765689E-01
   6.64754212E-01    1.19756589E-01
   6.81513278E-01    1.03041800E-01
   6.98694856E-01    8.77994115E-02
   7.16309598E-01    7.41964525E-02
   7.34368423E-01    6.23856280E-02
   7.52882528E-01    5.25021236E-02
   7.71863390E-01    4.46598392E-02
   7.91322778E-01    3.89460768E-02
   8.11272754E-01    3.54134090E-02
   8.31725688E-01    3.40672948E-02
   8.52694259E-01    3.48481776E-02
   8.74191468E-01    3.76075976E-02
   8.96230640E-01    4.20796575E-02
   9.18825441E-01    4.78523742E-02
   9.41989877E-01    5.43480852E-02
   9.65738310E-01    6.08273454E-02
   9.90085463E-01    6.64342478E-02
   1.01504643E+00    7.02984287E-02
   1.04063669E+00    7.16947589E-02
   1.06687210E+00    7.02332289E-02
   1.09376893E+00    6.60155283E-02
   1.12134385E+00    5.96726414E-02
   1.14961396E+00    5.22197794E-02
   1.17859679E+00    4.47454384E-02
   1.20831030E+00    3.80549148E-02
   1.23877292E+00    3.24875047E-02
   1.27000352E+00    2.81205613E-02
   1.30202148E+00    2.48662827E-02
   1.33484664E+00    2.25443678E-02
   1.36849936E+00    2.09829117E-02
   1.40300049E+00    2.00279451E-02
   1.43837142E+00    1.95429642E-02
   1.47463409E+00    1.94082722E-02
   1.51181098E+00    1.95201839E-02
   1.54992513E+00    1.97901302E-02
   1.58900017E+00    2.01436900E-02
   1.62906033E+00    2.05195707E-02
   1.67013044E+00    2.08685502E-02
   1.71223597E+00    2.11523959E-02
   1.75540301E+00    2.13427615E-02
   1.79965834E+00    2.14200973E-02
   1.84502939E+00    2.13725437E-02
   1.89154428E+00    2.11948668E-02
   1.93923185E+00    2.08874144E-02
   1.98812168E+00    2.04551182E-02
   2.03824406E+00    1.99065529E-02
   2.08963007E+00    1.92530632E-02
   2.14231157E+00    1.85079595E-02
   2.19632122E+00    1.76858047E-02
   2.25169250E+00    1.68017785E-02
   2.30845974E+00    1.58711359E-02
   2.36665814E+00    1.49087504E-02
   2.42632377E+00    1.39287507E-02
   2.48749363E+00    1.29442292E-02
   2.55020564E+00    1.19670378E-02
   2.61449867E+00    1.10076473E-02
   2.68041260E+00    1.00750724E-02
   2.74798827E+00    9.17684862E-03
   2.81726759E+00    8.31905614E-03
   2.88829350E+00    7.50637956E-03
   2.96111004E+00    6.74219724E-03
   3.03576235E+00    6.02869057E-03
   3.11229672E+00    5.36696845E-03
   3.19076059E+00    4.75719923E-03
   3.27120260E+00    4.19874548E-03
   3.35367264E+00    3.69029715E-03
   3.43822182E+00    3.22999931E-03
   3.52490256E+00    2.81557230E-03
   3.61376860E+00    2.44442170E-03
   3.70487504E+00    2.11373715E-03
   3.79827835E+00    1.82057966E-03
   3.89403645E+00    1.56195643E-03
   3.99220870E+00    1.33488399E-03
   4.09285596E+00    1.13644010E-03
   4.19604063E+00    9.63804902E-04
   4.30182668E+00    8.14292544E-04
   4.41027970E+00    6.85374061E-04
   4.52146691E+00    5.74692805E-04
   4.63545726E+00    4.80073171E-04
   4.75232141E+00    3.99524122E-04
   4.87213182E+00    3.31238053E-04
   4.99496275E+00    2.73586184E-04
   5.12089037E+00    2.25111140E-04
   5.24999273E+00    1.84517658E-04
   5.38234989E+00    1.50661765E-04
   5.51804389E+00    1.22539224E-04
   5.65715886E+00    9.92735528E-05
   5.79978105E+00    8.01040240E-05
   5.94599888E+00    6.43739001E-05
   6.09590299E+00    5.15191757E-05
   6.24958632E+00    4.10579079E-05
   6.40714416E+00    3.25803180E-05
   6.56867416E+00    2.57396588E-05
   6.73427650E+00    2.02438954E-05
   6.90405381E+00    1.58482378E-05
   7.07811137E+00    1.23484382E-05
   7.25655709E+00    9.57487520E-06
   7.43950158E+00    7.38732527E-06
   7.62705827E+00    5.67041705E-06
   7.81934344E+00    4.32966952E-06
   8.01647630E+00    3.28808354E-06
   8.21857905E+00    2.48321148E-06
   8.42577700E+00    1.86466253E-06
   8.63819861E+00    1.39198300E-06
   8.85597556E+00    1.03286827E-06
   9.07924287E+00    7.61662113E-07
   9.30813895E+00    5.58102857E-07
   9.54280571E+00    4.06282331E-07
   9.78338864E+00    2.93784950E-07
   1.00300369E+01    2.10981799E-07
   1.02829034E+01    1.50452358E-07
   1.05421448E+01    1.06516180E-07
   1.08079220E+01    7.48544693E-08
   1.10803997E+01    5.22069534E-08
   1.13597468E+01    3.61300155E-08
   1.16461365E+01    2.48060495E-08
   1.19397463E+01    1.68933447E-08
   1.22407583E+01    1.14093251E-08
   1.25493591E+01    7.64023454E-09
   1.28657400E+01    5.07189993E-09
   1.31900972E+01    3.33705714E-09
   1.35226317E+01    2.17569049E-09
   1.38635497E+01    1.40533337E-09
   1.42130626E+01    8.99117579E-10
   1.45713870E+01    5.69655786E-10
   1.49387451E+01    3.57328614E-10
   1.53153646E+01    2.21861072E-10
   1.57014791E+01    1.36316236E-10
   1.60973278E+01    8.28627128E-11
   1.65031563E+01    4.98202079E-11
   1.69192161E+01    2.96190738E-11
   1.73457651E+01    1.74076252E-11
   1.77830678E+01    1.01108683E-11
   1.82313954E+01    5.80221004E-12
   1.86910257E+01    3.28871567E-12
   1.91622436E+01    1.84058277E-12
   1.96453415E+01    1.01682798E-12
   2.01406186E+01    5.54320511E-13
   2.06483822E+01    2.98113400E-13
   2.11689469E+01    1.58063513E-13
   2.17026356E+01    8.25923745E-14
   2.22497791E+01    4.25306535E-14
   2.28107165E+01    2.15737188E-14
   2.33857957E+01    1.07757443E-14
   2.39753732E+01    5.29775115E-15
   2.45798144E+01    2.56262042E-15
   2.51994942E+01    1.21910331E-15
   2.58347967E+01    5.70129142E-16
   2.64861157E+01    2.61994526E-16
   2.71538551E+01    1.18249783E-16
   2.78384288E+01    5.23959307E-17
   2.85402613E+01    2.27812029E-17
   2.92597876E+01    9.71472204E-18
   2.99974538E+01    4.06105184E-18
   3.07537172E+01    1.66334115E-18
   3.15290468E+01    6.67162043E-19
   3.23239231E+01    2.61912910E-19
   3.31388390E+01    1.00581513E-19
   3.39742997E+01    3.77631786E-20
   3.48308231E+01    1.38536880E-20
   3.57089403E+01    4.96301799E-21
   3.66091956E+01    1.73519157E-21
   3.75321471E+01    5.91696421E-22
   3.84783671E+01    1.96666200E-22
   3.94484422E+01    6.36722810E-23
   4.04429738E+01    2.00667624E-23
   4.14625785E+01    6.15185546E-24
   4.25078883E+01    1.83328335E-24
   4.35795513E+01    5.30700648E-25
   4.46782320E+01    1.49118657E-25
   4.58046114E+01    4.06396800E-26
   4.69593879E+01    1.07344644E-26
   4.81432773E+01    2.74552217E-27
   4.93570137E+01    6.79538909E-28
   5.06013496E+01    1.62607416E-28
   5.18770562E+01    3.75858695E-29
   5.31849246E+01    1.80471606E-32
   5.45257656E+01    0.00000000E+00
   5.59004104E+01    0.00000000E+00
   5.73097113E+01    0.00000000E+00
   5.87545419E+01    0.00000000E+00
   6.02357981E+01    0.00000000E+00
   6.17543981E+01    0.00000000E+00
   6.33112834E+01    0.00000000E+00
   6.49074192E+01    0.00000000E+00
   6.65437950E+01    0.00000000E+00
   6.82214255E+01    0.00000000E+00
   6.99413505E+01    0.00000000E+00
   7.17046364E+01    0.00000000E+00
   7.35123764E+01    0.00000000E+00
   7.53656911E+01    0.00000000E+00
   7.72657297E+01    0.00000000E+00
   7.92136699E+01    0.00000000E+00
   8.12107196E+01    0.00000000E+00
   8.32581167E+01    0.00000000E+00
   8.53571305E+01    0.00000000E+00
   8.75090625E+01    0.00000000E+00
   8.97152466E+01    0.00000000E+00
   9.19770507E+01    0.00000000E+00
   9.42958769E+01    0.00000000E+00
   9.66731629E+01    0.00000000E+00
   9.91103824E+01    0.00000000E+00
   1.01609046E+02    0.00000000E+00
   1.04170704E+02    0.00000000E+00
   1.06796944E+02    0.00000000E+00
   1.09489393E+02    0.00000000E+00
   1.12249722E+02    0.00000000E+00
