# Abinit version 7.1.2 PAW potentials GPAW 0.9 (ecut = 40 Ha) -- calculations by F. Jollet and M. Torrent

H  17.45445     10.30911    2.770
He 17.77804     0.87383     6.317
Li 20.25960     14.03819    3.371
Be 8.00451      123.60246   3.348
B 7.23104      237.90772   3.469
C 11.62710     209.52581   3.566
N 28.78010     54.36322    3.772
O 18.40336     52.10053    3.876
F 19.16447     34.60307    4.141
Ne 24.34163     1.21854     8.348
Na 37.07846     7.68846     3.745
Mg 22.91748     36.10975    3.964
Al 16.51857     77.52828    4.612
Si 20.52321     88.38788    4.310
P 21.51937     68.10775    4.352
S 17.20656     83.93975    4.210
Cl 38.86191     19.09059    4.257
Ar 52.29470     0.66123     4.758
K 73.64909     3.52074     3.645
Ca 42.38314     17.42441    3.332
Sc 24.66163     54.27354    3.446
Ti 17.44396     112.00658   3.564
V 13.55289     180.51661   3.935
Cr 11.80339     160.85040   7.061
Mn 11.36991     111.33873   2.648
Fe 11.51146     189.14017   4.951
Co 10.91689     212.33218   5.378
Ni 10.99260     204.23011   4.744
Cu 12.09464     137.66313   4.902
Zn 15.16890     75.31975    5.289
Ga 20.44283     49.80960    5.290
Ge 23.96329     59.88229    4.920
As 22.63504     68.83061    4.281
Se 29.74831     47.39167    4.481
Br 39.71608     22.38824    4.873
Kr 66.05024     0.65324     6.838
Rb 91.09195     2.78091     3.752
Sr 55.19684     11.63973    3.349
Y  32.89151     40.80099    3.064
Zr 23.39341     93.37277    3.292
Nb 18.08866     168.21581   3.727
Mo 15.80551     255.69276   4.083
Ru 13.72235     309.29415   4.991
Rh 14.11339     252.57918   5.234
Pd 15.27334     169.25191   5.548
Ag 17.81064     92.11561    5.737
Cd 22.61719     45.82626    6.822
In 27.33702     36.22986    5.214
Sn 36.86406     35.70007    4.897
Sb 31.74506     50.15859    4.494
Te 34.84284     45.09324    4.713
I 50.54701     18.60006    5.084
Xe 86.76676     0.54244     7.214
Cs 116.83379    1.95811     3.329
Ba 63.56880     8.88045     2.719
Hf 22.54398     108.68236   3.462
Ta 18.29107     195.56916   3.747
W 16.09622     304.22071   4.151
Re 14.93484     363.90089   4.507
Os 14.21147     398.86072   4.800
Ir 14.46408     347.47413   4.959
Pt 15.60950     245.08192   5.309
Au 18.18377     138.74958   6.077
Hg 29.54810     9.54180     8.300
Tl 31.17305     27.03572    5.379
Pb 31.93077     40.31878    5.019
Bi 37.00074     42.40466    4.625
Rn 92.76248     0.54393     7.377

# Abinit version 7.1.2 PAW potentials GPAW 0.9 (ecut = 20 Ha) -- calculations by F. Jollet and M. Torrent

H  17.51286     10.31000    2.473
He 17.69430     0.85459     5.587
Li 20.26023     14.03684    3.371
Be  8.00545     123.76922   3.358
B   7.23444     237.89498   3.474
C  11.63211     209.64492   3.552
N  28.97727     55.91067    3.591
O  18.33361     52.32124    3.643
F  19.12823     35.41643    4.805
Ne 24.01601     1.22907     7.058
Na 37.07745     7.68879     3.733
Mg 22.91964     36.02060    4.058
Al 16.51938     77.51674    4.611
Si 20.52334     88.38159    4.333
P  21.51884     68.11721    4.364
S  17.20699     83.93340    4.215
Cl 38.87147     19.02299    4.440
Ar 51.84318     0.88799     19.705
K  73.54091     3.63349     6.825
Ca 42.36739     17.34753    4.114
Sc 24.65989     54.31774    3.618
Ti 17.44377     111.81849   3.579
V  13.55179     180.39252   4.043
Cr 11.79696     161.16212   6.908
Mn 11.36934     117.09214   4.181
Fe 11.50860     190.00778   4.937
Co 10.91648     211.83893   5.444
Ni 10.98689     200.87228   5.787
Cu 12.09137     137.51217   4.970
Zn 15.16608     75.55352    5.629
Ga 20.44409     49.80623    5.291
Ge 23.96325     59.89943    4.951
As 22.63515     68.83180    4.285
Se 29.75182     47.37170    4.483
Br 39.71533     22.41822    4.834
Kr 65.99842     0.65732     5.855
Rb 91.09877     2.78441     3.744
Sr 55.21077     11.73936    2.846
Y  32.88934     40.83168    3.080
Zr 23.39520     93.35098    3.239
Nb 18.09259     168.67990   3.537
Mo 15.80389     256.01958   4.417
Ru 13.72326     309.43629   5.094
Rh 14.11420     252.79559   5.206
Pd 15.27249     169.44297   5.613
Ag 17.80565     92.17903    6.318
Cd 22.61665     45.60951    6.468
In 27.33781     36.20887    5.150
Sn 36.86626     35.69459    4.868
Sb 31.74458     50.17410    4.535
Te 34.84246     45.08718    4.721
I  50.54847     18.64563    5.049
Xe 86.76119     0.54375     7.116
Cs 116.85158    1.93357     2.785
Ba 63.51710     8.84337     4.277
Hf 22.54431     108.62246   3.442
Ta 18.28998     195.68426   3.888
W  16.09457     304.12565   4.346
Re 14.93572     363.31987   4.447
Os 14.21176     398.43230   4.768
Ir 14.46216     348.57661   5.362
Pt 15.60935     245.74672   5.554
Au 18.19259     139.12842   5.347
Hg 29.56282     9.53387     7.442
Tl 31.17709     26.99187    5.350
Pb 31.92942     40.27898    5.134
Bi 37.00241     42.39127    4.627
Rn 92.80937     0.53710     6.911

# Abinit version 5.4.4p potentials GGA_FHI -- calculations by Marcin Dulak

H 	16.894	10.145	2.618
He 	17.685	0.845	7.426
Li 	19.715	13.526	3.199
Be 	7.633	122.773	3.201
B 	7.152	238.116	3.613
C 	11.509	208.886	3.541
N 	28.32	53.958	3.638
O 	18.434	50.633	3.735
F 	18.873	26.594	6.434
Ne 	24.242	1.281	7.04
Na 	36.882	7.559	3.608
Mg 	22.801	35.795	4.025
Al 	16.565	76.01	4.504
Si 	20.399	87.921	4.28
P 	23.861	40.815	4.611
S 	17.108	84.292	4.204
Cl 	38.591	19.134	4.362
Ar 	52.248	0.777	8.446
K 	66.621	3.979	3.689
Ca 	42.76	17.826	3.48
Sc 	25.173	54.732	3.32
Ti 	18.148	111.345	3.654
V 	14.51	172.57	3.832
Cr 	12.246	228.158	4.972
Fe 	12.309	178.916	3.975
Co 	10.839	1613.396	53.914
Ni 	10.975	769.967	60.404
Cu 	12.342	136.174	5.198
Zn 	15.662	74.03	4.416
Ga 	20.171	49.675	5.053
Ge 	24.053	57.745	4.754
As 	23.04	66.841	4.242
Se 	30.092	46.475	4.443
Br 	39.729	22.254	4.842
Kr 	66.033	0.641	6.957
Rb 	84.304	2.986	3.731
Sr 	52.296	13.5	3.205
Y 	32.687	42.037	3.3
Zr 	23.8	97.628	3.502
Nb 	18.503	175.175	3.559
Mo 	15.933	266.09	4.191
Tc 	14.572	313.646	4.519
Ru 	13.93	322.632	4.948
Rh 	14.189	267.957	5.269
Pd 	15.677	169.784	5.655
Ag 	18.639	87.613	5.813
Cd 	23.715	40.166	7.044
In 	26.377	37.905	5.059
Sn 	36.611	35.403	4.733
Sb 	31.497	50.988	4.474
Te 	34.201	45.968	4.68
I 	50.024	18.775	5.032
Xe 	86.65	0.544	7.208
Cs 	105.515	2.261	3.677
Ba 	64.298	9.013	2.87
Lu 	29.339	50.015	3.922
Hf 	22.87	108.981	3.362
Ta 	18.83	194.065	3.715
W 	18.899	530.281	-0.516
Re 	15.305	367.036	4.452
Os 	14.676	393.568	4.814
Ir 	14.787	351.566	5.173
Pt 	15.937	250.89	5.566
Au 	18.315	139.871	5.739
Hg 	32.928	-0.428	4.667
Tl 	25.455	36.408	5.303
Pb 	32.226	37.43	2.694
Bi 	35.54	44.094	4.603
Po 	36.46	47.203	4.809
Rn 	91.52	0.73	14.805

