# Quantum ESPRESSO with 0.3.1 PAW potentials -- calculations by Emine Kucukbenli

H 17.42131 10.28519 2.775
He 17.68548 0.98328 0.101
Li 20.23868 13.79499 3.279
Be 7.86339 124.29788 3.313
B 7.24347 235.55031 3.212
C 11.62797 209.22173 3.644
N 29.13421 54.21620 3.743
O 19.25778 51.80999 3.998
F 19.30412 34.13435 3.892
Ne 23.28520 3.60673 25.835
Na 37.08232 7.72960 3.675
Mg 22.88271 36.56051 4.048
Al 16.43746 77.51373 4.946
Si 20.41871 88.93774 4.290
P 21.32226 68.91312 4.326
S 17.08679 84.17314 4.391
Cl 38.50371 19.07449 4.212
Ar 50.93585 2.85465 30.955
K 73.86289 3.81905 0.227
Ca 41.94199 17.55183 3.419
Sc 24.59533 55.50824 3.280
Ti 17.41080 110.90888 4.257 
V 13.51741 181.52541 3.781
Cr 11.88121 179.04944 6.298
Mn  11.56139 106.78915 -3.272
Fe 11.36931 199.77832 6.108
Co 10.89105 221.80375 4.772
Ni 10.92454 202.83198 4.938
Cu 12.09346 127.85123 10.132
Zn 15.18210 75.22894 5.426
Ga 20.41631 49.89060 5.112
Ge 23.95587 60.11917 1.339
As 22.63885 68.81854 4.307
Se 29.92170 46.95624 4.493
Br 39.76096 22.22211 4.827
Kr 66.58636 0.68576 2.186
Rb 91.26761 2.75054 2.530
Sr 54.30192 12.09388 3.747
Y 32.89100 41.99345 3.223
Zr 23.46569 93.89028 3.349
Nb 18.19888 168.89182 3.327
Mo 15.80404 259.62998 4.315
Tc 14.44780 299.53214 4.600
Ru 13.78595 312.54189 4.877
Rh 14.12612 257.26406 5.226
Pd 15.39990 168.85100 5.550
Ag 17.95772 88.33418 5.852
Cd  22.84630 43.48633  6.486
In 27.41502 35.65851 5.229
Sn 36.96970 35.46094 4.963
Sb 31.80131 50.73655 4.567
Te  35.12362  44.50574  4.600
I 50.19766 18.72793 5.125
Cs 117.35555 1.98088 2.707
Ba 63.44648 9.03233 4.305
Hf 22.50211 107.15708 3.253
Ta 18.18723 198.24772 4.180
W 16.21792 302.54789 4.014
Re 14.90006  364.94682 4.470
Ir 14.63471 348.94637 5.159
Os 14.33109 402.27853 4.848
Pt 15.84272 248.04692 5.588
Au 18.13404 136.02640 6.508
Hg 29.27980 8.83168 8.874
Tl 31.34104 27.00735 5.411
Pb 32.04736 38.91928 4.808
Bi 36.91008 42.56608 4.652
Po 37.53931 45.30648 4.855
