# Radial wavefunctions and first derivative.
# Energy units: hartree
# Length units: bohr
#
# State: 3d
# Nodes: 
# Peaks:   109.489393  
   3.74165729E-05    5.53149313E-13    2.46701885E-08
   3.83598792E-05    5.76826840E-13    2.50901804E-08
   3.93269671E-05    6.01258641E-13    2.55197505E-08
   4.03184362E-05    6.26639932E-13    2.59580091E-08
   4.13349012E-05    6.53173460E-13    2.64040353E-08
   4.23769921E-05    6.80930781E-13    2.68578252E-08
   4.34453551E-05    7.09911419E-13    2.73198899E-08
   4.45406526E-05    7.40115165E-13    2.77907618E-08
   4.56635635E-05    7.71588739E-13    2.82706681E-08
   4.68147840E-05    8.04404588E-13    2.87596819E-08
   4.79950279E-05    8.38636922E-13    2.92578894E-08
   4.92050268E-05    8.74347814E-13    2.97654794E-08
   5.04455309E-05    9.11596578E-13    3.02826856E-08
   5.17173092E-05    9.50446119E-13    3.08097450E-08
   5.30211502E-05    9.90967015E-13    3.13468630E-08
   5.43578623E-05    1.03323401E-12    3.18942470E-08
   5.57282741E-05    1.07732462E-12    3.24521149E-08
   5.71332353E-05    1.12331863E-12    3.30206937E-08
   5.85736168E-05    1.17129907E-12    3.36002239E-08
   6.00503117E-05    1.22135294E-12    3.41909495E-08
   6.15642354E-05    1.27357162E-12    3.47931144E-08
   6.31163265E-05    1.32805046E-12    3.54069755E-08
   6.47075473E-05    1.38488912E-12    3.60327929E-08
   6.63388842E-05    1.44419171E-12    3.66708330E-08
   6.80113486E-05    1.50606687E-12    3.73213753E-08
   6.97259774E-05    1.57062835E-12    3.79847003E-08
   7.14838335E-05    1.63799505E-12    3.86610972E-08
   7.32860069E-05    1.70829110E-12    3.93508679E-08
   7.51336146E-05    1.78164649E-12    4.00543146E-08
   7.70278023E-05    1.85819697E-12    4.07717526E-08
   7.89697442E-05    1.93808442E-12    4.15035069E-08
   8.09606443E-05    2.02145741E-12    4.22499045E-08
   8.30017367E-05    2.10847104E-12    4.30112885E-08
   8.50942870E-05    2.19928762E-12    4.37880080E-08
   8.72395924E-05    2.29407698E-12    4.45804181E-08
   8.94389830E-05    2.39301649E-12    4.53888914E-08
   9.16938222E-05    2.49629188E-12    4.62138029E-08
   9.40055079E-05    2.60409739E-12    4.70555397E-08
   9.63754734E-05    2.71663598E-12    4.79145041E-08
   9.88051880E-05    2.83412031E-12    4.87911005E-08
   1.01296158E-04    2.95677260E-12    4.96857510E-08
   1.03849927E-04    3.08482533E-12    5.05988884E-08
   1.06468080E-04    3.21852200E-12    5.15309511E-08
   1.09152238E-04    3.35811704E-12    5.24823982E-08
   1.11904067E-04    3.50387694E-12    5.34536945E-08
   1.14725271E-04    3.65608056E-12    5.44453175E-08
   1.17617601E-04    3.81501947E-12    5.54577641E-08
   1.20582849E-04    3.98099925E-12    5.64915349E-08
   1.23622854E-04    4.15433940E-12    5.75471506E-08
   1.26739500E-04    4.33537439E-12    5.86251461E-08
   1.29934720E-04    4.52445463E-12    5.97260639E-08
   1.33210494E-04    4.72194648E-12    6.08504705E-08
   1.36568853E-04    4.92823388E-12    6.19989402E-08
   1.40011880E-04    5.14371872E-12    6.31720639E-08
   1.43541708E-04    5.36882150E-12    6.43704543E-08
   1.47160527E-04    5.60398305E-12    6.55947305E-08
   1.50870580E-04    5.84966456E-12    6.68455365E-08
   1.54674166E-04    6.10634911E-12    6.81235311E-08
   1.58573644E-04    6.37454290E-12    6.94293860E-08
   1.62571432E-04    6.65477556E-12    7.07638003E-08
   1.66670008E-04    6.94760241E-12    7.21274821E-08
   1.70871912E-04    7.25360483E-12    7.35211630E-08
   1.75179751E-04    7.57339169E-12    7.49455969E-08
   1.79596194E-04    7.90760139E-12    7.64015489E-08
   1.84123979E-04    8.25690209E-12    7.78898147E-08
   1.88765915E-04    8.62199430E-12    7.94112040E-08
   1.93524877E-04    9.00361199E-12    8.09665483E-08
   1.98403818E-04    9.40252376E-12    8.25567079E-08
   2.03405761E-04    9.81953579E-12    8.41825551E-08
   2.08533808E-04    1.02554922E-11    8.58449944E-08
   2.13791137E-04    1.07112781E-11    8.75449504E-08
   2.19181009E-04    1.11878211E-11    8.92833685E-08
   2.24706764E-04    1.16860931E-11    9.10612284E-08
   2.30371829E-04    1.22071133E-11    9.28795239E-08
   2.36179715E-04    1.27519497E-11    9.47392830E-08
   2.42134023E-04    1.33217220E-11    9.66415591E-08
   2.48238445E-04    1.39176044E-11    9.85874275E-08
   2.54496765E-04    1.45408270E-11    1.00578002E-07
   2.60912863E-04    1.51926806E-11    1.02614413E-07
   2.67490717E-04    1.58745178E-11    1.04697829E-07
   2.74234404E-04    1.65877570E-11    1.06829448E-07
   2.81148107E-04    1.73338861E-11    1.09010492E-07
   2.88236109E-04    1.81144644E-11    1.11242225E-07
   2.95502807E-04    1.89311281E-11    1.13525933E-07
   3.02952706E-04    1.97855927E-11    1.15862942E-07
   3.10590423E-04    2.06796570E-11    1.18254612E-07
   3.18420693E-04    2.16152087E-11    1.20702330E-07
   3.26448373E-04    2.25942264E-11    1.23207531E-07
   3.34678437E-04    2.36187867E-11    1.25771674E-07
   3.43115989E-04    2.46910673E-11    1.28396263E-07
   3.51766259E-04    2.58133523E-11    1.31082840E-07
   3.60634611E-04    2.69880388E-11    1.33832979E-07
   3.69726542E-04    2.82176403E-11    1.36648304E-07
   3.79047689E-04    2.95047950E-11    1.39530471E-07
   3.88603830E-04    3.08522699E-11    1.42481182E-07
   3.98400891E-04    3.22629683E-11    1.45502184E-07
   4.08444945E-04    3.37399371E-11    1.48595261E-07
   4.18742218E-04    3.52863721E-11    1.51762250E-07
   4.29299096E-04    3.69056279E-11    1.55005027E-07
   4.40122121E-04    3.86012239E-11    1.58325518E-07
   4.51218006E-04    4.03768530E-11    1.61725698E-07
   4.62593628E-04    4.22363917E-11    1.65207586E-07
   4.74256039E-04    4.41839064E-11    1.68773260E-07
   4.86212471E-04    4.62236663E-11    1.72424841E-07
   4.98470336E-04    4.83601508E-11    1.76164506E-07
   5.11037233E-04    5.05980614E-11    1.79994487E-07
   5.23920952E-04    5.29423330E-11    1.83917066E-07
   5.37129482E-04    5.53981440E-11    1.87934591E-07
   5.50671012E-04    5.79709311E-11    1.92049456E-07
   5.64553935E-04    6.06663994E-11    1.96264121E-07
   5.78786861E-04    6.34905381E-11    2.00581106E-07
   5.93378611E-04    6.64496340E-11    2.05002987E-07
   6.08338233E-04    6.95502849E-11    2.09532413E-07
   6.23675000E-04    7.27994188E-11    2.14172085E-07
   6.39398422E-04    7.62043061E-11    2.18924781E-07
   6.55518245E-04    7.97725803E-11    2.23793340E-07
   6.72044464E-04    8.35122545E-11    2.28780670E-07
   6.88987325E-04    8.74317400E-11    2.33889755E-07
   7.06357330E-04    9.15398687E-11    2.39123643E-07
   7.24165250E-04    9.58459104E-11    2.44485463E-07
   7.42422123E-04    1.00359599E-10    2.49978414E-07
   7.61139269E-04    1.05091152E-10    2.55605774E-07
   7.80328292E-04    1.10051296E-10    2.61370904E-07
   8.00001087E-04    1.15251297E-10    2.67277235E-07
   8.20169852E-04    1.20702976E-10    2.73328293E-07
   8.40847090E-04    1.26418751E-10    2.79527678E-07
   8.62045620E-04    1.32411655E-10    2.85879082E-07
   8.83778585E-04    1.38695373E-10    2.92386284E-07
   9.06059458E-04    1.45284274E-10    2.99053148E-07
   9.28902052E-04    1.52193445E-10    3.05883640E-07
   9.52320529E-04    1.59438726E-10    3.12881809E-07
   9.76329407E-04    1.67036749E-10    3.20051807E-07
   1.00094357E-03    1.75004975E-10    3.27397883E-07
   1.02617828E-03    1.83361740E-10    3.34924382E-07
   1.05204918E-03    1.92126296E-10    3.42635761E-07
   1.07857231E-03    2.01318857E-10    3.50536570E-07
   1.10576411E-03    2.10960647E-10    3.58631475E-07
   1.13364145E-03    2.21073952E-10    3.66925247E-07
   1.16222159E-03    2.31682172E-10    3.75422770E-07
   1.19152227E-03    2.42809876E-10    3.84129043E-07
   1.22156164E-03    2.54482865E-10    3.93049177E-07
   1.25235834E-03    2.66728224E-10    4.02188410E-07
   1.28393145E-03    2.79574398E-10    4.11552095E-07
   1.31630054E-03    2.93051252E-10    4.21145710E-07
   1.34948569E-03    3.07190144E-10    4.30974864E-07
   1.38350747E-03    3.22024001E-10    4.41045290E-07
   1.41838697E-03    3.37587395E-10    4.51362857E-07
   1.45414581E-03    3.53916627E-10    4.61933566E-07
   1.49080617E-03    3.71049814E-10    4.72763558E-07
   1.52839077E-03    3.89026977E-10    4.83859114E-07
   1.56692291E-03    4.07890137E-10    4.95226656E-07
   1.60642648E-03    4.27683416E-10    5.06872757E-07
   1.64692597E-03    4.48453141E-10    5.18804134E-07
   1.68844649E-03    4.70247953E-10    5.31027660E-07
   1.73101378E-03    4.93118923E-10    5.43550361E-07
   1.77465424E-03    5.17119675E-10    5.56379421E-07
   1.81939491E-03    5.42306506E-10    5.69522190E-07
   1.86526353E-03    5.68738531E-10    5.82986175E-07
   1.91228854E-03    5.96477810E-10    5.96779057E-07
   1.96049910E-03    6.25589504E-10    6.10908684E-07
   2.00992509E-03    6.56142023E-10    6.25383080E-07
   2.06059715E-03    6.88207192E-10    6.40210448E-07
   2.11254670E-03    7.21860418E-10    6.55399166E-07
   2.16580595E-03    7.57180864E-10    6.70957803E-07
   2.22040792E-03    7.94251645E-10    6.86895109E-07
   2.27638645E-03    8.33160012E-10    7.03220030E-07
   2.33377625E-03    8.73997568E-10    7.19941703E-07
   2.39261290E-03    9.16860473E-10    7.37069462E-07
   2.45293288E-03    9.61849676E-10    7.54612846E-07
   2.51477357E-03    1.00907115E-09    7.72581592E-07
   2.57817333E-03    1.05863614E-09    7.90985650E-07
   2.64317146E-03    1.11066142E-09    8.09835178E-07
   2.70980825E-03    1.16526956E-09    8.29140552E-07
   2.77812501E-03    1.22258925E-09    8.48912362E-07
   2.84816411E-03    1.28275554E-09    8.69161421E-07
   2.91996895E-03    1.34591020E-09    8.89898770E-07
   2.99358406E-03    1.41220201E-09    9.11135672E-07
   3.06905507E-03    1.48178717E-09    9.32883628E-07
   3.14642878E-03    1.55482959E-09    9.55154369E-07
   3.22575315E-03    1.63150130E-09    9.77959867E-07
   3.30707736E-03    1.71198287E-09    1.00131234E-06
   3.39045183E-03    1.79646378E-09    1.02522423E-06
   3.47592824E-03    1.88514289E-09    1.04970826E-06
   3.56355960E-03    1.97822891E-09    1.07477738E-06
   3.65340022E-03    2.07594082E-09    1.10044480E-06
   3.74550581E-03    2.17850844E-09    1.12672399E-06
   3.83993346E-03    2.28617291E-09    1.15362867E-06
   3.93674172E-03    2.39918726E-09    1.18117284E-06
   4.03599061E-03    2.51781700E-09    1.20937075E-06
   4.13774165E-03    2.64234068E-09    1.23823692E-06
   4.24205793E-03    2.77305058E-09    1.26778616E-06
   4.34900412E-03    2.91025332E-09    1.29803351E-06
   4.45864653E-03    3.05427059E-09    1.32899433E-06
   4.57105312E-03    3.20543988E-09    1.36068424E-06
   4.68629358E-03    3.36411519E-09    1.39311912E-06
   4.80443936E-03    3.53066788E-09    1.42631516E-06
   4.92556370E-03    3.70548750E-09    1.46028881E-06
   5.04974170E-03    3.88898260E-09    1.49505681E-06
   5.17705035E-03    4.08158174E-09    1.53063619E-06
   5.30756856E-03    4.28373434E-09    1.56704425E-06
   5.44137725E-03    4.49591177E-09    1.60429859E-06
   5.57855939E-03    4.71860834E-09    1.64241708E-06
   5.71920001E-03    4.95234238E-09    1.68141789E-06
   5.86338632E-03    5.19765744E-09    1.72131946E-06
   6.01120769E-03    5.45512344E-09    1.76214052E-06
   6.16275578E-03    5.72533791E-09    1.80390008E-06
   6.31812453E-03    6.00892733E-09    1.84661744E-06
   6.47741028E-03    6.30654847E-09    1.89031215E-06
   6.64071176E-03    6.61888982E-09    1.93500408E-06
   6.80813022E-03    6.94667306E-09    1.98071334E-06
   6.97976946E-03    7.29065465E-09    2.02746030E-06
   7.15573588E-03    7.65162743E-09    2.07526564E-06
   7.33613858E-03    8.03042233E-09    2.12415025E-06
   7.52108940E-03    8.42791009E-09    2.17413531E-06
   7.71070299E-03    8.84500320E-09    2.22524224E-06
   7.90509692E-03    9.28265774E-09    2.27749270E-06
   8.10439170E-03    9.74187545E-09    2.33090859E-06
   8.30871089E-03    1.02237058E-08    2.38551202E-06
   8.51818115E-03    1.07292482E-08    2.44132536E-06
   8.73293235E-03    1.12596542E-08    2.49837115E-06
   8.95309762E-03    1.18161301E-08    2.55667216E-06
   9.17881346E-03    1.23999391E-08    2.61625132E-06
   9.41021981E-03    1.30124043E-08    2.67713176E-06
   9.64746013E-03    1.36549108E-08    2.73933676E-06
   9.89068149E-03    1.43289093E-08    2.80288977E-06
   1.01400347E-02    1.50359182E-08    2.86781435E-06
   1.03956743E-02    1.57775274E-08    2.93413419E-06
   1.06577588E-02    1.65554008E-08    3.00187309E-06
   1.09264508E-02    1.73712801E-08    3.07105492E-06
   1.12019167E-02    1.82269881E-08    3.14170361E-06
   1.14843273E-02    1.91244320E-08    3.21384316E-06
   1.17738578E-02    2.00656076E-08    3.28749755E-06
   1.20706876E-02    2.10526026E-08    3.36269079E-06
   1.23750007E-02    2.20876011E-08    3.43944684E-06
   1.26869859E-02    2.31728876E-08    3.51778962E-06
   1.30068365E-02    2.43108511E-08    3.59774296E-06
   1.33347509E-02    2.55039901E-08    3.67933056E-06
   1.36709322E-02    2.67549164E-08    3.76257601E-06
   1.40155890E-02    2.80663613E-08    3.84750269E-06
   1.43689349E-02    2.94411790E-08    3.93413378E-06
   1.47311890E-02    3.08823531E-08    4.02249222E-06
   1.51025759E-02    3.23930013E-08    4.11260063E-06
   1.54833258E-02    3.39763811E-08    4.20448133E-06
   1.58736747E-02    3.56358960E-08    4.29815626E-06
   1.62738646E-02    3.73751006E-08    4.39364694E-06
   1.66841438E-02    3.91977076E-08    4.49097443E-06
   1.71047664E-02    4.11075940E-08    4.59015926E-06
   1.75359933E-02    4.31088071E-08    4.69122142E-06
   1.79780919E-02    4.52055727E-08    4.79418026E-06
   1.84313362E-02    4.74023000E-08    4.89905449E-06
   1.88960071E-02    4.97035915E-08    5.00586204E-06
   1.93723929E-02    5.21142480E-08    5.11462009E-06
   1.98607888E-02    5.46392778E-08    5.22534495E-06
   2.03614976E-02    5.72839050E-08    5.33805198E-06
   2.08748297E-02    6.00535753E-08    5.45275562E-06
   2.14011034E-02    6.29539680E-08    5.56946916E-06
   2.19406449E-02    6.59910010E-08    5.68820483E-06
   2.24937888E-02    6.91708425E-08    5.80897362E-06
   2.30608780E-02    7.24999190E-08    5.93178523E-06
   2.36422640E-02    7.59849232E-08    6.05664801E-06
   2.42383072E-02    7.96328276E-08    6.18356882E-06
   2.48493773E-02    8.34508886E-08    6.31255302E-06
   2.54758530E-02    8.74466624E-08    6.44360432E-06
   2.61181227E-02    9.16280108E-08    6.57672472E-06
   2.67765847E-02    9.60031131E-08    6.71191440E-06
   2.74516471E-02    1.00580479E-07    6.84917162E-06
   2.81437284E-02    1.05368954E-07    6.98849266E-06
   2.88532577E-02    1.10377738E-07    7.12987164E-06
   2.95806749E-02    1.15616388E-07    7.27330051E-06
   3.03264310E-02    1.21094837E-07    7.41876888E-06
   3.10909883E-02    1.26823401E-07    7.56626388E-06
   3.18748208E-02    1.32812789E-07    7.71577022E-06
   3.26784144E-02    1.39074125E-07    7.86726979E-06
   3.35022673E-02    1.45618945E-07    8.02074186E-06
   3.43468904E-02    1.52459221E-07    8.17616272E-06
   3.52128071E-02    1.59607365E-07    8.33350569E-06
   3.61005545E-02    1.67076246E-07    8.49274098E-06
   3.70106827E-02    1.74879204E-07    8.65383547E-06
   3.79437561E-02    1.83030048E-07    8.81675285E-06
   3.89003532E-02    1.91543091E-07    8.98145311E-06
   3.98810670E-02    2.00433140E-07    9.14789277E-06
   4.08865054E-02    2.09715515E-07    9.31602463E-06
   4.19172919E-02    2.19406074E-07    9.48579746E-06
   4.29740655E-02    2.29521194E-07    9.65715634E-06
   4.40574813E-02    2.40077819E-07    9.83004194E-06
   4.51682110E-02    2.51093434E-07    1.00043910E-05
   4.63069432E-02    2.62586107E-07    1.01801357E-05
   4.74743840E-02    2.74574472E-07    1.03572039E-05
   4.86712569E-02    2.87077763E-07    1.05355188E-05
   4.98983042E-02    3.00115800E-07    1.07149991E-05
   5.11562864E-02    3.13709010E-07    1.08955585E-05
   5.24459836E-02    3.27878438E-07    1.10771060E-05
   5.37681951E-02    3.42645732E-07    1.12595457E-05
   5.51237409E-02    3.58033186E-07    1.14427761E-05
   5.65134612E-02    3.74063693E-07    1.16266914E-05
   5.79382177E-02    3.90760811E-07    1.18111798E-05
   5.93988935E-02    4.08148697E-07    1.19961248E-05
   6.08963944E-02    4.26252177E-07    1.21814041E-05
   6.24316486E-02    4.45096683E-07    1.23668904E-05
   6.40056080E-02    4.64708307E-07    1.25524505E-05
   6.56192484E-02    4.85113749E-07    1.27379463E-05
   6.72735702E-02    5.06340341E-07    1.29232339E-05
   6.89695989E-02    5.28416052E-07    1.31081637E-05
   7.07083860E-02    5.51369448E-07    1.32925811E-05
   7.24910096E-02    5.75229683E-07    1.34763260E-05
   7.43185748E-02    6.00026502E-07    1.36592329E-05
   7.61922146E-02    6.25790268E-07    1.38411306E-05
   7.81130905E-02    6.52551867E-07    1.40218430E-05
   8.00823935E-02    6.80342691E-07    1.42011894E-05
   8.21013445E-02    7.09194674E-07    1.43789837E-05
   8.41711951E-02    7.39140304E-07    1.45550343E-05
   8.62932285E-02    7.70212437E-07    1.47291461E-05
   8.84687603E-02    8.02444414E-07    1.49011191E-05
   9.06991393E-02    8.35869958E-07    1.50707491E-05
   9.29857482E-02    8.70523189E-07    1.52378280E-05
   9.53300046E-02    9.06438528E-07    1.54021441E-05
   9.77333619E-02    9.43650684E-07    1.55634822E-05
   1.00197310E-01    9.82194617E-07    1.57216244E-05
   1.02723377E-01    1.02210546E-06    1.58763500E-05
   1.05313128E-01    1.06341852E-06    1.60274362E-05
   1.07968169E-01    1.10616915E-06    1.61746582E-05
   1.10690146E-01    1.15039276E-06    1.63177901E-05
   1.13480746E-01    1.19612471E-06    1.64566050E-05
   1.16341700E-01    1.24340029E-06    1.65908755E-05
   1.19274782E-01    1.29225458E-06    1.67203746E-05
   1.22281809E-01    1.34272244E-06    1.68448757E-05
   1.25364646E-01    1.39483844E-06    1.69641536E-05
   1.28525205E-01    1.44863672E-06    1.70779848E-05
   1.31765443E-01    1.50415100E-06    1.71861479E-05
   1.35087372E-01    1.56141440E-06    1.72884247E-05
   1.38493049E-01    1.62045941E-06    1.73846003E-05
   1.41984586E-01    1.68131774E-06    1.74744644E-05
   1.45564149E-01    1.74402045E-06    1.75578093E-05
   1.49233955E-01    1.80859747E-06    1.76344349E-05
   1.52996281E-01    1.87507783E-06    1.77041452E-05
   1.56853458E-01    1.94348942E-06    1.77667512E-05
   1.60807878E-01    2.01385889E-06    1.78220705E-05
   1.64861993E-01    2.08621154E-06    1.78699286E-05
   1.69018316E-01    2.16057138E-06    1.79101576E-05
   1.73279423E-01    2.23696072E-06    1.79426000E-05
   1.77647957E-01    2.31540023E-06    1.79671076E-05
   1.82126626E-01    2.39590895E-06    1.79835412E-05
   1.86718206E-01    2.47850396E-06    1.79917736E-05
   1.91425544E-01    2.56320040E-06    1.79916889E-05
   1.96251559E-01    2.65001134E-06    1.79831844E-05
   2.01199241E-01    2.73894770E-06    1.79661710E-05
   2.06271660E-01    2.83001809E-06    1.79405747E-05
   2.11471958E-01    2.92322880E-06    1.79063371E-05
   2.16803361E-01    3.01858366E-06    1.78634173E-05
   2.22269174E-01    3.11608405E-06    1.78117919E-05
   2.27872785E-01    3.21572872E-06    1.77514572E-05
   2.33617667E-01    3.31751382E-06    1.76824292E-05
   2.39507384E-01    3.42143284E-06    1.76047449E-05
   2.45545586E-01    3.52747658E-06    1.75184626E-05
   2.51736017E-01    3.63563313E-06    1.74236627E-05
   2.58082514E-01    3.74588788E-06    1.73204478E-05
   2.64589012E-01    3.85822352E-06    1.72089429E-05
   2.71259545E-01    3.97262013E-06    1.70892943E-05
   2.78098248E-01    4.08905502E-06    1.69616715E-05
   2.85109361E-01    4.20750306E-06    1.68262633E-05
   2.92297231E-01    4.32793652E-06    1.66832798E-05
   2.99666313E-01    4.45032523E-06    1.65329495E-05
   3.07221177E-01    4.57463665E-06    1.63755186E-05
   3.14966506E-01    4.70083596E-06    1.62112493E-05
   3.22907102E-01    4.82888612E-06    1.60404182E-05
   3.31047888E-01    4.95874801E-06    1.58633143E-05
   3.39393910E-01    5.09038047E-06    1.56802370E-05
   3.47950344E-01    5.22374047E-06    1.54914939E-05
   3.56722493E-01    5.35878311E-06    1.52973990E-05
   3.65715795E-01    5.49546178E-06    1.50982698E-05
   3.74935828E-01    5.63372819E-06    1.48944262E-05
   3.84388306E-01    5.77353249E-06    1.46861870E-05
   3.94079089E-01    5.91482328E-06    1.44738689E-05
   4.04014186E-01    6.05754770E-06    1.42577842E-05
   4.14199756E-01    6.20165143E-06    1.40382388E-05
   4.24642114E-01    6.34707874E-06    1.38155306E-05
   4.35347733E-01    6.49377248E-06    1.35899485E-05
   4.46323251E-01    6.64167407E-06    1.33617708E-05
   4.57575471E-01    6.79072349E-06    1.31312643E-05
   4.69111370E-01    6.94085922E-06    1.28986839E-05
   4.80938100E-01    7.09201825E-06    1.26642722E-05
   4.93062993E-01    7.24413595E-06    1.24282596E-05
   5.05493566E-01    7.39714605E-06    1.21908642E-05
   5.18237525E-01    7.55098059E-06    1.19522932E-05
   5.31302770E-01    7.70556981E-06    1.17127431E-05
   5.44697403E-01    7.86084216E-06    1.14724013E-05
   5.58429726E-01    8.01672419E-06    1.12314478E-05
   5.72508255E-01    8.17314059E-06    1.09900566E-05
   5.86941715E-01    8.33001414E-06    1.07483977E-05
   6.01739057E-01    8.48726576E-06    1.05066394E-05
   6.16909453E-01    8.64481458E-06    1.02649503E-05
   6.32462309E-01    8.80257805E-06    1.00235018E-05
   6.48407267E-01    8.96047209E-06    9.78246969E-06
   6.64754212E-01    9.11841132E-06    9.54203689E-06
   6.81513278E-01    9.27630928E-06    9.30239475E-06
   6.98694856E-01    9.43407884E-06    9.06374484E-06
   7.16309598E-01    9.59163248E-06    8.82629998E-06
   7.34368423E-01    9.74888284E-06    8.59028488E-06
   7.52882528E-01    9.90574314E-06    8.35593617E-06
   7.71863390E-01    1.00621277E-05    8.12350173E-06
   7.91322778E-01    1.02179527E-05    7.89323922E-06
   8.11272754E-01    1.03731364E-05    7.66541381E-06
   8.31725688E-01    1.05276000E-05    7.44029486E-06
   8.52694259E-01    1.06812682E-05    7.21815175E-06
   8.74191468E-01    1.08340696E-05    6.99924871E-06
   8.96230640E-01    1.09859371E-05    6.78383877E-06
   9.18825441E-01    1.11368080E-05    6.57215686E-06
   9.41989877E-01    1.12866244E-05    6.36441248E-06
   9.65738310E-01    1.14353329E-05    6.16078205E-06
   9.90085463E-01    1.15828844E-05    5.96140151E-06
   1.01504643E+00    1.17292334E-05    5.76635977E-06
   1.04063669E+00    1.18743369E-05    5.57569352E-06
   1.06687210E+00    1.20181540E-05    5.38938444E-06
   1.09376893E+00    1.21606437E-05    5.20735913E-06
   1.12134385E+00    1.23017644E-05    5.02949269E-06
   1.14961396E+00    1.24414716E-05    4.85561599E-06
   1.17859679E+00    1.25797171E-05    4.68552657E-06
   1.20831030E+00    1.27164477E-05    4.51900257E-06
   1.23877292E+00    1.28516044E-05    4.35581865E-06
   1.27000352E+00    1.29851216E-05    4.19576239E-06
   1.30202148E+00    1.31169281E-05    4.03864982E-06
   1.33484664E+00    1.32469468E-05    3.88433863E-06
   1.36849936E+00    1.33750963E-05    3.73273751E-06
   1.40300049E+00    1.35012926E-05    3.58381241E-06
   1.43837142E+00    1.36254505E-05    3.43758770E-06
   1.47463409E+00    1.37474865E-05    3.29414416E-06
   1.51181098E+00    1.38673201E-05    3.15361357E-06
   1.54992513E+00    1.39848772E-05    3.01617102E-06
   1.58900017E+00    1.41000913E-05    2.88202559E-06
   1.62906033E+00    1.42129064E-05    2.75141017E-06
   1.67013044E+00    1.43232784E-05    2.62457128E-06
   1.71223597E+00    1.44311765E-05    2.50175911E-06
   1.75540301E+00    1.45365851E-05    2.38321833E-06
   1.79965834E+00    1.46395043E-05    2.26917997E-06
   1.84502939E+00    1.47399508E-05    2.15985439E-06
   1.89154428E+00    1.48379581E-05    2.05542557E-06
   1.93923185E+00    1.49335766E-05    1.95604662E-06
   1.98812168E+00    1.50268736E-05    1.86183654E-06
   2.03824406E+00    1.51179326E-05    1.77287823E-06
   2.08963007E+00    1.52068526E-05    1.68921744E-06
   2.14231157E+00    1.52937473E-05    1.61086291E-06
   2.19632122E+00    1.53787442E-05    1.53778719E-06
   2.25169250E+00    1.54619831E-05    1.46992836E-06
   2.30845974E+00    1.55436148E-05    1.40719233E-06
   2.36665814E+00    1.56238002E-05    1.34945565E-06
   2.42632377E+00    1.57027083E-05    1.29656880E-06
   2.48749363E+00    1.57805153E-05    1.24835968E-06
   2.55020564E+00    1.58574029E-05    1.20463738E-06
   2.61449867E+00    1.59335571E-05    1.16519601E-06
   2.68041260E+00    1.60091673E-05    1.12981852E-06
   2.74798827E+00    1.60844245E-05    1.09828058E-06
   2.81726759E+00    1.61595211E-05    1.07035415E-06
   2.88829350E+00    1.62346494E-05    1.04581104E-06
   2.96111004E+00    1.63100014E-05    1.02442615E-06
   3.03576235E+00    1.63857682E-05    1.00598046E-06
   3.11229672E+00    1.64621396E-05    9.90263716E-07
   3.19076059E+00    1.65393041E-05    9.77076832E-07
   3.27120260E+00    1.66174491E-05    9.66233940E-07
   3.35367264E+00    1.66967611E-05    9.57564115E-07
   3.43822182E+00    1.67774263E-05    9.50912762E-07
   3.52490256E+00    1.68596314E-05    9.46142701E-07
   3.61376860E+00    1.69435645E-05    9.43134904E-07
   3.70487504E+00    1.70294163E-05    9.41788978E-07
   3.79827835E+00    1.71173815E-05    9.42023325E-07
   3.89403645E+00    1.72076602E-05    9.43775077E-07
   3.99220870E+00    1.73004597E-05    9.46999783E-07
   4.09285596E+00    1.73959966E-05    9.51670877E-07
   4.19604063E+00    1.74944986E-05    9.57778966E-07
   4.30182668E+00    1.75962065E-05    9.65330950E-07
   4.41027970E+00    1.77013772E-05    9.74349005E-07
   4.52146691E+00    1.78102855E-05    9.84869438E-07
   4.63545726E+00    1.79232270E-05    9.96941451E-07
   4.75232141E+00    1.80405207E-05    1.01062585E-06
   4.87213182E+00    1.81625114E-05    1.02599365E-06
   4.99496275E+00    1.82895731E-05    1.04312473E-06
   5.12089037E+00    1.84221116E-05    1.06210639E-06
   5.24999273E+00    1.85605670E-05    1.08303195E-06
   5.38234989E+00    1.87054172E-05    1.10599936E-06
   5.51804389E+00    1.88571806E-05    1.13110987E-06
   5.65715886E+00    1.90164190E-05    1.15846670E-06
   5.79978105E+00    1.91837408E-05    1.18817382E-06
   5.94599888E+00    1.93598034E-05    1.22033477E-06
   6.09590299E+00    1.95453170E-05    1.25505159E-06
   6.24958632E+00    1.97410465E-05    1.29242383E-06
   6.40714416E+00    1.99478153E-05    1.33254765E-06
   6.56867416E+00    2.01665075E-05    1.37551509E-06
   6.73427650E+00    2.03980712E-05    1.42141335E-06
   6.90405381E+00    2.06435210E-05    1.47032432E-06
   7.07811137E+00    2.09039410E-05    1.52232407E-06
   7.25655709E+00    2.11804875E-05    1.57748261E-06
   7.43950158E+00    2.14743921E-05    1.63586366E-06
   7.62705827E+00    2.17869641E-05    1.69752455E-06
   7.81934344E+00    2.21195935E-05    1.76251628E-06
   8.01647630E+00    2.24737543E-05    1.83088355E-06
   8.21857905E+00    2.28510068E-05    1.90266500E-06
   8.42577700E+00    2.32530013E-05    1.97789342E-06
   8.63819861E+00    2.36814806E-05    2.05659609E-06
   8.85597556E+00    2.41382839E-05    2.13879510E-06
   9.07924287E+00    2.46253495E-05    2.22450778E-06
   9.30813895E+00    2.51447189E-05    2.31374702E-06
   9.54280571E+00    2.56985400E-05    2.40652177E-06
   9.78338864E+00    2.62890710E-05    2.50283739E-06
   1.00300369E+01    2.69186847E-05    2.60269606E-06
   1.02829034E+01    2.75898723E-05    2.70609719E-06
   1.05421448E+01    2.83052477E-05    2.81303772E-06
   1.08079220E+01    2.90675525E-05    2.92351251E-06
   1.10803997E+01    2.98796604E-05    3.03751463E-06
   1.13597468E+01    3.07445822E-05    3.15503565E-06
   1.16461365E+01    3.16654710E-05    3.27606589E-06
   1.19397463E+01    3.26456280E-05    3.40059467E-06
   1.22407583E+01    3.36885077E-05    3.52861060E-06
   1.25493591E+01    3.47977238E-05    3.66010178E-06
   1.28657400E+01    3.59770561E-05    3.79505604E-06
   1.31900972E+01    3.72304561E-05    3.93346124E-06
   1.35226317E+01    3.85620545E-05    4.07530551E-06
   1.38635497E+01    3.99761680E-05    4.22057757E-06
   1.42130626E+01    4.14773070E-05    4.36926708E-06
   1.45713870E+01    4.30701837E-05    4.52136504E-06
   1.49387451E+01    4.47597202E-05    4.67686413E-06
   1.53153646E+01    4.65510577E-05    4.83575926E-06
   1.57014791E+01    4.84495661E-05    4.99804800E-06
   1.60973278E+01    5.04608540E-05    5.16373117E-06
   1.65031563E+01    5.25907796E-05    5.33281337E-06
   1.69192161E+01    5.48454625E-05    5.50530351E-06
   1.73457651E+01    5.72312956E-05    5.68121559E-06
   1.77830678E+01    5.97549595E-05    5.86056888E-06
   1.82313954E+01    6.24234357E-05    6.04338993E-06
   1.86910257E+01    6.52440223E-05    6.22970749E-06
   1.91622436E+01    6.82243529E-05    6.41957686E-06
   1.96453415E+01    7.13724027E-05    6.61298082E-06
   2.01406186E+01    7.46965570E-05    6.81024374E-06
   2.06483822E+01    7.82054185E-05    7.01031311E-06
   2.11689469E+01    8.19090477E-05    7.22087047E-06
   2.17026356E+01    8.58217341E-05    7.44119961E-06
   2.22497791E+01    8.99537287E-05    7.66216606E-06
   2.28107165E+01    9.43146252E-05    7.88592494E-06
   2.33857957E+01    9.89148802E-05    8.11230984E-06
   2.39753732E+01    1.03765494E-04    8.34182234E-06
   2.45798144E+01    1.08878140E-04    8.57474104E-06
   2.51994942E+01    1.14265162E-04    8.81139080E-06
   2.58347967E+01    1.19939607E-04    9.05206462E-06
   2.64861157E+01    1.25915260E-04    9.29704921E-06
   2.71538551E+01    1.32206673E-04    9.54661942E-06
   2.78384288E+01    1.38829200E-04    9.80104171E-06
   2.85402613E+01    1.45799035E-04    1.00605748E-05
   2.92597876E+01    1.53133250E-04    1.03254712E-05
   2.99974538E+01    1.60849834E-04    1.05959778E-05
   3.07537172E+01    1.68967743E-04    1.08723372E-05
   3.15290468E+01    1.77506937E-04    1.11547888E-05
   3.23239231E+01    1.86488436E-04    1.14435689E-05
   3.31388390E+01    1.95934368E-04    1.17389122E-05
   3.39742997E+01    2.05868023E-04    1.20410521E-05
   3.48308231E+01    2.16313910E-04    1.23502214E-05
   3.57089403E+01    2.27297820E-04    1.26666531E-05
   3.66091956E+01    2.38846885E-04    1.29905807E-05
   3.75321471E+01    2.50989645E-04    1.33222386E-05
   3.84783671E+01    2.63756123E-04    1.36618632E-05
   3.94484422E+01    2.77177894E-04    1.40096925E-05
   4.04429738E+01    2.91288164E-04    1.43659673E-05
   4.14625785E+01    3.06121854E-04    1.47309312E-05
   4.25078883E+01    3.21715683E-04    1.51048309E-05
   4.35795513E+01    3.38108262E-04    1.54879167E-05
   4.46782320E+01    3.55340186E-04    1.58804429E-05
   4.58046114E+01    3.73454136E-04    1.62826682E-05
   4.69593879E+01    3.92494986E-04    1.66948555E-05
   4.81432773E+01    4.12509913E-04    1.71172729E-05
   4.93570137E+01    4.33548509E-04    1.75501935E-05
   5.06013496E+01    4.55662914E-04    1.79938959E-05
   5.18770562E+01    4.78907935E-04    1.84486644E-05
   5.31849246E+01    5.03341186E-04    1.89147892E-05
   5.45257656E+01    5.29023233E-04    1.93925670E-05
   5.59004104E+01    5.56017739E-04    1.98823005E-05
   5.73097113E+01    5.84391625E-04    2.03842997E-05
   5.87545419E+01    6.14215236E-04    2.08988814E-05
   6.02357981E+01    6.45562513E-04    2.14263694E-05
   6.17543981E+01    6.78511178E-04    2.19670955E-05
   6.33112834E+01    7.13142926E-04    2.25213991E-05
   6.49074192E+01    7.49543629E-04    2.30896272E-05
   6.65437950E+01    7.87803545E-04    2.36721357E-05
   6.82214255E+01    8.28017546E-04    2.42692887E-05
   6.99413505E+01    8.70285351E-04    2.48814591E-05
   7.17046364E+01    9.14711775E-04    2.55090288E-05
   7.35123764E+01    9.61406984E-04    2.61523890E-05
   7.53656911E+01    1.01048678E-03    2.68119409E-05
   7.72657297E+01    1.06207286E-03    2.74880949E-05
   7.92136699E+01    1.11629316E-03    2.81812717E-05
   8.12107196E+01    1.17328215E-03    2.88919025E-05
   8.32581167E+01    1.23318114E-03    2.96204292E-05
   8.53571305E+01    1.29613869E-03    3.03673047E-05
   8.75090625E+01    1.36231092E-03    3.11329929E-05
   8.97152466E+01    1.43186194E-03    3.19179692E-05
   9.19770507E+01    1.50496423E-03    3.27227220E-05
   9.42958769E+01    1.58179908E-03    3.35477470E-05
   9.66731629E+01    1.66255705E-03    3.43935722E-05
   9.91103824E+01    1.74743839E-03    3.52606565E-05
   1.01609046E+02    1.83665375E-03    3.61498141E-05
   1.04170704E+02    1.93042367E-03    3.70604418E-05
   1.06796944E+02    2.02898352E-03    3.79950294E-05
   1.09489393E+02    2.13256521E-03    3.89427102E-05
   1.12249722E+02    1.97900232E-03   -5.28910618E-05
