# 
# Energy units: hartree
# Length units: bohr
#
# -----------------------------------
# |       r       |       w(r)      |
# -----------------------------------
   3.74165729E-05    1.44662995E-10
   3.83598792E-05    1.52049116E-10
   3.93269671E-05    1.59812354E-10
   4.03184362E-05    1.67971963E-10
   4.13349012E-05    1.76548180E-10
   4.23769921E-05    1.85562277E-10
   4.34453551E-05    1.95036611E-10
   4.45406526E-05    2.04994680E-10
   4.56635635E-05    2.15461182E-10
   4.68147840E-05    2.26462077E-10
   4.79950279E-05    2.38024650E-10
   4.92050268E-05    2.50177578E-10
   5.04455309E-05    2.62951003E-10
   5.17173092E-05    2.76376606E-10
   5.30211502E-05    2.90487687E-10
   5.43578623E-05    3.05319242E-10
   5.57282741E-05    3.20908059E-10
   5.71332353E-05    3.37292802E-10
   5.85736168E-05    3.54514106E-10
   6.00503117E-05    3.72614687E-10
   6.15642354E-05    3.91639437E-10
   6.31163265E-05    4.11635541E-10
   6.47075473E-05    4.32652596E-10
   6.63388842E-05    4.54742727E-10
   6.80113486E-05    4.77960724E-10
   6.97259774E-05    5.02364172E-10
   7.14838335E-05    5.28013597E-10
   7.32860069E-05    5.54972616E-10
   7.51336146E-05    5.83308094E-10
   7.70278023E-05    6.13090308E-10
   7.89697442E-05    6.44393126E-10
   8.09606443E-05    6.77294185E-10
   8.30017367E-05    7.11875088E-10
   8.50942870E-05    7.48221603E-10
   8.72395924E-05    7.86423878E-10
   8.94389830E-05    8.26576663E-10
   9.16938222E-05    8.68779546E-10
   9.40055079E-05    9.13137200E-10
   9.63754734E-05    9.59759642E-10
   9.88051880E-05    1.00876251E-09
   1.01296158E-04    1.06026733E-09
   1.03849927E-04    1.11440186E-09
   1.06468080E-04    1.17130036E-09
   1.09152238E-04    1.23110395E-09
   1.11904067E-04    1.29396096E-09
   1.14725271E-04    1.36002728E-09
   1.17617601E-04    1.42946678E-09
   1.20582849E-04    1.50245169E-09
   1.23622854E-04    1.57916301E-09
   1.26739500E-04    1.65979102E-09
   1.29934720E-04    1.74453569E-09
   1.33210494E-04    1.83360721E-09
   1.36568853E-04    1.92722648E-09
   1.40011880E-04    2.02562572E-09
   1.43541708E-04    2.12904897E-09
   1.47160527E-04    2.23775274E-09
   1.50870580E-04    2.35200665E-09
   1.54674166E-04    2.47209408E-09
   1.58573644E-04    2.59831285E-09
   1.62571432E-04    2.73097604E-09
   1.66670008E-04    2.87041266E-09
   1.70871912E-04    3.01696856E-09
   1.75179751E-04    3.17100723E-09
   1.79596194E-04    3.33291071E-09
   1.84123979E-04    3.50308058E-09
   1.88765915E-04    3.68193887E-09
   1.93524877E-04    3.86992922E-09
   1.98403818E-04    4.06751786E-09
   2.03405761E-04    4.27519488E-09
   2.08533808E-04    4.49347535E-09
   2.13791137E-04    4.72290066E-09
   2.19181009E-04    4.96403983E-09
   2.24706764E-04    5.21749095E-09
   2.30371829E-04    5.48388263E-09
   2.36179715E-04    5.76387559E-09
   2.42134023E-04    6.05816427E-09
   2.48238445E-04    6.36747857E-09
   2.54496765E-04    6.69258566E-09
   2.60912863E-04    7.03429189E-09
   2.67490717E-04    7.39344475E-09
   2.74234404E-04    7.77093503E-09
   2.81148107E-04    8.16769900E-09
   2.88236109E-04    8.58472071E-09
   2.95502807E-04    9.02303448E-09
   3.02952706E-04    9.48372741E-09
   3.10590423E-04    9.96794214E-09
   3.18420693E-04    1.04768796E-08
   3.26448373E-04    1.10118022E-08
   3.34678437E-04    1.15740364E-08
   3.43115989E-04    1.21649770E-08
   3.51766259E-04    1.27860894E-08
   3.60634611E-04    1.34389142E-08
   3.69726542E-04    1.41250706E-08
   3.79047689E-04    1.48462603E-08
   3.88603830E-04    1.56042721E-08
   3.98400891E-04    1.64009861E-08
   4.08444945E-04    1.72383782E-08
   4.18742218E-04    1.81185253E-08
   4.29299096E-04    1.90436105E-08
   4.40122121E-04    2.00159282E-08
   4.51218006E-04    2.10378899E-08
   4.62593628E-04    2.21120303E-08
   4.74256039E-04    2.32410135E-08
   4.86212471E-04    2.44276397E-08
   4.98470336E-04    2.56748519E-08
   5.11037233E-04    2.69857436E-08
   5.23920952E-04    2.83635659E-08
   5.37129482E-04    2.98117363E-08
   5.50671012E-04    3.13338465E-08
   5.64553935E-04    3.29336717E-08
   5.78786861E-04    3.46151798E-08
   5.93378611E-04    3.63825414E-08
   6.08338233E-04    3.82401397E-08
   6.23675000E-04    4.01925823E-08
   6.39398422E-04    4.22447114E-08
   6.55518245E-04    4.44016168E-08
   6.72044464E-04    4.66686482E-08
   6.88987325E-04    4.90514283E-08
   7.06357330E-04    5.15558669E-08
   7.24165250E-04    5.41881755E-08
   7.42422123E-04    5.69548829E-08
   7.61139269E-04    5.98628510E-08
   7.80328292E-04    6.29192924E-08
   8.00001087E-04    6.61317875E-08
   8.20169852E-04    6.95083042E-08
   8.40847090E-04    7.30572169E-08
   8.62045620E-04    7.67873276E-08
   8.83778585E-04    8.07078878E-08
   9.06059458E-04    8.48286214E-08
   9.28902052E-04    8.91597487E-08
   9.52320529E-04    9.37120118E-08
   9.76329407E-04    9.84967012E-08
   1.00094357E-03    1.03525684E-07
   1.02617828E-03    1.08811433E-07
   1.05204918E-03    1.14367058E-07
   1.07857231E-03    1.20206339E-07
   1.10576411E-03    1.26343757E-07
   1.13364145E-03    1.32794535E-07
   1.16222159E-03    1.39574672E-07
   1.19152227E-03    1.46700985E-07
   1.22156164E-03    1.54191147E-07
   1.25235834E-03    1.62063737E-07
   1.28393145E-03    1.70338279E-07
   1.31630054E-03    1.79035296E-07
   1.34948569E-03    1.88176359E-07
   1.38350747E-03    1.97784139E-07
   1.41838697E-03    2.07882465E-07
   1.45414581E-03    2.18496384E-07
   1.49080617E-03    2.29652219E-07
   1.52839077E-03    2.41377639E-07
   1.56692291E-03    2.53701725E-07
   1.60642648E-03    2.66655044E-07
   1.64692597E-03    2.80269722E-07
   1.68844649E-03    2.94579526E-07
   1.73101378E-03    3.09619946E-07
   1.77465424E-03    3.25428286E-07
   1.81939491E-03    3.42043754E-07
   1.86526353E-03    3.59507557E-07
   1.91228854E-03    3.77863009E-07
   1.96049910E-03    3.97155635E-07
   2.00992509E-03    4.17433284E-07
   2.06059715E-03    4.38746247E-07
   2.11254670E-03    4.61147384E-07
   2.16580595E-03    4.84692253E-07
   2.22040792E-03    5.09439248E-07
   2.27638645E-03    5.35449746E-07
   2.33377625E-03    5.62788256E-07
   2.39261290E-03    5.91522581E-07
   2.45293288E-03    6.21723985E-07
   2.51477357E-03    6.53467373E-07
   2.57817333E-03    6.86831471E-07
   2.64317146E-03    7.21899026E-07
   2.70980825E-03    7.58757008E-07
   2.77812501E-03    7.97496830E-07
   2.84816411E-03    8.38214569E-07
   2.91996895E-03    8.81011209E-07
   2.99358406E-03    9.25992888E-07
   3.06905507E-03    9.73271164E-07
   3.14642878E-03    1.02296329E-06
   3.22575315E-03    1.07519250E-06
   3.30707736E-03    1.13008834E-06
   3.39045183E-03    1.18778693E-06
   3.47592824E-03    1.24843138E-06
   3.56355960E-03    1.31217209E-06
   3.65340022E-03    1.37916712E-06
   3.74550581E-03    1.44958264E-06
   3.83993346E-03    1.52359325E-06
   3.93674172E-03    1.60138252E-06
   4.03599061E-03    1.68314334E-06
   4.13774165E-03    1.76907849E-06
   4.24205793E-03    1.85940107E-06
   4.34900412E-03    1.95433506E-06
   4.45864653E-03    2.05411591E-06
   4.57105312E-03    2.15899104E-06
   4.68629358E-03    2.26922053E-06
   4.80443936E-03    2.38507772E-06
   4.92556370E-03    2.50684992E-06
   5.04974170E-03    2.63483909E-06
   5.17705035E-03    2.76936261E-06
   5.30756856E-03    2.91075406E-06
   5.44137725E-03    3.05936403E-06
   5.57855939E-03    3.21556104E-06
   5.71920001E-03    3.37973238E-06
   5.86338632E-03    3.55228513E-06
   6.01120769E-03    3.73364714E-06
   6.16275578E-03    3.92426809E-06
   6.31812453E-03    4.12462061E-06
   6.47741028E-03    4.33520147E-06
   6.64071176E-03    4.55653275E-06
   6.80813022E-03    4.78916320E-06
   6.97976946E-03    5.03366957E-06
   7.15573588E-03    5.29065803E-06
   7.33613858E-03    5.56076569E-06
   7.52108940E-03    5.84466214E-06
   7.71070299E-03    6.14305115E-06
   7.90509692E-03    6.45667240E-06
   8.10439170E-03    6.78630329E-06
   8.30871089E-03    7.13276087E-06
   8.51818115E-03    7.49690388E-06
   8.73293235E-03    7.87963484E-06
   8.95309762E-03    8.28190230E-06
   9.17881346E-03    8.70470320E-06
   9.41021981E-03    9.14908527E-06
   9.64746013E-03    9.61614971E-06
   9.89068149E-03    1.01070538E-05
   1.01400347E-02    1.06230139E-05
   1.03956743E-02    1.11653082E-05
   1.06577588E-02    1.17352802E-05
   1.09264508E-02    1.23343418E-05
   1.12019167E-02    1.29639767E-05
   1.14843273E-02    1.36257444E-05
   1.17738578E-02    1.43212836E-05
   1.20706876E-02    1.50523166E-05
   1.23750007E-02    1.58206532E-05
   1.26869859E-02    1.66281955E-05
   1.30068365E-02    1.74769421E-05
   1.33347509E-02    1.83689936E-05
   1.36709322E-02    1.93065571E-05
   1.40155890E-02    2.02919521E-05
   1.43689349E-02    2.13276157E-05
   1.47311890E-02    2.24161089E-05
   1.51025759E-02    2.35601229E-05
   1.54833258E-02    2.47624852E-05
   1.58736747E-02    2.60261666E-05
   1.62738646E-02    2.73542888E-05
   1.66841438E-02    2.87501312E-05
   1.71047664E-02    3.02171396E-05
   1.75359933E-02    3.17589337E-05
   1.79780919E-02    3.33793163E-05
   1.84313362E-02    3.50822819E-05
   1.88960071E-02    3.68720268E-05
   1.93723929E-02    3.87529584E-05
   1.98607888E-02    4.07297059E-05
   2.03614976E-02    4.28071310E-05
   2.08748297E-02    4.49903394E-05
   2.14011034E-02    4.72846922E-05
   2.19406449E-02    4.96958186E-05
   2.24937888E-02    5.22296288E-05
   2.30608780E-02    5.48923269E-05
   2.36422640E-02    5.76904250E-05
   2.42383072E-02    6.06307577E-05
   2.48493773E-02    6.37204970E-05
   2.54758530E-02    6.69671677E-05
   2.61181227E-02    7.03786634E-05
   2.67765847E-02    7.39632631E-05
   2.74516471E-02    7.77296479E-05
   2.81437284E-02    8.16869189E-05
   2.88532577E-02    8.58446147E-05
   2.95806749E-02    9.02127295E-05
   3.03264310E-02    9.48017318E-05
   3.10909883E-02    9.96225831E-05
   3.18748208E-02    1.04686757E-04
   3.26784144E-02    1.10006256E-04
   3.35022673E-02    1.15593633E-04
   3.43468904E-02    1.21462007E-04
   3.52128071E-02    1.27625083E-04
   3.61005545E-02    1.34097165E-04
   3.70106827E-02    1.40893176E-04
   3.79437561E-02    1.48028667E-04
   3.89003532E-02    1.55519833E-04
   3.98810670E-02    1.63383519E-04
   4.08865054E-02    1.71637229E-04
   4.19172919E-02    1.80299123E-04
   4.29740655E-02    1.89388021E-04
   4.40574813E-02    1.98923388E-04
   4.51682110E-02    2.08925319E-04
   4.63069432E-02    2.19414521E-04
   4.74743840E-02    2.30412268E-04
   4.86712569E-02    2.41940363E-04
   4.98983042E-02    2.54021075E-04
   5.11562864E-02    2.66677058E-04
   5.24459836E-02    2.79931258E-04
   5.37681951E-02    2.93806790E-04
   5.51237409E-02    3.08326792E-04
   5.65134612E-02    3.23514239E-04
   5.79382177E-02    3.39391734E-04
   5.93988935E-02    3.55981239E-04
   6.08963944E-02    3.73303766E-04
   6.24316486E-02    3.91379004E-04
   6.40056080E-02    4.10224876E-04
   6.56192484E-02    4.29857019E-04
   6.72735702E-02    4.50288165E-04
   6.89695989E-02    4.71527416E-04
   7.07083860E-02    4.93579395E-04
   7.24910096E-02    5.16443243E-04
   7.43185748E-02    5.40111453E-04
   7.61922146E-02    5.64568508E-04
   7.81130905E-02    5.89789281E-04
   8.00823935E-02    6.15737188E-04
   8.21013445E-02    6.42362021E-04
   8.41711951E-02    6.69597443E-04
   8.62932285E-02    6.97358069E-04
   8.84687603E-02    7.25536085E-04
   9.06991393E-02    7.53997325E-04
   9.29857482E-02    7.82576733E-04
   9.53300046E-02    8.11073106E-04
   9.77333619E-02    8.39243017E-04
   1.00197310E-01    8.66793801E-04
   1.02723377E-01    8.93375450E-04
   1.05313128E-01    9.18571266E-04
   1.07968169E-01    9.41887095E-04
   1.10690146E-01    9.62738918E-04
   1.13480746E-01    9.80438583E-04
   1.16341700E-01    9.94177391E-04
   1.19274782E-01    1.00300725E-03
   1.22281809E-01    1.00581901E-03
   1.25364646E-01    1.00131771E-03
   1.28525205E-01    9.87994060E-04
   1.31765443E-01    9.64091968E-04
   1.35087372E-01    9.27571294E-04
   1.38493049E-01    8.76065349E-04
   1.41984586E-01    8.06832395E-04
   1.45564149E-01    7.16700376E-04
   1.49233955E-01    6.02004000E-04
   1.52996281E-01    4.58513234E-04
   1.56853458E-01    2.81352128E-04
   1.60807878E-01    6.49068228E-05
   1.64861993E-01   -1.97278550E-04
   1.69018316E-01   -5.12619447E-04
   1.73279423E-01   -8.89623481E-04
   1.77647957E-01   -1.33803958E-03
   1.82126626E-01   -1.86902543E-03
   1.86718206E-01   -2.49533507E-03
   1.91425544E-01   -3.23152839E-03
   1.96251559E-01   -4.09420457E-03
   2.01199241E-01   -5.10226130E-03
   2.06271660E-01   -6.27718172E-03
   2.11471958E-01   -7.64335079E-03
   2.16803361E-01   -9.22840276E-03
   2.22269174E-01   -1.10636009E-02
   2.27872785E-01   -1.31842507E-02
   2.33617667E-01   -1.56301458E-02
   2.39507384E-01   -1.84460483E-02
   2.45545586E-01   -2.16821992E-02
   2.51736017E-01   -2.53948583E-02
   2.58082514E-01   -2.96468691E-02
   2.64589012E-01   -3.45082406E-02
   2.71259545E-01   -4.00567404E-02
   2.78098248E-01   -4.63784853E-02
   2.85109361E-01   -5.35685162E-02
   2.92297231E-01   -6.17313383E-02
   2.99666313E-01   -7.09814055E-02
   3.07221177E-01   -8.14435200E-02
   3.14966506E-01   -9.32531161E-02
   3.22907102E-01   -1.06556390E-01
   3.31047888E-01   -1.21510231E-01
   3.39393910E-01   -1.38281909E-01
   3.47950344E-01   -1.57048458E-01
   3.56722493E-01   -1.77995698E-01
   3.65715795E-01   -2.01316842E-01
   3.74935828E-01   -2.27210608E-01
   3.84388306E-01   -2.55878788E-01
   3.94079089E-01   -2.87523211E-01
   4.04014186E-01   -3.22342055E-01
   4.14199756E-01   -3.60525471E-01
   4.24642114E-01   -4.02250513E-01
   4.35347733E-01   -4.47675394E-01
   4.46323251E-01   -4.96933115E-01
   4.57575471E-01   -5.50124576E-01
   4.69111370E-01   -6.07311310E-01
   4.80938100E-01   -6.68508053E-01
   4.93062993E-01   -7.33675393E-01
   5.05493566E-01   -8.02712820E-01
   5.18237525E-01   -8.75452499E-01
   5.31302770E-01   -9.51654113E-01
   5.44697403E-01   -1.03100110E+00
   5.58429726E-01   -1.11309850E+00
   5.72508255E-01   -1.19747244E+00
   5.86941715E-01   -1.28357122E+00
   6.01739057E-01   -1.37076734E+00
   6.16909453E-01   -1.45835966E+00
   6.32462309E-01   -1.54557433E+00
   6.48407267E-01   -1.63156257E+00
   6.64754212E-01   -1.71539298E+00
   6.81513278E-01   -1.79603590E+00
   6.98694856E-01   -1.87233726E+00
   7.16309598E-01   -1.94298031E+00
   7.34368423E-01   -2.00643465E+00
   7.52882528E-01   -2.06089516E+00
   7.71863390E-01   -2.10421656E+00
   7.91322778E-01   -2.13385513E+00
   8.11272754E-01   -2.14683497E+00
   8.31725688E-01   -2.13976354E+00
   8.52694259E-01   -2.10892752E+00
   8.74191468E-01   -2.05050416E+00
   8.96230640E-01   -1.96092263E+00
   9.18825441E-01   -1.83739998E+00
   9.41989877E-01   -1.67865492E+00
   9.65738310E-01   -1.48576328E+00
   9.90085463E-01   -1.26306228E+00
   1.01504643E+00   -1.01893421E+00
   1.04063669E+00   -7.66212329E-01
   1.06687210E+00   -5.21863461E-01
   1.09376893E+00   -3.05531996E-01
   1.12134385E+00   -1.36493619E-01
   1.14961396E+00   -2.85588654E-02
   1.17859679E+00    1.75716688E-02
   1.20831030E+00    2.49390756E-02
   1.23877292E+00    2.57414735E-02
   1.27000352E+00    2.40924826E-02
   1.30202148E+00    2.04211263E-02
   1.33484664E+00    1.54032749E-02
   1.36849936E+00    9.93316235E-03
   1.40300049E+00    5.02569338E-03
   1.43837142E+00    1.60752914E-03
   1.47463409E+00    1.38525034E-04
   1.51181098E+00    0.00000000E+00
   1.54992513E+00    0.00000000E+00
   1.58900017E+00    0.00000000E+00
   1.62906033E+00    0.00000000E+00
   1.67013044E+00    0.00000000E+00
   1.71223597E+00    0.00000000E+00
   1.75540301E+00    0.00000000E+00
   1.79965834E+00    0.00000000E+00
   1.84502939E+00    0.00000000E+00
   1.89154428E+00    0.00000000E+00
   1.93923185E+00    0.00000000E+00
   1.98812168E+00    0.00000000E+00
   2.03824406E+00    0.00000000E+00
   2.08963007E+00    0.00000000E+00
   2.14231157E+00    0.00000000E+00
   2.19632122E+00    0.00000000E+00
   2.25169250E+00    0.00000000E+00
   2.30845974E+00    0.00000000E+00
   2.36665814E+00    0.00000000E+00
   2.42632377E+00    0.00000000E+00
   2.48749363E+00    0.00000000E+00
   2.55020564E+00    0.00000000E+00
   2.61449867E+00    0.00000000E+00
   2.68041260E+00    0.00000000E+00
   2.74798827E+00    0.00000000E+00
   2.81726759E+00    0.00000000E+00
   2.88829350E+00    0.00000000E+00
   2.96111004E+00    0.00000000E+00
   3.03576235E+00    0.00000000E+00
   3.11229672E+00    0.00000000E+00
   3.19076059E+00    0.00000000E+00
   3.27120260E+00    0.00000000E+00
   3.35367264E+00    0.00000000E+00
   3.43822182E+00    0.00000000E+00
   3.52490256E+00    0.00000000E+00
   3.61376860E+00    0.00000000E+00
   3.70487504E+00    0.00000000E+00
   3.79827835E+00    0.00000000E+00
   3.89403645E+00    0.00000000E+00
   3.99220870E+00    0.00000000E+00
   4.09285596E+00    0.00000000E+00
   4.19604063E+00    0.00000000E+00
   4.30182668E+00    0.00000000E+00
   4.41027970E+00    0.00000000E+00
   4.52146691E+00    0.00000000E+00
   4.63545726E+00    0.00000000E+00
   4.75232141E+00    0.00000000E+00
   4.87213182E+00    0.00000000E+00
   4.99496275E+00    0.00000000E+00
   5.12089037E+00    0.00000000E+00
   5.24999273E+00    0.00000000E+00
   5.38234989E+00    0.00000000E+00
   5.51804389E+00    0.00000000E+00
   5.65715886E+00    0.00000000E+00
   5.79978105E+00    0.00000000E+00
   5.94599888E+00    0.00000000E+00
   6.09590299E+00    0.00000000E+00
   6.24958632E+00    0.00000000E+00
   6.40714416E+00    0.00000000E+00
   6.56867416E+00    0.00000000E+00
   6.73427650E+00    0.00000000E+00
   6.90405381E+00    0.00000000E+00
   7.07811137E+00    0.00000000E+00
   7.25655709E+00    0.00000000E+00
   7.43950158E+00    0.00000000E+00
   7.62705827E+00    0.00000000E+00
   7.81934344E+00    0.00000000E+00
   8.01647630E+00    0.00000000E+00
   8.21857905E+00    0.00000000E+00
   8.42577700E+00    0.00000000E+00
   8.63819861E+00    0.00000000E+00
   8.85597556E+00    0.00000000E+00
   9.07924287E+00    0.00000000E+00
   9.30813895E+00    0.00000000E+00
   9.54280571E+00    0.00000000E+00
   9.78338864E+00    0.00000000E+00
   1.00300369E+01    0.00000000E+00
   1.02829034E+01    0.00000000E+00
   1.05421448E+01    0.00000000E+00
   1.08079220E+01    0.00000000E+00
   1.10803997E+01    0.00000000E+00
   1.13597468E+01    0.00000000E+00
   1.16461365E+01    0.00000000E+00
   1.19397463E+01    0.00000000E+00
   1.22407583E+01    0.00000000E+00
   1.25493591E+01    0.00000000E+00
   1.28657400E+01    0.00000000E+00
   1.31900972E+01    0.00000000E+00
   1.35226317E+01    0.00000000E+00
   1.38635497E+01    0.00000000E+00
   1.42130626E+01    0.00000000E+00
   1.45713870E+01    0.00000000E+00
   1.49387451E+01    0.00000000E+00
   1.53153646E+01    0.00000000E+00
   1.57014791E+01    0.00000000E+00
   1.60973278E+01    0.00000000E+00
   1.65031563E+01    0.00000000E+00
   1.69192161E+01    0.00000000E+00
   1.73457651E+01    0.00000000E+00
   1.77830678E+01    0.00000000E+00
   1.82313954E+01    0.00000000E+00
   1.86910257E+01    0.00000000E+00
   1.91622436E+01    0.00000000E+00
   1.96453415E+01    0.00000000E+00
   2.01406186E+01    0.00000000E+00
   2.06483822E+01    0.00000000E+00
   2.11689469E+01    0.00000000E+00
   2.17026356E+01    0.00000000E+00
   2.22497791E+01    0.00000000E+00
   2.28107165E+01    0.00000000E+00
   2.33857957E+01    0.00000000E+00
   2.39753732E+01    0.00000000E+00
   2.45798144E+01    0.00000000E+00
   2.51994942E+01    0.00000000E+00
   2.58347967E+01    0.00000000E+00
   2.64861157E+01    0.00000000E+00
   2.71538551E+01    0.00000000E+00
   2.78384288E+01    0.00000000E+00
   2.85402613E+01    0.00000000E+00
   2.92597876E+01    0.00000000E+00
   2.99974538E+01    0.00000000E+00
   3.07537172E+01    0.00000000E+00
   3.15290468E+01    0.00000000E+00
   3.23239231E+01    0.00000000E+00
   3.31388390E+01    0.00000000E+00
   3.39742997E+01    0.00000000E+00
   3.48308231E+01    0.00000000E+00
   3.57089403E+01    0.00000000E+00
   3.66091956E+01    0.00000000E+00
   3.75321471E+01    0.00000000E+00
   3.84783671E+01    0.00000000E+00
   3.94484422E+01    0.00000000E+00
   4.04429738E+01    0.00000000E+00
   4.14625785E+01    0.00000000E+00
   4.25078883E+01    0.00000000E+00
   4.35795513E+01    0.00000000E+00
   4.46782320E+01    0.00000000E+00
   4.58046114E+01    0.00000000E+00
   4.69593879E+01    0.00000000E+00
   4.81432773E+01    0.00000000E+00
   4.93570137E+01    0.00000000E+00
   5.06013496E+01    0.00000000E+00
   5.18770562E+01    0.00000000E+00
   5.31849246E+01    0.00000000E+00
   5.45257656E+01    0.00000000E+00
   5.59004104E+01    0.00000000E+00
   5.73097113E+01    0.00000000E+00
   5.87545419E+01    0.00000000E+00
   6.02357981E+01    0.00000000E+00
   6.17543981E+01    0.00000000E+00
   6.33112834E+01    0.00000000E+00
   6.49074192E+01    0.00000000E+00
   6.65437950E+01    0.00000000E+00
   6.82214255E+01    0.00000000E+00
   6.99413505E+01    0.00000000E+00
   7.17046364E+01    0.00000000E+00
   7.35123764E+01    0.00000000E+00
   7.53656911E+01    0.00000000E+00
   7.72657297E+01    0.00000000E+00
   7.92136699E+01    0.00000000E+00
   8.12107196E+01    0.00000000E+00
   8.32581167E+01    0.00000000E+00
   8.53571305E+01    0.00000000E+00
   8.75090625E+01    0.00000000E+00
   8.97152466E+01    0.00000000E+00
   9.19770507E+01    0.00000000E+00
   9.42958769E+01    0.00000000E+00
   9.66731629E+01    0.00000000E+00
   9.91103824E+01    0.00000000E+00
   1.01609046E+02    0.00000000E+00
   1.04170704E+02    0.00000000E+00
   1.06796944E+02    0.00000000E+00
   1.09489393E+02    0.00000000E+00
   1.12249722E+02    0.00000000E+00
