# 
# Energy units: hartree
# Length units: bohr
#
# -----------------------------------
# |       r       |       w(r)      |
# -----------------------------------
   3.74165729E-05    1.33102653E-13
   3.83598792E-05    1.43425504E-13
   3.93269671E-05    1.54548950E-13
   4.03184362E-05    1.66535080E-13
   4.13349012E-05    1.79450802E-13
   4.23769921E-05    1.93368209E-13
   4.34453551E-05    2.08364989E-13
   4.45406526E-05    2.24524853E-13
   4.56635635E-05    2.41938004E-13
   4.68147840E-05    2.60701641E-13
   4.79950279E-05    2.80920503E-13
   4.92050268E-05    3.02707450E-13
   5.04455309E-05    3.26184096E-13
   5.17173092E-05    3.51481487E-13
   5.30211502E-05    3.78740830E-13
   5.43578623E-05    4.08114288E-13
   5.57282741E-05    4.39765820E-13
   5.71332353E-05    4.73872105E-13
   5.85736168E-05    5.10623522E-13
   6.00503117E-05    5.50225215E-13
   6.15642354E-05    5.92898241E-13
   6.31163265E-05    6.38880796E-13
   6.47075473E-05    6.88429554E-13
   6.63388842E-05    7.41821094E-13
   6.80113486E-05    7.99353445E-13
   6.97259774E-05    8.61347750E-13
   7.14838335E-05    9.28150058E-13
   7.32860069E-05    1.00013326E-12
   7.51336146E-05    1.07769915E-12
   7.70278023E-05    1.16128071E-12
   7.89697442E-05    1.25134449E-12
   8.09606443E-05    1.34839321E-12
   8.30017367E-05    1.45296860E-12
   8.50942870E-05    1.56565440E-12
   8.72395924E-05    1.68707960E-12
   8.94389830E-05    1.81792201E-12
   9.16938222E-05    1.95891197E-12
   9.40055079E-05    2.11083649E-12
   9.63754734E-05    2.27454359E-12
   9.88051880E-05    2.45094710E-12
   1.01296158E-04    2.64103167E-12
   1.03849927E-04    2.84585836E-12
   1.06468080E-04    3.06657050E-12
   1.09152238E-04    3.30440010E-12
   1.11904067E-04    3.56067470E-12
   1.14725271E-04    3.83682482E-12
   1.17617601E-04    4.13439192E-12
   1.20582849E-04    4.45503700E-12
   1.23622854E-04    4.80054989E-12
   1.26739500E-04    5.17285923E-12
   1.29934720E-04    5.57404323E-12
   1.33210494E-04    6.00634127E-12
   1.36568853E-04    6.47216644E-12
   1.40011880E-04    6.97411893E-12
   1.43541708E-04    7.51500063E-12
   1.47160527E-04    8.09783072E-12
   1.50870580E-04    8.72586252E-12
   1.54674166E-04    9.40260167E-12
   1.58573644E-04    1.01318257E-11
   1.62571432E-04    1.09176051E-11
   1.66670008E-04    1.17643261E-11
   1.70871912E-04    1.26767150E-11
   1.75179751E-04    1.36598647E-11
   1.79596194E-04    1.47192632E-11
   1.84123979E-04    1.58608239E-11
   1.88765915E-04    1.70909190E-11
   1.93524877E-04    1.84164148E-11
   1.98403818E-04    1.98447101E-11
   2.03405761E-04    2.13837777E-11
   2.08533808E-04    2.30422086E-11
   2.13791137E-04    2.48292600E-11
   2.19181009E-04    2.67549071E-11
   2.24706764E-04    2.88298989E-11
   2.30371829E-04    3.10658179E-11
   2.36179715E-04    3.34751447E-11
   2.42134023E-04    3.60713283E-11
   2.48238445E-04    3.88688604E-11
   2.54496765E-04    4.18833566E-11
   2.60912863E-04    4.51316437E-11
   2.67490717E-04    4.86318536E-11
   2.74234404E-04    5.24035241E-11
   2.81148107E-04    5.64677088E-11
   2.88236109E-04    6.08470935E-11
   2.95502807E-04    6.55661238E-11
   3.02952706E-04    7.06511411E-11
   3.10590423E-04    7.61305298E-11
   3.18420693E-04    8.20348756E-11
   3.26448373E-04    8.83971362E-11
   3.34678437E-04    9.52528254E-11
   3.43115989E-04    1.02640211E-10
   3.51766259E-04    1.10600530E-10
   3.60634611E-04    1.19178216E-10
   3.69726542E-04    1.28421149E-10
   3.79047689E-04    1.38380923E-10
   3.88603830E-04    1.49113132E-10
   3.98400891E-04    1.60677684E-10
   4.08444945E-04    1.73139132E-10
   4.18742218E-04    1.86567034E-10
   4.29299096E-04    2.01036344E-10
   4.40122121E-04    2.16627829E-10
   4.51218006E-04    2.33428521E-10
   4.62593628E-04    2.51532199E-10
   4.74256039E-04    2.71039919E-10
   4.86212471E-04    2.92060570E-10
   4.98470336E-04    3.14711490E-10
   5.11037233E-04    3.39119114E-10
   5.23920952E-04    3.65419685E-10
   5.37129482E-04    3.93760011E-10
   5.50671012E-04    4.24298286E-10
   5.64553935E-04    4.57204975E-10
   5.78786861E-04    4.92663759E-10
   5.93378611E-04    5.30872569E-10
   6.08338233E-04    5.72044684E-10
   6.23675000E-04    6.16409925E-10
   6.39398422E-04    6.64215937E-10
   6.55518245E-04    7.15729569E-10
   6.72044464E-04    7.71238370E-10
   6.88987325E-04    8.31052185E-10
   7.06357330E-04    8.95504893E-10
   7.24165250E-04    9.64956266E-10
   7.42422123E-04    1.03979398E-09
   7.61139269E-04    1.12043577E-09
   7.80328292E-04    1.20733178E-09
   8.00001087E-04    1.30096705E-09
   8.20169852E-04    1.40186426E-09
   8.40847090E-04    1.51058660E-09
   8.62045620E-04    1.62774097E-09
   8.83778585E-04    1.75398130E-09
   9.06059458E-04    1.89001227E-09
   9.28902052E-04    2.03659319E-09
   9.52320529E-04    2.19454228E-09
   9.76329407E-04    2.36474118E-09
   1.00094357E-03    2.54813996E-09
   1.02617828E-03    2.74576232E-09
   1.05204918E-03    2.95871138E-09
   1.07857231E-03    3.18817582E-09
   1.10576411E-03    3.43543649E-09
   1.13364145E-03    3.70187358E-09
   1.16222159E-03    3.98897435E-09
   1.19152227E-03    4.29834135E-09
   1.22156164E-03    4.63170147E-09
   1.25235834E-03    4.99091551E-09
   1.28393145E-03    5.37798856E-09
   1.31630054E-03    5.79508126E-09
   1.34948569E-03    6.24452178E-09
   1.38350747E-03    6.72881888E-09
   1.41838697E-03    7.25067588E-09
   1.45414581E-03    7.81300575E-09
   1.49080617E-03    8.41894738E-09
   1.52839077E-03    9.07188309E-09
   1.56692291E-03    9.77545754E-09
   1.60642648E-03    1.05335980E-08
   1.64692597E-03    1.13505364E-08
   1.68844649E-03    1.22308329E-08
   1.73101378E-03    1.31794011E-08
   1.77465424E-03    1.42015360E-08
   1.81939491E-03    1.53029429E-08
   1.86526353E-03    1.64897700E-08
   1.91228854E-03    1.77686419E-08
   1.96049910E-03    1.91466972E-08
   2.00992509E-03    2.06316282E-08
   2.06059715E-03    2.22317236E-08
   2.11254670E-03    2.39559151E-08
   2.16580595E-03    2.58138268E-08
   2.22040792E-03    2.78158296E-08
   2.27638645E-03    2.99730984E-08
   2.33377625E-03    3.22976749E-08
   2.39261290E-03    3.48025348E-08
   2.45293288E-03    3.75016599E-08
   2.51477357E-03    4.04101165E-08
   2.57817333E-03    4.35441393E-08
   2.64317146E-03    4.69212221E-08
   2.70980825E-03    5.05602156E-08
   2.77812501E-03    5.44814321E-08
   2.84816411E-03    5.87067595E-08
   2.91996895E-03    6.32597832E-08
   2.99358406E-03    6.81659176E-08
   3.06905507E-03    7.34525482E-08
   3.14642878E-03    7.91491843E-08
   3.22575315E-03    8.52876240E-08
   3.30707736E-03    9.19021311E-08
   3.39045183E-03    9.90296271E-08
   3.47592824E-03    1.06709897E-07
   3.56355960E-03    1.14985810E-07
   3.65340022E-03    1.23903562E-07
   3.74550581E-03    1.33512931E-07
   3.83993346E-03    1.43867554E-07
   3.93674172E-03    1.55025229E-07
   4.03599061E-03    1.67048237E-07
   4.13774165E-03    1.80003688E-07
   4.24205793E-03    1.93963897E-07
   4.34900412E-03    2.09006788E-07
   4.45864653E-03    2.25216327E-07
   4.57105312E-03    2.42682993E-07
   4.68629358E-03    2.61504280E-07
   4.80443936E-03    2.81785246E-07
   4.92556370E-03    3.03639094E-07
   5.04974170E-03    3.27187809E-07
   5.17705035E-03    3.52562832E-07
   5.30756856E-03    3.79905801E-07
   5.44137725E-03    4.09369337E-07
   5.57855939E-03    4.41117899E-07
   5.71920001E-03    4.75328698E-07
   5.86338632E-03    5.12192687E-07
   6.01120769E-03    5.51915632E-07
   6.16275578E-03    5.94719253E-07
   6.31812453E-03    6.40842465E-07
   6.47741028E-03    6.90542713E-07
   6.64071176E-03    7.44097405E-07
   6.80813022E-03    8.01805463E-07
   6.97976946E-03    8.63988991E-07
   7.15573588E-03    9.30995071E-07
   7.33613858E-03    1.00319770E-06
   7.52108940E-03    1.08099989E-06
   7.71070299E-03    1.16483588E-06
   7.90509692E-03    1.25517362E-06
   8.10439170E-03    1.35251731E-06
   8.30871089E-03    1.45741028E-06
   8.51818115E-03    1.57043798E-06
   8.73293235E-03    1.69223126E-06
   8.95309762E-03    1.82346990E-06
   9.17881346E-03    1.96488639E-06
   9.41021981E-03    2.11727001E-06
   9.64746013E-03    2.28147125E-06
   9.89068149E-03    2.45840658E-06
   1.01400347E-02    2.64906349E-06
   1.03956743E-02    2.85450607E-06
   1.06577588E-02    3.07588093E-06
   1.09264508E-02    3.31442357E-06
   1.12019167E-02    3.57146531E-06
   1.14843273E-02    3.84844070E-06
   1.17738578E-02    4.14689550E-06
   1.20706876E-02    4.46849536E-06
   1.23750007E-02    4.81503507E-06
   1.26869859E-02    5.18844858E-06
   1.30068365E-02    5.59081979E-06
   1.33347509E-02    6.02439418E-06
   1.36709322E-02    6.49159134E-06
   1.40155890E-02    6.99501844E-06
   1.43689349E-02    7.53748479E-06
   1.47311890E-02    8.12201753E-06
   1.51025759E-02    8.75187847E-06
   1.54833258E-02    9.43058229E-06
   1.58736747E-02    1.01619162E-05
   1.62738646E-02    1.09499609E-05
   1.66841438E-02    1.17991136E-05
   1.71047664E-02    1.27141122E-05
   1.75359933E-02    1.37000620E-05
   1.79780919E-02    1.47624640E-05
   1.84313362E-02    1.59072455E-05
   1.88960071E-02    1.71407936E-05
   1.93723929E-02    1.84699899E-05
   1.98607888E-02    1.99022499E-05
   2.03614976E-02    2.14455633E-05
   2.08748297E-02    2.31085394E-05
   2.14011034E-02    2.49004546E-05
   2.19406449E-02    2.68313039E-05
   2.24937888E-02    2.89118572E-05
   2.30608780E-02    3.11537184E-05
   2.36422640E-02    3.35693909E-05
   2.42383072E-02    3.61723465E-05
   2.48493773E-02    3.89771007E-05
   2.54758530E-02    4.19992936E-05
   2.61181227E-02    4.52557764E-05
   2.67765847E-02    4.87647056E-05
   2.74516471E-02    5.25456439E-05
   2.81437284E-02    5.66196685E-05
   2.88532577E-02    6.10094890E-05
   2.95806749E-02    6.57395726E-05
   3.03264310E-02    7.08362810E-05
   3.10909883E-02    7.63280158E-05
   3.18748208E-02    8.22453767E-05
   3.26784144E-02    8.86213312E-05
   3.35022673E-02    9.54913969E-05
   3.43468904E-02    1.02893839E-04
   3.52128071E-02    1.10869881E-04
   3.61005545E-02    1.19463935E-04
   3.70106827E-02    1.28723845E-04
   3.79437561E-02    1.38701152E-04
   3.89003532E-02    1.49451381E-04
   3.98810670E-02    1.61034343E-04
   4.08865054E-02    1.73514469E-04
   4.19172919E-02    1.86961161E-04
   4.29740655E-02    2.01449176E-04
   4.40574813E-02    2.17059040E-04
   4.51682110E-02    2.33877481E-04
   4.63069432E-02    2.51997914E-04
   4.74743840E-02    2.71520946E-04
   4.86712569E-02    2.92554926E-04
   4.98983042E-02    3.15216539E-04
   5.11562864E-02    3.39631438E-04
   5.24459836E-02    3.65934926E-04
   5.37681951E-02    3.94272691E-04
   5.51237409E-02    4.24801591E-04
   5.65134612E-02    4.57690498E-04
   5.79382177E-02    4.93121207E-04
   5.93988935E-02    5.31289405E-04
   6.08963944E-02    5.72405718E-04
   6.24316486E-02    6.16696825E-04
   6.40056080E-02    6.64406654E-04
   6.56192484E-02    7.15797669E-04
   6.72735702E-02    7.71152233E-04
   6.89695989E-02    8.30774080E-04
   7.07083860E-02    8.94989880E-04
   7.24910096E-02    9.64150906E-04
   7.43185748E-02    1.03863482E-03
   7.61922146E-02    1.11884756E-03
   7.81130905E-02    1.20522538E-03
   8.00823935E-02    1.29823698E-03
   8.21013445E-02    1.39838576E-03
   8.41711951E-02    1.50621228E-03
   8.62932285E-02    1.62229675E-03
   8.84687603E-02    1.74726173E-03
   9.06991393E-02    1.88177497E-03
   9.29857482E-02    2.02655234E-03
   9.53300046E-02    2.18236093E-03
   9.77333619E-02    2.35002226E-03
   1.00197310E-01    2.53041562E-03
   1.02723377E-01    2.72448149E-03
   1.05313128E-01    2.93322507E-03
   1.07968169E-01    3.15771980E-03
   1.10690146E-01    3.39911104E-03
   1.13480746E-01    3.65861953E-03
   1.16341700E-01    3.93754497E-03
   1.19274782E-01    4.23726934E-03
   1.22281809E-01    4.55926001E-03
   1.25364646E-01    4.90507260E-03
   1.28525205E-01    5.27635330E-03
   1.31765443E-01    5.67484064E-03
   1.35087372E-01    6.10236653E-03
   1.38493049E-01    6.56085626E-03
   1.41984586E-01    7.05232729E-03
   1.45564149E-01    7.57888655E-03
   1.49233955E-01    8.14272576E-03
   1.52996281E-01    8.74611454E-03
   1.56853458E-01    9.39139069E-03
   1.60807878E-01    1.00809471E-02
   1.64861993E-01    1.08172145E-02
   1.69018316E-01    1.16026396E-02
   1.73279423E-01    1.24396574E-02
   1.77647957E-01    1.33306564E-02
   1.82126626E-01    1.42779363E-02
   1.86718206E-01    1.52836556E-02
   1.91425544E-01    1.63497691E-02
   1.96251559E-01    1.74779512E-02
   2.01199241E-01    1.86695055E-02
   2.06271660E-01    1.99252563E-02
   2.11471958E-01    2.12454201E-02
   2.16803361E-01    2.26294544E-02
   2.22269174E-01    2.40758799E-02
   2.27872785E-01    2.55820728E-02
   2.33617667E-01    2.71440233E-02
   2.39507384E-01    2.87560548E-02
   2.45545586E-01    3.04105013E-02
   2.51736017E-01    3.20973354E-02
   2.58082514E-01    3.38037438E-02
   2.64589012E-01    3.55136435E-02
   2.71259545E-01    3.72071345E-02
   2.78098248E-01    3.88598824E-02
   2.85109361E-01    4.04424276E-02
   2.92297231E-01    4.19194157E-02
   2.99666313E-01    4.32487472E-02
   3.07221177E-01    4.43806435E-02
   3.14966506E-01    4.52566311E-02
   3.22907102E-01    4.58084464E-02
   3.31047888E-01    4.59568670E-02
   3.39393910E-01    4.56104816E-02
   3.47950344E-01    4.46644125E-02
   3.56722493E-01    4.29990133E-02
   3.65715795E-01    4.04785693E-02
   3.74935828E-01    3.69500366E-02
   3.84388306E-01    3.22418649E-02
   3.94079089E-01    2.61629540E-02
   4.04014186E-01    1.85018077E-02
   4.14199756E-01    9.02595154E-03
   4.24642114E-01   -2.51830966E-03
   4.35347733E-01   -1.64057158E-02
   4.46323251E-01   -3.29313780E-02
   4.57575471E-01   -5.24095320E-02
   4.69111370E-01   -7.51716525E-02
   4.80938100E-01   -1.01563877E-01
   4.93062993E-01   -1.31943715E-01
   5.05493566E-01   -1.66676026E-01
   5.18237525E-01   -2.06128313E-01
   5.31302770E-01   -2.50665356E-01
   5.44697403E-01   -3.00643257E-01
   5.58429726E-01   -3.56402923E-01
   5.72508255E-01   -4.18262971E-01
   5.86941715E-01   -4.86511878E-01
   6.01739057E-01   -5.61398977E-01
   6.16909453E-01   -6.43123528E-01
   6.32462309E-01   -7.31820582E-01
   6.48407267E-01   -8.27541640E-01
   6.64754212E-01   -9.30227296E-01
   6.81513278E-01   -1.03966813E+00
   6.98694856E-01   -1.15544920E+00
   7.16309598E-01   -1.27687305E+00
   7.34368423E-01   -1.40285622E+00
   7.52882528E-01   -1.53179564E+00
   7.71863390E-01   -1.66140509E+00
   7.91322778E-01   -1.78852789E+00
   8.11272754E-01   -1.90894239E+00
   8.31725688E-01   -2.01719138E+00
   8.52694259E-01   -2.10648509E+00
   8.74191468E-01   -2.16874924E+00
   8.96230640E-01   -2.19491024E+00
   9.18825441E-01   -2.17552285E+00
   9.41989877E-01   -2.10184028E+00
   9.65738310E-01   -1.96738900E+00
   9.90085463E-01   -1.77002099E+00
   1.01504643E+00   -1.51425989E+00
   1.04063669E+00   -1.21352080E+00
   1.06687210E+00   -8.91471341E-01
   1.09376893E+00   -5.81434361E-01
   1.12134385E+00   -3.22345364E-01
   1.14961396E+00   -1.49379112E-01
   1.17859679E+00   -7.68509814E-02
   1.20831030E+00   -7.06099056E-02
   1.23877292E+00   -6.94657773E-02
   1.27000352E+00   -6.56484438E-02
   1.30202148E+00   -5.94081955E-02
   1.33484664E+00   -5.11152140E-02
   1.36849936E+00   -4.12585048E-02
   1.40300049E+00   -3.04368466E-02
   1.43837142E+00   -1.93394264E-02
   1.47463409E+00   -8.71346216E-03
   1.51181098E+00    6.84093895E-04
   1.54992513E+00    8.15315490E-03
   1.58900017E+00    1.31361847E-02
   1.62906033E+00    1.53199432E-02
   1.67013044E+00    1.47432927E-02
   1.71223597E+00    1.18887620E-02
   1.75540301E+00    7.71567336E-03
   1.79965834E+00    3.56163694E-03
   1.84502939E+00    7.91713397E-04
   1.89154428E+00    3.72770816E-06
   1.93923185E+00    0.00000000E+00
   1.98812168E+00    0.00000000E+00
   2.03824406E+00    0.00000000E+00
   2.08963007E+00    0.00000000E+00
   2.14231157E+00    0.00000000E+00
   2.19632122E+00    0.00000000E+00
   2.25169250E+00    0.00000000E+00
   2.30845974E+00    0.00000000E+00
   2.36665814E+00    0.00000000E+00
   2.42632377E+00    0.00000000E+00
   2.48749363E+00    0.00000000E+00
   2.55020564E+00    0.00000000E+00
   2.61449867E+00    0.00000000E+00
   2.68041260E+00    0.00000000E+00
   2.74798827E+00    0.00000000E+00
   2.81726759E+00    0.00000000E+00
   2.88829350E+00    0.00000000E+00
   2.96111004E+00    0.00000000E+00
   3.03576235E+00    0.00000000E+00
   3.11229672E+00    0.00000000E+00
   3.19076059E+00    0.00000000E+00
   3.27120260E+00    0.00000000E+00
   3.35367264E+00    0.00000000E+00
   3.43822182E+00    0.00000000E+00
   3.52490256E+00    0.00000000E+00
   3.61376860E+00    0.00000000E+00
   3.70487504E+00    0.00000000E+00
   3.79827835E+00    0.00000000E+00
   3.89403645E+00    0.00000000E+00
   3.99220870E+00    0.00000000E+00
   4.09285596E+00    0.00000000E+00
   4.19604063E+00    0.00000000E+00
   4.30182668E+00    0.00000000E+00
   4.41027970E+00    0.00000000E+00
   4.52146691E+00    0.00000000E+00
   4.63545726E+00    0.00000000E+00
   4.75232141E+00    0.00000000E+00
   4.87213182E+00    0.00000000E+00
   4.99496275E+00    0.00000000E+00
   5.12089037E+00    0.00000000E+00
   5.24999273E+00    0.00000000E+00
   5.38234989E+00    0.00000000E+00
   5.51804389E+00    0.00000000E+00
   5.65715886E+00    0.00000000E+00
   5.79978105E+00    0.00000000E+00
   5.94599888E+00    0.00000000E+00
   6.09590299E+00    0.00000000E+00
   6.24958632E+00    0.00000000E+00
   6.40714416E+00    0.00000000E+00
   6.56867416E+00    0.00000000E+00
   6.73427650E+00    0.00000000E+00
   6.90405381E+00    0.00000000E+00
   7.07811137E+00    0.00000000E+00
   7.25655709E+00    0.00000000E+00
   7.43950158E+00    0.00000000E+00
   7.62705827E+00    0.00000000E+00
   7.81934344E+00    0.00000000E+00
   8.01647630E+00    0.00000000E+00
   8.21857905E+00    0.00000000E+00
   8.42577700E+00    0.00000000E+00
   8.63819861E+00    0.00000000E+00
   8.85597556E+00    0.00000000E+00
   9.07924287E+00    0.00000000E+00
   9.30813895E+00    0.00000000E+00
   9.54280571E+00    0.00000000E+00
   9.78338864E+00    0.00000000E+00
   1.00300369E+01    0.00000000E+00
   1.02829034E+01    0.00000000E+00
   1.05421448E+01    0.00000000E+00
   1.08079220E+01    0.00000000E+00
   1.10803997E+01    0.00000000E+00
   1.13597468E+01    0.00000000E+00
   1.16461365E+01    0.00000000E+00
   1.19397463E+01    0.00000000E+00
   1.22407583E+01    0.00000000E+00
   1.25493591E+01    0.00000000E+00
   1.28657400E+01    0.00000000E+00
   1.31900972E+01    0.00000000E+00
   1.35226317E+01    0.00000000E+00
   1.38635497E+01    0.00000000E+00
   1.42130626E+01    0.00000000E+00
   1.45713870E+01    0.00000000E+00
   1.49387451E+01    0.00000000E+00
   1.53153646E+01    0.00000000E+00
   1.57014791E+01    0.00000000E+00
   1.60973278E+01    0.00000000E+00
   1.65031563E+01    0.00000000E+00
   1.69192161E+01    0.00000000E+00
   1.73457651E+01    0.00000000E+00
   1.77830678E+01    0.00000000E+00
   1.82313954E+01    0.00000000E+00
   1.86910257E+01    0.00000000E+00
   1.91622436E+01    0.00000000E+00
   1.96453415E+01    0.00000000E+00
   2.01406186E+01    0.00000000E+00
   2.06483822E+01    0.00000000E+00
   2.11689469E+01    0.00000000E+00
   2.17026356E+01    0.00000000E+00
   2.22497791E+01    0.00000000E+00
   2.28107165E+01    0.00000000E+00
   2.33857957E+01    0.00000000E+00
   2.39753732E+01    0.00000000E+00
   2.45798144E+01    0.00000000E+00
   2.51994942E+01    0.00000000E+00
   2.58347967E+01    0.00000000E+00
   2.64861157E+01    0.00000000E+00
   2.71538551E+01    0.00000000E+00
   2.78384288E+01    0.00000000E+00
   2.85402613E+01    0.00000000E+00
   2.92597876E+01    0.00000000E+00
   2.99974538E+01    0.00000000E+00
   3.07537172E+01    0.00000000E+00
   3.15290468E+01    0.00000000E+00
   3.23239231E+01    0.00000000E+00
   3.31388390E+01    0.00000000E+00
   3.39742997E+01    0.00000000E+00
   3.48308231E+01    0.00000000E+00
   3.57089403E+01    0.00000000E+00
   3.66091956E+01    0.00000000E+00
   3.75321471E+01    0.00000000E+00
   3.84783671E+01    0.00000000E+00
   3.94484422E+01    0.00000000E+00
   4.04429738E+01    0.00000000E+00
   4.14625785E+01    0.00000000E+00
   4.25078883E+01    0.00000000E+00
   4.35795513E+01    0.00000000E+00
   4.46782320E+01    0.00000000E+00
   4.58046114E+01    0.00000000E+00
   4.69593879E+01    0.00000000E+00
   4.81432773E+01    0.00000000E+00
   4.93570137E+01    0.00000000E+00
   5.06013496E+01    0.00000000E+00
   5.18770562E+01    0.00000000E+00
   5.31849246E+01    0.00000000E+00
   5.45257656E+01    0.00000000E+00
   5.59004104E+01    0.00000000E+00
   5.73097113E+01    0.00000000E+00
   5.87545419E+01    0.00000000E+00
   6.02357981E+01    0.00000000E+00
   6.17543981E+01    0.00000000E+00
   6.33112834E+01    0.00000000E+00
   6.49074192E+01    0.00000000E+00
   6.65437950E+01    0.00000000E+00
   6.82214255E+01    0.00000000E+00
   6.99413505E+01    0.00000000E+00
   7.17046364E+01    0.00000000E+00
   7.35123764E+01    0.00000000E+00
   7.53656911E+01    0.00000000E+00
   7.72657297E+01    0.00000000E+00
   7.92136699E+01    0.00000000E+00
   8.12107196E+01    0.00000000E+00
   8.32581167E+01    0.00000000E+00
   8.53571305E+01    0.00000000E+00
   8.75090625E+01    0.00000000E+00
   8.97152466E+01    0.00000000E+00
   9.19770507E+01    0.00000000E+00
   9.42958769E+01    0.00000000E+00
   9.66731629E+01    0.00000000E+00
   9.91103824E+01    0.00000000E+00
   1.01609046E+02    0.00000000E+00
   1.04170704E+02    0.00000000E+00
   1.06796944E+02    0.00000000E+00
   1.09489393E+02    0.00000000E+00
   1.12249722E+02    0.00000000E+00
