# 
# Energy units: hartree
# Length units: bohr
#
# -----------------------------------
# |       r       |       w(r)      |
# -----------------------------------
   3.74165729E-05   -7.04993434E-04
   3.83598792E-05   -7.22766968E-04
   3.93269671E-05   -7.40988589E-04
   4.03184362E-05   -7.59669595E-04
   4.13349012E-05   -7.78821565E-04
   4.23769921E-05   -7.98456374E-04
   4.34453551E-05   -8.18586195E-04
   4.45406526E-05   -8.39223507E-04
   4.56635635E-05   -8.60381105E-04
   4.68147840E-05   -8.82072106E-04
   4.79950279E-05   -9.04309956E-04
   4.92050268E-05   -9.27108443E-04
   5.04455309E-05   -9.50481701E-04
   5.17173092E-05   -9.74444221E-04
   5.30211502E-05   -9.99010857E-04
   5.43578623E-05   -1.02419684E-03
   5.57282741E-05   -1.05001779E-03
   5.71332353E-05   -1.07648970E-03
   5.85736168E-05   -1.10362900E-03
   6.00503117E-05   -1.13145250E-03
   6.15642354E-05   -1.15997746E-03
   6.31163265E-05   -1.18922156E-03
   6.47075473E-05   -1.21920293E-03
   6.63388842E-05   -1.24994016E-03
   6.80113486E-05   -1.28145231E-03
   6.97259774E-05   -1.31375890E-03
   7.14838335E-05   -1.34687997E-03
   7.32860069E-05   -1.38083605E-03
   7.51336146E-05   -1.41564820E-03
   7.70278023E-05   -1.45133800E-03
   7.89697442E-05   -1.48792756E-03
   8.09606443E-05   -1.52543959E-03
   8.30017367E-05   -1.56389732E-03
   8.50942870E-05   -1.60332462E-03
   8.72395924E-05   -1.64374590E-03
   8.94389830E-05   -1.68518625E-03
   9.16938222E-05   -1.72767135E-03
   9.40055079E-05   -1.77122753E-03
   9.63754734E-05   -1.81588181E-03
   9.88051880E-05   -1.86166186E-03
   1.01296158E-04   -1.90859607E-03
   1.03849927E-04   -1.95671353E-03
   1.06468080E-04   -2.00604408E-03
   1.09152238E-04   -2.05661829E-03
   1.11904067E-04   -2.10846753E-03
   1.14725271E-04   -2.16162394E-03
   1.17617601E-04   -2.21612046E-03
   1.20582849E-04   -2.27199090E-03
   1.23622854E-04   -2.32926988E-03
   1.26739500E-04   -2.38799291E-03
   1.29934720E-04   -2.44819641E-03
   1.33210494E-04   -2.50991769E-03
   1.36568853E-04   -2.57319502E-03
   1.40011880E-04   -2.63806763E-03
   1.43541708E-04   -2.70457573E-03
   1.47160527E-04   -2.77276057E-03
   1.50870580E-04   -2.84266441E-03
   1.54674166E-04   -2.91433059E-03
   1.58573644E-04   -2.98780353E-03
   1.62571432E-04   -3.06312880E-03
   1.66670008E-04   -3.14035309E-03
   1.70871912E-04   -3.21952427E-03
   1.75179751E-04   -3.30069142E-03
   1.79596194E-04   -3.38390488E-03
   1.84123979E-04   -3.46921622E-03
   1.88765915E-04   -3.55667834E-03
   1.93524877E-04   -3.64634545E-03
   1.98403818E-04   -3.73827316E-03
   2.03405761E-04   -3.83251844E-03
   2.08533808E-04   -3.92913973E-03
   2.13791137E-04   -4.02819694E-03
   2.19181009E-04   -4.12975146E-03
   2.24706764E-04   -4.23386627E-03
   2.30371829E-04   -4.34060590E-03
   2.36179715E-04   -4.45003653E-03
   2.42134023E-04   -4.56222601E-03
   2.48238445E-04   -4.67724388E-03
   2.54496765E-04   -4.79516146E-03
   2.60912863E-04   -4.91605184E-03
   2.67490717E-04   -5.03998998E-03
   2.74234404E-04   -5.16705270E-03
   2.81148107E-04   -5.29731879E-03
   2.88236109E-04   -5.43086901E-03
   2.95502807E-04   -5.56778614E-03
   3.02952706E-04   -5.70815507E-03
   3.10590423E-04   -5.85206282E-03
   3.18420693E-04   -5.99959862E-03
   3.26448373E-04   -6.15085391E-03
   3.34678437E-04   -6.30592249E-03
   3.43115989E-04   -6.46490048E-03
   3.51766259E-04   -6.62788644E-03
   3.60634611E-04   -6.79498141E-03
   3.69726542E-04   -6.96628900E-03
   3.79047689E-04   -7.14191539E-03
   3.88603830E-04   -7.32196947E-03
   3.98400891E-04   -7.50656286E-03
   4.08444945E-04   -7.69581001E-03
   4.18742218E-04   -7.88982824E-03
   4.29299096E-04   -8.08873783E-03
   4.40122121E-04   -8.29266209E-03
   4.51218006E-04   -8.50172745E-03
   4.62593628E-04   -8.71606352E-03
   4.74256039E-04   -8.93580317E-03
   4.86212471E-04   -9.16108263E-03
   4.98470336E-04   -9.39204157E-03
   5.11037233E-04   -9.62882317E-03
   5.23920952E-04   -9.87157421E-03
   5.37129482E-04   -1.01204452E-02
   5.50671012E-04   -1.03755904E-02
   5.64553935E-04   -1.06371680E-02
   5.78786861E-04   -1.09053402E-02
   5.93378611E-04   -1.11802732E-02
   6.08338233E-04   -1.14621375E-02
   6.23675000E-04   -1.17511078E-02
   6.39398422E-04   -1.20473632E-02
   6.55518245E-04   -1.23510874E-02
   6.72044464E-04   -1.26624687E-02
   6.88987325E-04   -1.29817002E-02
   7.06357330E-04   -1.33089797E-02
   7.24165250E-04   -1.36445101E-02
   7.42422123E-04   -1.39884994E-02
   7.61139269E-04   -1.43411610E-02
   7.80328292E-04   -1.47027133E-02
   8.00001087E-04   -1.50733807E-02
   8.20169852E-04   -1.54533927E-02
   8.40847090E-04   -1.58429851E-02
   8.62045620E-04   -1.62423993E-02
   8.83778585E-04   -1.66518829E-02
   9.06059458E-04   -1.70716898E-02
   9.28902052E-04   -1.75020803E-02
   9.52320529E-04   -1.79433211E-02
   9.76329407E-04   -1.83956857E-02
   1.00094357E-03   -1.88594547E-02
   1.02617828E-03   -1.93349154E-02
   1.05204918E-03   -1.98223627E-02
   1.07857231E-03   -2.03220987E-02
   1.10576411E-03   -2.08344332E-02
   1.13364145E-03   -2.13596838E-02
   1.16222159E-03   -2.18981760E-02
   1.19152227E-03   -2.24502438E-02
   1.22156164E-03   -2.30162293E-02
   1.25235834E-03   -2.35964833E-02
   1.28393145E-03   -2.41913656E-02
   1.31630054E-03   -2.48012449E-02
   1.34948569E-03   -2.54264992E-02
   1.38350747E-03   -2.60675161E-02
   1.41838697E-03   -2.67246931E-02
   1.45414581E-03   -2.73984373E-02
   1.49080617E-03   -2.80891665E-02
   1.52839077E-03   -2.87973088E-02
   1.56692291E-03   -2.95233031E-02
   1.60642648E-03   -3.02675994E-02
   1.64692597E-03   -3.10306591E-02
   1.68844649E-03   -3.18129551E-02
   1.73101378E-03   -3.26149723E-02
   1.77465424E-03   -3.34372079E-02
   1.81939491E-03   -3.42801713E-02
   1.86526353E-03   -3.51443851E-02
   1.91228854E-03   -3.60303849E-02
   1.96049910E-03   -3.69387199E-02
   2.00992509E-03   -3.78699529E-02
   2.06059715E-03   -3.88246611E-02
   2.11254670E-03   -3.98034363E-02
   2.16580595E-03   -4.08068849E-02
   2.22040792E-03   -4.18356288E-02
   2.27638645E-03   -4.28903056E-02
   2.33377625E-03   -4.39715688E-02
   2.39261290E-03   -4.50800884E-02
   2.45293288E-03   -4.62165515E-02
   2.51477357E-03   -4.73816621E-02
   2.57817333E-03   -4.85761423E-02
   2.64317146E-03   -4.98007322E-02
   2.70980825E-03   -5.10561904E-02
   2.77812501E-03   -5.23432950E-02
   2.84816411E-03   -5.36628433E-02
   2.91996895E-03   -5.50156529E-02
   2.99358406E-03   -5.64025618E-02
   3.06905507E-03   -5.78244293E-02
   3.14642878E-03   -5.92821361E-02
   3.22575315E-03   -6.07765853E-02
   3.30707736E-03   -6.23087026E-02
   3.39045183E-03   -6.38794369E-02
   3.47592824E-03   -6.54897611E-02
   3.56355960E-03   -6.71406726E-02
   3.65340022E-03   -6.88331938E-02
   3.74550581E-03   -7.05683729E-02
   3.83993346E-03   -7.23472843E-02
   3.93674172E-03   -7.41710295E-02
   4.03599061E-03   -7.60407378E-02
   4.13774165E-03   -7.79575667E-02
   4.24205793E-03   -7.99227030E-02
   4.34900412E-03   -8.19373631E-02
   4.45864653E-03   -8.40027941E-02
   4.57105312E-03   -8.61202744E-02
   4.68629358E-03   -8.82911144E-02
   4.80443936E-03   -9.05166577E-02
   4.92556370E-03   -9.27982812E-02
   5.04974170E-03   -9.51373967E-02
   5.17705035E-03   -9.75354513E-02
   5.30756856E-03   -9.99939284E-02
   5.44137725E-03   -1.02514349E-01
   5.57855939E-03   -1.05098271E-01
   5.71920001E-03   -1.07747293E-01
   5.86338632E-03   -1.10463052E-01
   6.01120769E-03   -1.13247228E-01
   6.16275578E-03   -1.16101541E-01
   6.31812453E-03   -1.19027756E-01
   6.47741028E-03   -1.22027680E-01
   6.64071176E-03   -1.25103167E-01
   6.80813022E-03   -1.28256117E-01
   6.97976946E-03   -1.31488477E-01
   7.15573588E-03   -1.34802243E-01
   7.33613858E-03   -1.38199460E-01
   7.52108940E-03   -1.41682226E-01
   7.71070299E-03   -1.45252689E-01
   7.90509692E-03   -1.48913052E-01
   8.10439170E-03   -1.52665573E-01
   8.30871089E-03   -1.56512566E-01
   8.51818115E-03   -1.60456401E-01
   8.73293235E-03   -1.64499510E-01
   8.95309762E-03   -1.68644383E-01
   9.17881346E-03   -1.72893573E-01
   9.41021981E-03   -1.77249696E-01
   9.64746013E-03   -1.81715433E-01
   9.89068149E-03   -1.86293530E-01
   1.01400347E-02   -1.90986805E-01
   1.03956743E-02   -1.95798140E-01
   1.06577588E-02   -2.00730493E-01
   1.09264508E-02   -2.05786893E-01
   1.12019167E-02   -2.10970444E-01
   1.14843273E-02   -2.16284325E-01
   1.17738578E-02   -2.21731797E-01
   1.20706876E-02   -2.27316196E-01
   1.23750007E-02   -2.33040944E-01
   1.26869859E-02   -2.38909545E-01
   1.30068365E-02   -2.44925589E-01
   1.33347509E-02   -2.51092754E-01
   1.36709322E-02   -2.57414806E-01
   1.40155890E-02   -2.63895605E-01
   1.43689349E-02   -2.70539103E-01
   1.47311890E-02   -2.77349349E-01
   1.51025759E-02   -2.84330489E-01
   1.54833258E-02   -2.91486771E-01
   1.58736747E-02   -2.98822541E-01
   1.62738646E-02   -3.06342255E-01
   1.66841438E-02   -3.14050471E-01
   1.71047664E-02   -3.21951859E-01
   1.75359933E-02   -3.30051199E-01
   1.79780919E-02   -3.38353384E-01
   1.84313362E-02   -3.46863423E-01
   1.88960071E-02   -3.55586446E-01
   1.93723929E-02   -3.64527699E-01
   1.98607888E-02   -3.73692554E-01
   2.03614976E-02   -3.83086508E-01
   2.08748297E-02   -3.92715185E-01
   2.14011034E-02   -4.02584338E-01
   2.19406449E-02   -4.12699855E-01
   2.24937888E-02   -4.23067756E-01
   2.30608780E-02   -4.33694200E-01
   2.36422640E-02   -4.44585486E-01
   2.42383072E-02   -4.55748052E-01
   2.48493773E-02   -4.67188482E-01
   2.54758530E-02   -4.78913506E-01
   2.61181227E-02   -4.90930002E-01
   2.67765847E-02   -5.03244997E-01
   2.74516471E-02   -5.15865673E-01
   2.81437284E-02   -5.28799365E-01
   2.88532577E-02   -5.42053565E-01
   2.95806749E-02   -5.55635920E-01
   3.03264310E-02   -5.69554240E-01
   3.10909883E-02   -5.83816494E-01
   3.18748208E-02   -5.98430813E-01
   3.26784144E-02   -6.13405493E-01
   3.35022673E-02   -6.28748992E-01
   3.43468904E-02   -6.44469934E-01
   3.52128071E-02   -6.60577107E-01
   3.61005545E-02   -6.77079466E-01
   3.70106827E-02   -6.93986129E-01
   3.79437561E-02   -7.11306381E-01
   3.89003532E-02   -7.29049668E-01
   3.98810670E-02   -7.47225601E-01
   4.08865054E-02   -7.65843949E-01
   4.19172919E-02   -7.84914642E-01
   4.29740655E-02   -8.04447763E-01
   4.40574813E-02   -8.24453549E-01
   4.51682110E-02   -8.44942383E-01
   4.63069432E-02   -8.65924795E-01
   4.74743840E-02   -8.87411448E-01
   4.86712569E-02   -9.09413139E-01
   4.98983042E-02   -9.31940790E-01
   5.11562864E-02   -9.55005436E-01
   5.24459836E-02   -9.78618222E-01
   5.37681951E-02   -1.00279038E+00
   5.51237409E-02   -1.02753325E+00
   5.65134612E-02   -1.05285821E+00
   5.79382177E-02   -1.07877671E+00
   5.93988935E-02   -1.10530024E+00
   6.08963944E-02   -1.13244032E+00
   6.24316486E-02   -1.16020846E+00
   6.40056080E-02   -1.18861614E+00
   6.56192484E-02   -1.21767482E+00
   6.72735702E-02   -1.24739587E+00
   6.89695989E-02   -1.27779057E+00
   7.07083860E-02   -1.30887005E+00
   7.24910096E-02   -1.34064528E+00
   7.43185748E-02   -1.37312703E+00
   7.61922146E-02   -1.40632582E+00
   7.81130905E-02   -1.44025186E+00
   8.00823935E-02   -1.47491503E+00
   8.21013445E-02   -1.51032479E+00
   8.41711951E-02   -1.54649017E+00
   8.62932285E-02   -1.58341965E+00
   8.84687603E-02   -1.62112112E+00
   9.06991393E-02   -1.65960181E+00
   9.29857482E-02   -1.69886818E+00
   9.53300046E-02   -1.73892588E+00
   9.77333619E-02   -1.77977957E+00
   1.00197310E-01   -1.82143292E+00
   1.02723377E-01   -1.86388842E+00
   1.05313128E-01   -1.90714726E+00
   1.07968169E-01   -1.95120925E+00
   1.10690146E-01   -1.99607263E+00
   1.13480746E-01   -2.04173395E+00
   1.16341700E-01   -2.08818788E+00
   1.19274782E-01   -2.13542704E+00
   1.22281809E-01   -2.18344181E+00
   1.25364646E-01   -2.23222013E+00
   1.28525205E-01   -2.28174728E+00
   1.31765443E-01   -2.33200564E+00
   1.35087372E-01   -2.38297444E+00
   1.38493049E-01   -2.43462949E+00
   1.41984586E-01   -2.48694290E+00
   1.45564149E-01   -2.53988276E+00
   1.49233955E-01   -2.59341283E+00
   1.52996281E-01   -2.64749217E+00
   1.56853458E-01   -2.70207481E+00
   1.60807878E-01   -2.75710934E+00
   1.64861993E-01   -2.81253847E+00
   1.69018316E-01   -2.86829865E+00
   1.73279423E-01   -2.92431960E+00
   1.77647957E-01   -2.98052380E+00
   1.82126626E-01   -3.03682603E+00
   1.86718206E-01   -3.09313287E+00
   1.91425544E-01   -3.14934209E+00
   1.96251559E-01   -3.20534221E+00
   2.01199241E-01   -3.26101183E+00
   2.06271660E-01   -3.31621917E+00
   2.11471958E-01   -3.37082141E+00
   2.16803361E-01   -3.42466417E+00
   2.22269174E-01   -3.47758098E+00
   2.27872785E-01   -3.52939268E+00
   2.33617667E-01   -3.57990701E+00
   2.39507384E-01   -3.62891810E+00
   2.45545586E-01   -3.67620612E+00
   2.51736017E-01   -3.72153697E+00
   2.58082514E-01   -3.76466212E+00
   2.64589012E-01   -3.80531850E+00
   2.71259545E-01   -3.84322867E+00
   2.78098248E-01   -3.87810108E+00
   2.85109361E-01   -3.90963062E+00
   2.92297231E-01   -3.93749947E+00
   2.99666313E-01   -3.96137819E+00
   3.07221177E-01   -3.98092727E+00
   3.14966506E-01   -3.99579907E+00
   3.22907102E-01   -4.00564026E+00
   3.31047888E-01   -4.01009473E+00
   3.39393910E-01   -4.00880725E+00
   3.47950344E-01   -4.00142761E+00
   3.56722493E-01   -3.98761556E+00
   3.65715795E-01   -3.96704646E+00
   3.74935828E-01   -3.93941767E+00
   3.84388306E-01   -3.90445572E+00
   3.94079089E-01   -3.86192416E+00
   4.04014186E-01   -3.81163212E+00
   4.14199756E-01   -3.75344339E+00
   4.24642114E-01   -3.68728588E+00
   4.35347733E-01   -3.61316134E+00
   4.46323251E-01   -3.53115484E+00
   4.57575471E-01   -3.44144393E+00
   4.69111370E-01   -3.34430679E+00
   4.80938100E-01   -3.24012911E+00
   4.93062993E-01   -3.12940889E+00
   5.05493566E-01   -3.01275886E+00
   5.18237525E-01   -2.89090557E+00
   5.31302770E-01   -2.76468470E+00
   5.44697403E-01   -2.63503204E+00
   5.58429726E-01   -2.50296939E+00
   5.72508255E-01   -2.36958525E+00
   5.86941715E-01   -2.23600983E+00
   6.01739057E-01   -2.10338460E+00
   6.16909453E-01   -1.97282638E+00
   6.32462309E-01   -1.84538661E+00
   6.48407267E-01   -1.72200654E+00
   6.64754212E-01   -1.60346947E+00
   6.81513278E-01   -1.49035142E+00
   6.98694856E-01   -1.38297190E+00
   7.16309598E-01   -1.28134707E+00
   7.34368423E-01   -1.18514791E+00
   7.52882528E-01   -1.09366689E+00
   7.71863390E-01   -1.00579796E+00
   7.91322778E-01   -9.20036381E-01
   8.11272754E-01   -8.34507616E-01
   8.31725688E-01   -7.47038002E-01
   8.52694259E-01   -6.55283949E-01
   8.74191468E-01   -5.56940692E-01
   8.96230640E-01   -4.50053883E-01
   9.18825441E-01   -3.33454811E-01
   9.41989877E-01   -2.07327172E-01
   9.65738310E-01   -7.38826325E-02
   9.90085463E-01    6.19352075E-02
   1.01504643E+00    1.91890539E-01
   1.04063669E+00    3.04335387E-01
   1.06687210E+00    3.84964018E-01
   1.09376893E+00    4.18978685E-01
   1.12134385E+00    3.95201353E-01
   1.14961396E+00    3.12502487E-01
   1.17859679E+00    1.88637346E-01
   1.20831030E+00    7.10775068E-02
   1.23877292E+00    1.09374322E-02
   1.27000352E+00    0.00000000E+00
   1.30202148E+00    0.00000000E+00
   1.33484664E+00    0.00000000E+00
   1.36849936E+00    0.00000000E+00
   1.40300049E+00    0.00000000E+00
   1.43837142E+00    0.00000000E+00
   1.47463409E+00    0.00000000E+00
   1.51181098E+00    0.00000000E+00
   1.54992513E+00    0.00000000E+00
   1.58900017E+00    0.00000000E+00
   1.62906033E+00    0.00000000E+00
   1.67013044E+00    0.00000000E+00
   1.71223597E+00    0.00000000E+00
   1.75540301E+00    0.00000000E+00
   1.79965834E+00    0.00000000E+00
   1.84502939E+00    0.00000000E+00
   1.89154428E+00    0.00000000E+00
   1.93923185E+00    0.00000000E+00
   1.98812168E+00    0.00000000E+00
   2.03824406E+00    0.00000000E+00
   2.08963007E+00    0.00000000E+00
   2.14231157E+00    0.00000000E+00
   2.19632122E+00    0.00000000E+00
   2.25169250E+00    0.00000000E+00
   2.30845974E+00    0.00000000E+00
   2.36665814E+00    0.00000000E+00
   2.42632377E+00    0.00000000E+00
   2.48749363E+00    0.00000000E+00
   2.55020564E+00    0.00000000E+00
   2.61449867E+00    0.00000000E+00
   2.68041260E+00    0.00000000E+00
   2.74798827E+00    0.00000000E+00
   2.81726759E+00    0.00000000E+00
   2.88829350E+00    0.00000000E+00
   2.96111004E+00    0.00000000E+00
   3.03576235E+00    0.00000000E+00
   3.11229672E+00    0.00000000E+00
   3.19076059E+00    0.00000000E+00
   3.27120260E+00    0.00000000E+00
   3.35367264E+00    0.00000000E+00
   3.43822182E+00    0.00000000E+00
   3.52490256E+00    0.00000000E+00
   3.61376860E+00    0.00000000E+00
   3.70487504E+00    0.00000000E+00
   3.79827835E+00    0.00000000E+00
   3.89403645E+00    0.00000000E+00
   3.99220870E+00    0.00000000E+00
   4.09285596E+00    0.00000000E+00
   4.19604063E+00    0.00000000E+00
   4.30182668E+00    0.00000000E+00
   4.41027970E+00    0.00000000E+00
   4.52146691E+00    0.00000000E+00
   4.63545726E+00    0.00000000E+00
   4.75232141E+00    0.00000000E+00
   4.87213182E+00    0.00000000E+00
   4.99496275E+00    0.00000000E+00
   5.12089037E+00    0.00000000E+00
   5.24999273E+00    0.00000000E+00
   5.38234989E+00    0.00000000E+00
   5.51804389E+00    0.00000000E+00
   5.65715886E+00    0.00000000E+00
   5.79978105E+00    0.00000000E+00
   5.94599888E+00    0.00000000E+00
   6.09590299E+00    0.00000000E+00
   6.24958632E+00    0.00000000E+00
   6.40714416E+00    0.00000000E+00
   6.56867416E+00    0.00000000E+00
   6.73427650E+00    0.00000000E+00
   6.90405381E+00    0.00000000E+00
   7.07811137E+00    0.00000000E+00
   7.25655709E+00    0.00000000E+00
   7.43950158E+00    0.00000000E+00
   7.62705827E+00    0.00000000E+00
   7.81934344E+00    0.00000000E+00
   8.01647630E+00    0.00000000E+00
   8.21857905E+00    0.00000000E+00
   8.42577700E+00    0.00000000E+00
   8.63819861E+00    0.00000000E+00
   8.85597556E+00    0.00000000E+00
   9.07924287E+00    0.00000000E+00
   9.30813895E+00    0.00000000E+00
   9.54280571E+00    0.00000000E+00
   9.78338864E+00    0.00000000E+00
   1.00300369E+01    0.00000000E+00
   1.02829034E+01    0.00000000E+00
   1.05421448E+01    0.00000000E+00
   1.08079220E+01    0.00000000E+00
   1.10803997E+01    0.00000000E+00
   1.13597468E+01    0.00000000E+00
   1.16461365E+01    0.00000000E+00
   1.19397463E+01    0.00000000E+00
   1.22407583E+01    0.00000000E+00
   1.25493591E+01    0.00000000E+00
   1.28657400E+01    0.00000000E+00
   1.31900972E+01    0.00000000E+00
   1.35226317E+01    0.00000000E+00
   1.38635497E+01    0.00000000E+00
   1.42130626E+01    0.00000000E+00
   1.45713870E+01    0.00000000E+00
   1.49387451E+01    0.00000000E+00
   1.53153646E+01    0.00000000E+00
   1.57014791E+01    0.00000000E+00
   1.60973278E+01    0.00000000E+00
   1.65031563E+01    0.00000000E+00
   1.69192161E+01    0.00000000E+00
   1.73457651E+01    0.00000000E+00
   1.77830678E+01    0.00000000E+00
   1.82313954E+01    0.00000000E+00
   1.86910257E+01    0.00000000E+00
   1.91622436E+01    0.00000000E+00
   1.96453415E+01    0.00000000E+00
   2.01406186E+01    0.00000000E+00
   2.06483822E+01    0.00000000E+00
   2.11689469E+01    0.00000000E+00
   2.17026356E+01    0.00000000E+00
   2.22497791E+01    0.00000000E+00
   2.28107165E+01    0.00000000E+00
   2.33857957E+01    0.00000000E+00
   2.39753732E+01    0.00000000E+00
   2.45798144E+01    0.00000000E+00
   2.51994942E+01    0.00000000E+00
   2.58347967E+01    0.00000000E+00
   2.64861157E+01    0.00000000E+00
   2.71538551E+01    0.00000000E+00
   2.78384288E+01    0.00000000E+00
   2.85402613E+01    0.00000000E+00
   2.92597876E+01    0.00000000E+00
   2.99974538E+01    0.00000000E+00
   3.07537172E+01    0.00000000E+00
   3.15290468E+01    0.00000000E+00
   3.23239231E+01    0.00000000E+00
   3.31388390E+01    0.00000000E+00
   3.39742997E+01    0.00000000E+00
   3.48308231E+01    0.00000000E+00
   3.57089403E+01    0.00000000E+00
   3.66091956E+01    0.00000000E+00
   3.75321471E+01    0.00000000E+00
   3.84783671E+01    0.00000000E+00
   3.94484422E+01    0.00000000E+00
   4.04429738E+01    0.00000000E+00
   4.14625785E+01    0.00000000E+00
   4.25078883E+01    0.00000000E+00
   4.35795513E+01    0.00000000E+00
   4.46782320E+01    0.00000000E+00
   4.58046114E+01    0.00000000E+00
   4.69593879E+01    0.00000000E+00
   4.81432773E+01    0.00000000E+00
   4.93570137E+01    0.00000000E+00
   5.06013496E+01    0.00000000E+00
   5.18770562E+01    0.00000000E+00
   5.31849246E+01    0.00000000E+00
   5.45257656E+01    0.00000000E+00
   5.59004104E+01    0.00000000E+00
   5.73097113E+01    0.00000000E+00
   5.87545419E+01    0.00000000E+00
   6.02357981E+01    0.00000000E+00
   6.17543981E+01    0.00000000E+00
   6.33112834E+01    0.00000000E+00
   6.49074192E+01    0.00000000E+00
   6.65437950E+01    0.00000000E+00
   6.82214255E+01    0.00000000E+00
   6.99413505E+01    0.00000000E+00
   7.17046364E+01    0.00000000E+00
   7.35123764E+01    0.00000000E+00
   7.53656911E+01    0.00000000E+00
   7.72657297E+01    0.00000000E+00
   7.92136699E+01    0.00000000E+00
   8.12107196E+01    0.00000000E+00
   8.32581167E+01    0.00000000E+00
   8.53571305E+01    0.00000000E+00
   8.75090625E+01    0.00000000E+00
   8.97152466E+01    0.00000000E+00
   9.19770507E+01    0.00000000E+00
   9.42958769E+01    0.00000000E+00
   9.66731629E+01    0.00000000E+00
   9.91103824E+01    0.00000000E+00
   1.01609046E+02    0.00000000E+00
   1.04170704E+02    0.00000000E+00
   1.06796944E+02    0.00000000E+00
   1.09489393E+02    0.00000000E+00
   1.12249722E+02    0.00000000E+00
