# 
# Energy units: hartree
# Length units: bohr
#
# ------------------------------------
# |        r       |       v(r)      |
# ------------------------------------
    3.74165729E-05   -1.51230027E-01
    3.83598792E-05   -1.51227341E-01
    3.93269671E-05   -1.51224607E-01
    4.03184362E-05   -1.51221847E-01
    4.13349012E-05   -1.51219082E-01
    4.23769921E-05   -1.51216314E-01
    4.34453551E-05   -1.51213535E-01
    4.45406526E-05   -1.51210738E-01
    4.56635635E-05   -1.51207926E-01
    4.68147840E-05   -1.51205099E-01
    4.79950279E-05   -1.51202259E-01
    4.92050268E-05   -1.51199407E-01
    5.04455309E-05   -1.51196541E-01
    5.17173092E-05   -1.51193661E-01
    5.30211502E-05   -1.51190768E-01
    5.43578623E-05   -1.51187861E-01
    5.57282741E-05   -1.51184941E-01
    5.71332353E-05   -1.51182007E-01
    5.85736168E-05   -1.51179060E-01
    6.00503117E-05   -1.51176098E-01
    6.15642354E-05   -1.51173123E-01
    6.31163265E-05   -1.51170134E-01
    6.47075473E-05   -1.51167131E-01
    6.63388842E-05   -1.51164113E-01
    6.80113486E-05   -1.51161082E-01
    6.97259774E-05   -1.51158036E-01
    7.14838335E-05   -1.51154975E-01
    7.32860069E-05   -1.51151899E-01
    7.51336146E-05   -1.51148808E-01
    7.70278023E-05   -1.51145702E-01
    7.89697442E-05   -1.51142580E-01
    8.09606443E-05   -1.51139442E-01
    8.30017367E-05   -1.51136289E-01
    8.50942870E-05   -1.51133119E-01
    8.72395924E-05   -1.51129933E-01
    8.94389830E-05   -1.51126729E-01
    9.16938222E-05   -1.51123509E-01
    9.40055079E-05   -1.51120271E-01
    9.63754734E-05   -1.51117015E-01
    9.88051880E-05   -1.51113741E-01
    1.01296158E-04   -1.51110449E-01
    1.03849927E-04   -1.51107137E-01
    1.06468080E-04   -1.51103806E-01
    1.09152238E-04   -1.51100456E-01
    1.11904067E-04   -1.51097085E-01
    1.14725271E-04   -1.51093694E-01
    1.17617601E-04   -1.51090282E-01
    1.20582849E-04   -1.51086848E-01
    1.23622854E-04   -1.51083393E-01
    1.26739500E-04   -1.51079915E-01
    1.29934720E-04   -1.51076414E-01
    1.33210494E-04   -1.51072889E-01
    1.36568853E-04   -1.51069341E-01
    1.40011880E-04   -1.51065768E-01
    1.43541708E-04   -1.51062170E-01
    1.47160527E-04   -1.51058546E-01
    1.50870580E-04   -1.51054896E-01
    1.54674166E-04   -1.51051219E-01
    1.58573644E-04   -1.51047515E-01
    1.62571432E-04   -1.51043782E-01
    1.66670008E-04   -1.51040020E-01
    1.70871912E-04   -1.51036229E-01
    1.75179751E-04   -1.51032407E-01
    1.79596194E-04   -1.51028555E-01
    1.84123979E-04   -1.51024671E-01
    1.88765915E-04   -1.51020754E-01
    1.93524877E-04   -1.51016804E-01
    1.98403818E-04   -1.51012819E-01
    2.03405761E-04   -1.51008800E-01
    2.08533808E-04   -1.51004745E-01
    2.13791137E-04   -1.51000653E-01
    2.19181009E-04   -1.50996523E-01
    2.24706764E-04   -1.50992355E-01
    2.30371829E-04   -1.50988148E-01
    2.36179715E-04   -1.50983900E-01
    2.42134023E-04   -1.50979610E-01
    2.48238445E-04   -1.50975278E-01
    2.54496765E-04   -1.50970903E-01
    2.60912863E-04   -1.50966483E-01
    2.67490717E-04   -1.50962017E-01
    2.74234404E-04   -1.50957504E-01
    2.81148107E-04   -1.50952943E-01
    2.88236109E-04   -1.50948333E-01
    2.95502807E-04   -1.50943672E-01
    3.02952706E-04   -1.50938960E-01
    3.10590423E-04   -1.50934195E-01
    3.18420693E-04   -1.50929375E-01
    3.26448373E-04   -1.50924499E-01
    3.34678437E-04   -1.50919567E-01
    3.43115989E-04   -1.50914576E-01
    3.51766259E-04   -1.50909525E-01
    3.60634611E-04   -1.50904412E-01
    3.69726542E-04   -1.50899237E-01
    3.79047689E-04   -1.50893997E-01
    3.88603830E-04   -1.50888690E-01
    3.98400891E-04   -1.50883316E-01
    4.08444945E-04   -1.50877872E-01
    4.18742218E-04   -1.50872356E-01
    4.29299096E-04   -1.50866768E-01
    4.40122121E-04   -1.50861105E-01
    4.51218006E-04   -1.50855364E-01
    4.62593628E-04   -1.50849545E-01
    4.74256039E-04   -1.50843645E-01
    4.86212471E-04   -1.50837662E-01
    4.98470336E-04   -1.50831595E-01
    5.11037233E-04   -1.50825440E-01
    5.23920952E-04   -1.50819196E-01
    5.37129482E-04   -1.50812861E-01
    5.50671012E-04   -1.50806432E-01
    5.64553935E-04   -1.50799907E-01
    5.78786861E-04   -1.50793283E-01
    5.93378611E-04   -1.50786558E-01
    6.08338233E-04   -1.50779730E-01
    6.23675000E-04   -1.50772795E-01
    6.39398422E-04   -1.50765752E-01
    6.55518245E-04   -1.50758597E-01
    6.72044464E-04   -1.50751328E-01
    6.88987325E-04   -1.50743941E-01
    7.06357330E-04   -1.50736435E-01
    7.24165250E-04   -1.50728805E-01
    7.42422123E-04   -1.50721048E-01
    7.61139269E-04   -1.50713162E-01
    7.80328292E-04   -1.50705144E-01
    8.00001087E-04   -1.50696989E-01
    8.20169852E-04   -1.50688695E-01
    8.40847090E-04   -1.50680257E-01
    8.62045620E-04   -1.50671674E-01
    8.83778585E-04   -1.50662939E-01
    9.06059458E-04   -1.50654051E-01
    9.28902052E-04   -1.50645004E-01
    9.52320529E-04   -1.50635796E-01
    9.76329407E-04   -1.50626421E-01
    1.00094357E-03   -1.50616876E-01
    1.02617828E-03   -1.50607157E-01
    1.05204918E-03   -1.50597259E-01
    1.07857231E-03   -1.50587177E-01
    1.10576411E-03   -1.50576907E-01
    1.13364145E-03   -1.50566444E-01
    1.16222159E-03   -1.50555784E-01
    1.19152227E-03   -1.50544921E-01
    1.22156164E-03   -1.50533850E-01
    1.25235834E-03   -1.50522566E-01
    1.28393145E-03   -1.50511064E-01
    1.31630054E-03   -1.50499339E-01
    1.34948569E-03   -1.50487383E-01
    1.38350747E-03   -1.50475193E-01
    1.41838697E-03   -1.50462761E-01
    1.45414581E-03   -1.50450082E-01
    1.49080617E-03   -1.50437149E-01
    1.52839077E-03   -1.50423957E-01
    1.56692291E-03   -1.50410499E-01
    1.60642648E-03   -1.50396766E-01
    1.64692597E-03   -1.50382755E-01
    1.68844649E-03   -1.50368456E-01
    1.73101378E-03   -1.50353863E-01
    1.77465424E-03   -1.50338969E-01
    1.81939491E-03   -1.50323765E-01
    1.86526353E-03   -1.50308244E-01
    1.91228854E-03   -1.50292398E-01
    1.96049910E-03   -1.50276219E-01
    2.00992509E-03   -1.50259698E-01
    2.06059715E-03   -1.50242828E-01
    2.11254670E-03   -1.50225597E-01
    2.16580595E-03   -1.50208000E-01
    2.22040792E-03   -1.50190025E-01
    2.27638645E-03   -1.50171663E-01
    2.33377625E-03   -1.50152905E-01
    2.39261290E-03   -1.50133740E-01
    2.45293288E-03   -1.50114159E-01
    2.51477357E-03   -1.50094150E-01
    2.57817333E-03   -1.50073704E-01
    2.64317146E-03   -1.50052809E-01
    2.70980825E-03   -1.50031453E-01
    2.77812501E-03   -1.50009625E-01
    2.84816411E-03   -1.49987314E-01
    2.91996895E-03   -1.49964507E-01
    2.99358406E-03   -1.49941192E-01
    3.06905507E-03   -1.49917356E-01
    3.14642878E-03   -1.49892986E-01
    3.22575315E-03   -1.49868068E-01
    3.30707736E-03   -1.49842588E-01
    3.39045183E-03   -1.49816533E-01
    3.47592824E-03   -1.49789889E-01
    3.56355960E-03   -1.49762640E-01
    3.65340022E-03   -1.49734770E-01
    3.74550581E-03   -1.49706265E-01
    3.83993346E-03   -1.49677109E-01
    3.93674172E-03   -1.49647285E-01
    4.03599061E-03   -1.49616776E-01
    4.13774165E-03   -1.49585565E-01
    4.24205793E-03   -1.49553635E-01
    4.34900412E-03   -1.49520967E-01
    4.45864653E-03   -1.49487543E-01
    4.57105312E-03   -1.49453345E-01
    4.68629358E-03   -1.49418352E-01
    4.80443936E-03   -1.49382545E-01
    4.92556370E-03   -1.49345902E-01
    5.04974170E-03   -1.49308404E-01
    5.17705035E-03   -1.49270029E-01
    5.30756856E-03   -1.49230755E-01
    5.44137725E-03   -1.49190559E-01
    5.57855939E-03   -1.49149417E-01
    5.71920001E-03   -1.49107307E-01
    5.86338632E-03   -1.49064204E-01
    6.01120769E-03   -1.49020084E-01
    6.16275578E-03   -1.48974921E-01
    6.31812453E-03   -1.48928688E-01
    6.47741028E-03   -1.48881358E-01
    6.64071176E-03   -1.48832905E-01
    6.80813022E-03   -1.48783301E-01
    6.97976946E-03   -1.48732516E-01
    7.15573588E-03   -1.48680521E-01
    7.33613858E-03   -1.48627285E-01
    7.52108940E-03   -1.48572778E-01
    7.71070299E-03   -1.48516967E-01
    7.90509692E-03   -1.48459821E-01
    8.10439170E-03   -1.48401306E-01
    8.30871089E-03   -1.48341388E-01
    8.51818115E-03   -1.48280031E-01
    8.73293235E-03   -1.48217199E-01
    8.95309762E-03   -1.48152856E-01
    9.17881346E-03   -1.48086965E-01
    9.41021981E-03   -1.48019487E-01
    9.64746013E-03   -1.47950381E-01
    9.89068149E-03   -1.47879607E-01
    1.01400347E-02   -1.47807123E-01
    1.03956743E-02   -1.47732889E-01
    1.06577588E-02   -1.47656859E-01
    1.09264508E-02   -1.47578989E-01
    1.12019167E-02   -1.47499233E-01
    1.14843273E-02   -1.47417544E-01
    1.17738578E-02   -1.47333874E-01
    1.20706876E-02   -1.47248174E-01
    1.23750007E-02   -1.47160395E-01
    1.26869859E-02   -1.47070483E-01
    1.30068365E-02   -1.46978386E-01
    1.33347509E-02   -1.46884050E-01
    1.36709322E-02   -1.46787419E-01
    1.40155890E-02   -1.46688438E-01
    1.43689349E-02   -1.46587047E-01
    1.47311890E-02   -1.46483187E-01
    1.51025759E-02   -1.46376796E-01
    1.54833258E-02   -1.46267812E-01
    1.58736747E-02   -1.46156173E-01
    1.62738646E-02   -1.46041811E-01
    1.66841438E-02   -1.45924661E-01
    1.71047664E-02   -1.45804653E-01
    1.75359933E-02   -1.45681716E-01
    1.79780919E-02   -1.45555780E-01
    1.84313362E-02   -1.45426771E-01
    1.88960071E-02   -1.45294612E-01
    1.93723929E-02   -1.45159228E-01
    1.98607888E-02   -1.45020539E-01
    2.03614976E-02   -1.44878464E-01
    2.08748297E-02   -1.44732922E-01
    2.14011034E-02   -1.44583826E-01
    2.19406449E-02   -1.44431091E-01
    2.24937888E-02   -1.44274629E-01
    2.30608780E-02   -1.44114349E-01
    2.36422640E-02   -1.43950159E-01
    2.42383072E-02   -1.43781963E-01
    2.48493773E-02   -1.43609666E-01
    2.54758530E-02   -1.43433168E-01
    2.61181227E-02   -1.43252368E-01
    2.67765847E-02   -1.43067164E-01
    2.74516471E-02   -1.42877449E-01
    2.81437284E-02   -1.42683116E-01
    2.88532577E-02   -1.42484055E-01
    2.95806749E-02   -1.42280154E-01
    3.03264310E-02   -1.42071297E-01
    3.10909883E-02   -1.41857367E-01
    3.18748208E-02   -1.41638246E-01
    3.26784144E-02   -1.41413810E-01
    3.35022673E-02   -1.41183936E-01
    3.43468904E-02   -1.40948497E-01
    3.52128071E-02   -1.40707362E-01
    3.61005545E-02   -1.40460402E-01
    3.70106827E-02   -1.40207481E-01
    3.79437561E-02   -1.39948464E-01
    3.89003532E-02   -1.39683210E-01
    3.98810670E-02   -1.39411579E-01
    4.08865054E-02   -1.39133427E-01
    4.19172919E-02   -1.38848608E-01
    4.29740655E-02   -1.38556974E-01
    4.40574813E-02   -1.38258375E-01
    4.51682110E-02   -1.37952659E-01
    4.63069432E-02   -1.37639670E-01
    4.74743840E-02   -1.37319254E-01
    4.86712569E-02   -1.36991254E-01
    4.98983042E-02   -1.36655510E-01
    5.11562864E-02   -1.36311861E-01
    5.24459836E-02   -1.35960147E-01
    5.37681951E-02   -1.35600206E-01
    5.51237409E-02   -1.35231877E-01
    5.65134612E-02   -1.34854997E-01
    5.79382177E-02   -1.34469405E-01
    5.93988935E-02   -1.34074941E-01
    6.08963944E-02   -1.33671446E-01
    6.24316486E-02   -1.33258763E-01
    6.40056080E-02   -1.32836739E-01
    6.56192484E-02   -1.32405224E-01
    6.72735702E-02   -1.31964074E-01
    6.89695989E-02   -1.31513150E-01
    7.07083860E-02   -1.31052320E-01
    7.24910096E-02   -1.30581460E-01
    7.43185748E-02   -1.30100459E-01
    7.61922146E-02   -1.29609214E-01
    7.81130905E-02   -1.29107638E-01
    8.00823935E-02   -1.28595660E-01
    8.21013445E-02   -1.28073227E-01
    8.41711951E-02   -1.27540307E-01
    8.62932285E-02   -1.26996895E-01
    8.84687603E-02   -1.26443010E-01
    9.06991393E-02   -1.25878706E-01
    9.29857482E-02   -1.25304072E-01
    9.53300046E-02   -1.24719238E-01
    9.77333619E-02   -1.24124381E-01
    1.00197310E-01   -1.23519727E-01
    1.02723377E-01   -1.22905564E-01
    1.05313128E-01   -1.22282239E-01
    1.07968169E-01   -1.21650176E-01
    1.10690146E-01   -1.21009875E-01
    1.13480746E-01   -1.20361921E-01
    1.16341700E-01   -1.19706996E-01
    1.19274782E-01   -1.19045882E-01
    1.22281809E-01   -1.18379468E-01
    1.25364646E-01   -1.17708768E-01
    1.28525205E-01   -1.17034904E-01
    1.31765443E-01   -1.16359131E-01
    1.35087372E-01   -1.15682831E-01
    1.38493049E-01   -1.15007507E-01
    1.41984586E-01   -1.14334790E-01
    1.45564149E-01   -1.13666416E-01
    1.49233955E-01   -1.13004219E-01
    1.52996281E-01   -1.12350121E-01
    1.56853458E-01   -1.11706079E-01
    1.60807878E-01   -1.11074078E-01
    1.64861993E-01   -1.10456090E-01
    1.69018316E-01   -1.09854009E-01
    1.73279423E-01   -1.09269622E-01
    1.77647957E-01   -1.08704561E-01
    1.82126626E-01   -1.08160230E-01
    1.86718206E-01   -1.07637782E-01
    1.91425544E-01   -1.07138060E-01
    1.96251559E-01   -1.06661569E-01
    2.01199241E-01   -1.06208454E-01
    2.06271660E-01   -1.05778480E-01
    2.11471958E-01   -1.05371034E-01
    2.16803361E-01   -1.04985172E-01
    2.22269174E-01   -1.04619581E-01
    2.27872785E-01   -1.04272684E-01
    2.33617667E-01   -1.03942646E-01
    2.39507384E-01   -1.03627430E-01
    2.45545586E-01   -1.03324862E-01
    2.51736017E-01   -1.03032661E-01
    2.58082514E-01   -1.02748509E-01
    2.64589012E-01   -1.02470073E-01
    2.71259545E-01   -1.02195063E-01
    2.78098248E-01   -1.01921255E-01
    2.85109361E-01   -1.01646495E-01
    2.92297231E-01   -1.01368753E-01
    2.99666313E-01   -1.01086114E-01
    3.07221177E-01   -1.00796789E-01
    3.14966506E-01   -1.00499118E-01
    3.22907102E-01   -1.00191573E-01
    3.31047888E-01   -9.98727504E-02
    3.39393910E-01   -9.95413715E-02
    3.47950344E-01   -9.91962703E-02
    3.56722493E-01   -9.88363916E-02
    3.65715795E-01   -9.84607780E-02
    3.74935828E-01   -9.80685662E-02
    3.84388306E-01   -9.76589773E-02
    3.94079089E-01   -9.72313083E-02
    4.04014186E-01   -9.67849261E-02
    4.14199756E-01   -9.63192606E-02
    4.24642114E-01   -9.58337975E-02
    4.35347733E-01   -9.53280737E-02
    4.46323251E-01   -9.48016718E-02
    4.57575471E-01   -9.42542165E-02
    4.69111370E-01   -9.36853701E-02
    4.80938100E-01   -9.30948305E-02
    4.93062993E-01   -9.24823288E-02
    5.05493566E-01   -9.18476280E-02
    5.18237525E-01   -9.11905225E-02
    5.31302770E-01   -9.05108379E-02
    5.44697403E-01   -8.98084335E-02
    5.58429726E-01   -8.90832036E-02
    5.72508255E-01   -8.83350807E-02
    5.86941715E-01   -8.75640415E-02
    6.01739057E-01   -8.67701118E-02
    6.16909453E-01   -8.59533751E-02
    6.32462309E-01   -8.51139815E-02
    6.48407267E-01   -8.42521604E-02
    6.64754212E-01   -8.33682354E-02
    6.81513278E-01   -8.24626375E-02
    6.98694856E-01   -8.15359335E-02
    7.16309598E-01   -8.05888423E-02
    7.34368423E-01   -7.96222678E-02
    7.52882528E-01   -7.86373300E-02
    7.71863390E-01   -7.76354023E-02
    7.91322778E-01   -7.66181546E-02
    8.11272754E-01   -7.55875982E-02
    8.31725688E-01   -7.45461357E-02
    8.52694259E-01   -7.34966113E-02
    8.74191468E-01   -7.24423596E-02
    8.96230640E-01   -7.13872468E-02
    9.18825441E-01   -7.03357005E-02
    9.41989877E-01   -6.92927133E-02
    9.65738310E-01   -6.82638181E-02
    9.90085463E-01   -6.72550144E-02
    1.01504643E+00   -6.62726401E-02
    1.04063669E+00   -6.53231765E-02
    1.06687210E+00   -6.44129877E-02
    1.09376893E+00   -6.35480006E-02
    1.12134385E+00   -6.27333498E-02
    1.14961396E+00   -6.19730222E-02
    1.17859679E+00   -6.12695473E-02
    1.20831030E+00   -6.06237785E-02
    1.23877292E+00   -6.00348046E-02
    1.27000352E+00   -5.95000055E-02
    1.30202148E+00   -5.90152475E-02
    1.33484664E+00   -5.85751851E-02
    1.36849936E+00   -5.81736250E-02
    1.40300049E+00   -5.78039028E-02
    1.43837142E+00   -5.74592324E-02
    1.47463409E+00   -5.71329958E-02
    1.51181098E+00   -5.68189631E-02
    1.54992513E+00   -5.65114386E-02
    1.58900017E+00   -5.62053441E-02
    1.62906033E+00   -5.58962469E-02
    1.67013044E+00   -5.55803517E-02
    1.71223597E+00   -5.52544655E-02
    1.75540301E+00   -5.49159458E-02
    1.79965834E+00   -5.45626438E-02
    1.84502939E+00   -5.41928433E-02
    1.89154428E+00   -5.38052032E-02
    1.93923185E+00   -5.33987038E-02
    1.98812168E+00   -5.29725981E-02
    2.03824406E+00   -5.25263696E-02
    2.08963007E+00   -5.20596948E-02
    2.14231157E+00   -5.15724116E-02
    2.19632122E+00   -5.10644932E-02
    2.25169250E+00   -5.05360243E-02
    2.30845974E+00   -4.99871834E-02
    2.36665814E+00   -4.94182259E-02
    2.42632377E+00   -4.88294724E-02
    2.48749363E+00   -4.82212967E-02
    2.55020564E+00   -4.75941181E-02
    2.61449867E+00   -4.69483933E-02
    2.68041260E+00   -4.62846112E-02
    2.74798827E+00   -4.56032879E-02
    2.81726759E+00   -4.49049629E-02
    2.88829350E+00   -4.41901962E-02
    2.96111004E+00   -4.34595661E-02
    3.03576235E+00   -4.27136671E-02
    3.11229672E+00   -4.19531089E-02
    3.19076059E+00   -4.11785155E-02
    3.27120260E+00   -4.03905245E-02
    3.35367264E+00   -3.95897871E-02
    3.43822182E+00   -3.87769681E-02
    3.52490256E+00   -3.79527460E-02
    3.61376860E+00   -3.71178140E-02
    3.70487504E+00   -3.62728802E-02
    3.79827835E+00   -3.54186689E-02
    3.89403645E+00   -3.45559217E-02
    3.99220870E+00   -3.36853983E-02
    4.09285596E+00   -3.28078782E-02
    4.19604063E+00   -3.19241620E-02
    4.30182668E+00   -3.10350732E-02
    4.41027970E+00   -3.01414592E-02
    4.52146691E+00   -2.92441935E-02
    4.63545726E+00   -2.83441764E-02
    4.75232141E+00   -2.74423367E-02
    4.87213182E+00   -2.65396332E-02
    4.99496275E+00   -2.56370551E-02
    5.12089037E+00   -2.47356223E-02
    5.24999273E+00   -2.38363863E-02
    5.38234989E+00   -2.29404295E-02
    5.51804389E+00   -2.20488641E-02
    5.65715886E+00   -2.11628304E-02
    5.79978105E+00   -2.02834953E-02
    5.94599888E+00   -1.94120485E-02
    6.09590299E+00   -1.85496987E-02
    6.24958632E+00   -1.76976689E-02
    6.40714416E+00   -1.68571914E-02
    6.56867416E+00   -1.60295014E-02
    6.73427650E+00   -1.52158291E-02
    6.90405381E+00   -1.44173930E-02
    7.07811137E+00   -1.36353903E-02
    7.25655709E+00   -1.28709897E-02
    7.43950158E+00   -1.21253205E-02
    7.62705827E+00   -1.13994643E-02
    7.81934344E+00   -1.06944447E-02
    8.01647630E+00   -1.00112190E-02
    8.21857905E+00   -9.35066759E-03
    8.42577700E+00   -8.71358684E-03
    8.63819861E+00   -8.10068010E-03
    8.85597556E+00   -7.51255085E-03
    9.07924287E+00   -6.94969639E-03
    9.30813895E+00   -6.41250238E-03
    9.54280571E+00   -5.90123967E-03
    9.78338864E+00   -5.41605954E-03
    1.00300369E+01   -4.95699576E-03
    1.02829034E+01   -4.52396102E-03
    1.05421448E+01   -4.11675031E-03
    1.08079220E+01   -3.73504291E-03
    1.10803997E+01   -3.37840905E-03
    1.13597468E+01   -3.04631084E-03
    1.16461365E+01   -2.73811375E-03
    1.19397463E+01   -2.45309190E-03
    1.22407583E+01   -2.19043790E-03
    1.25493591E+01   -1.94927225E-03
    1.28657400E+01   -1.72865412E-03
    1.31900972E+01   -1.52759033E-03
    1.35226317E+01   -1.34504983E-03
    1.38635497E+01   -1.17997153E-03
    1.42130626E+01   -1.03127666E-03
    1.45713870E+01   -8.97879446E-04
    1.49387451E+01   -7.78696350E-04
    1.53153646E+01   -6.72656896E-04
    1.57014791E+01   -5.78711194E-04
    1.60973278E+01   -4.95838170E-04
    1.65031563E+01   -4.23052794E-04
    1.69192161E+01   -3.59410994E-04
    1.73457651E+01   -3.04015465E-04
    1.77830678E+01   -2.56018895E-04
    1.82313954E+01   -2.14626831E-04
    1.86910257E+01   -1.79099468E-04
    1.91622436E+01   -1.48752542E-04
    1.96453415E+01   -1.22957298E-04
    2.01406186E+01   -1.01139863E-04
    2.06483822E+01   -8.27796363E-05
    2.11689469E+01    0.00000000E+00
    2.17026356E+01    0.00000000E+00
    2.22497791E+01    0.00000000E+00
    2.28107165E+01    0.00000000E+00
    2.33857957E+01    0.00000000E+00
    2.39753732E+01    0.00000000E+00
    2.45798144E+01    0.00000000E+00
    2.51994942E+01    0.00000000E+00
    2.58347967E+01    0.00000000E+00
    2.64861157E+01    0.00000000E+00
    2.71538551E+01    0.00000000E+00
    2.78384288E+01    0.00000000E+00
    2.85402613E+01    0.00000000E+00
    2.92597876E+01    0.00000000E+00
    2.99974538E+01    0.00000000E+00
    3.07537172E+01    0.00000000E+00
    3.15290468E+01    0.00000000E+00
    3.23239231E+01    0.00000000E+00
    3.31388390E+01    0.00000000E+00
    3.39742997E+01    0.00000000E+00
    3.48308231E+01    0.00000000E+00
    3.57089403E+01    0.00000000E+00
    3.66091956E+01    0.00000000E+00
    3.75321471E+01    0.00000000E+00
    3.84783671E+01    0.00000000E+00
    3.94484422E+01    0.00000000E+00
    4.04429738E+01    0.00000000E+00
    4.14625785E+01    0.00000000E+00
    4.25078883E+01    0.00000000E+00
    4.35795513E+01    0.00000000E+00
    4.46782320E+01    0.00000000E+00
    4.58046114E+01    0.00000000E+00
    4.69593879E+01    0.00000000E+00
    4.81432773E+01    0.00000000E+00
    4.93570137E+01    0.00000000E+00
    5.06013496E+01    0.00000000E+00
    5.18770562E+01    0.00000000E+00
    5.31849246E+01    0.00000000E+00
    5.45257656E+01    0.00000000E+00
    5.59004104E+01    0.00000000E+00
    5.73097113E+01    0.00000000E+00
    5.87545419E+01    0.00000000E+00
    6.02357981E+01    0.00000000E+00
    6.17543981E+01    0.00000000E+00
    6.33112834E+01    0.00000000E+00
    6.49074192E+01    0.00000000E+00
    6.65437950E+01    0.00000000E+00
    6.82214255E+01    0.00000000E+00
    6.99413505E+01    0.00000000E+00
    7.17046364E+01    0.00000000E+00
    7.35123764E+01    0.00000000E+00
    7.53656911E+01    0.00000000E+00
    7.72657297E+01    0.00000000E+00
    7.92136699E+01    0.00000000E+00
    8.12107196E+01    0.00000000E+00
    8.32581167E+01    0.00000000E+00
    8.53571305E+01    0.00000000E+00
    8.75090625E+01    0.00000000E+00
    8.97152466E+01    0.00000000E+00
    9.19770507E+01    0.00000000E+00
    9.42958769E+01    0.00000000E+00
    9.66731629E+01    0.00000000E+00
    9.91103824E+01    0.00000000E+00
    1.01609046E+02    0.00000000E+00
    1.04170704E+02    0.00000000E+00
    1.06796944E+02    0.00000000E+00
    1.09489393E+02    0.00000000E+00
    1.12249722E+02    0.00000000E+00
