#
# Radial kinetic energy density.
# Length units: bohr
# Energy units: hartree
#
# -----------------------------------
# |       r       |     tau(r)      |
# -----------------------------------
   3.74165729E-05    3.96544773E+07
   3.83598792E-05    3.81615643E+07
   3.93269671E-05    3.66824414E+07
   4.03184362E-05    3.52413978E+07
   4.13349012E-05    3.38599964E+07
   4.23769921E-05    3.25376568E+07
   4.34453551E-05    3.12656324E+07
   4.45406526E-05    3.00364515E+07
   4.56635635E-05    2.88496609E+07
   4.68147840E-05    2.77064133E+07
   4.79950279E-05    2.66070358E+07
   4.92050268E-05    2.55500918E+07
   5.04455309E-05    2.45337058E+07
   5.17173092E-05    2.35563058E+07
   5.30211502E-05    2.26169033E+07
   5.43578623E-05    2.17143897E+07
   5.57282741E-05    2.08476275E+07
   5.71332353E-05    2.00154713E+07
   5.85736168E-05    1.92166132E+07
   6.00503117E-05    1.84498727E+07
   6.15642354E-05    1.77142021E+07
   6.31163265E-05    1.70084106E+07
   6.47075473E-05    1.63314056E+07
   6.63388842E-05    1.56821959E+07
   6.80113486E-05    1.50596564E+07
   6.97259774E-05    1.44627545E+07
   7.14838335E-05    1.38905877E+07
   7.32860069E-05    1.33421347E+07
   7.51336146E-05    1.28164280E+07
   7.70278023E-05    1.23126542E+07
   7.89697442E-05    1.18299005E+07
   8.09606443E-05    1.13672590E+07
   8.30017367E-05    1.09240003E+07
   8.50942870E-05    1.04993273E+07
   8.72395924E-05    1.00923975E+07
   8.94389830E-05    9.70254702E+06
   9.16938222E-05    9.32909214E+06
   9.40055079E-05    8.97127344E+06
   9.63754734E-05    8.62846372E+06
   9.88051880E-05    8.30008563E+06
   1.01296158E-04    7.98548113E+06
   1.03849927E-04    7.68404129E+06
   1.06468080E-04    7.39527547E+06
   1.09152238E-04    7.11863463E+06
   1.11904067E-04    6.85353928E+06
   1.14725271E-04    6.59954671E+06
   1.17617601E-04    6.35620908E+06
   1.20582849E-04    6.12301807E+06
   1.23622854E-04    5.89953196E+06
   1.26739500E-04    5.68538666E+06
   1.29934720E-04    5.48016809E+06
   1.33210494E-04    5.28344004E+06
   1.36568853E-04    5.09487720E+06
   1.40011880E-04    4.91415275E+06
   1.43541708E-04    4.74089158E+06
   1.47160527E-04    4.57475251E+06
   1.50870580E-04    4.41547402E+06
   1.54674166E-04    4.26276268E+06
   1.58573644E-04    4.11629106E+06
   1.62571432E-04    3.97580158E+06
   1.66670008E-04    3.84107029E+06
   1.70871912E-04    3.71183762E+06
   1.75179751E-04    3.58782828E+06
   1.79596194E-04    3.46884433E+06
   1.84123979E-04    3.35469171E+06
   1.88765915E-04    3.24514436E+06
   1.93524877E-04    3.13997589E+06
   1.98403818E-04    3.03902851E+06
   2.03405761E-04    2.94213609E+06
   2.08533808E-04    2.84910478E+06
   2.13791137E-04    2.75974824E+06
   2.19181009E-04    2.67393781E+06
   2.24706764E-04    2.59153359E+06
   2.30371829E-04    2.51237179E+06
   2.36179715E-04    2.43629622E+06
   2.42134023E-04    2.36320100E+06
   2.48238445E-04    2.29297044E+06
   2.54496765E-04    2.22546822E+06
   2.60912863E-04    2.16056025E+06
   2.67490717E-04    2.09815838E+06
   2.74234404E-04    2.03816883E+06
   2.81148107E-04    1.98048026E+06
   2.88236109E-04    1.92497575E+06
   2.95502807E-04    1.87157932E+06
   3.02952706E-04    1.82021667E+06
   3.10590423E-04    1.77079871E+06
   3.18420693E-04    1.72322497E+06
   3.26448373E-04    1.67742473E+06
   3.34678437E-04    1.63334044E+06
   3.43115989E-04    1.59090247E+06
   3.51766259E-04    1.55002833E+06
   3.60634611E-04    1.51064753E+06
   3.69726542E-04    1.47271467E+06
   3.79047689E-04    1.43617684E+06
   3.88603830E-04    1.40096997E+06
   3.98400891E-04    1.36702565E+06
   4.08444945E-04    1.33430222E+06
   4.18742218E-04    1.30276087E+06
   4.29299096E-04    1.27235372E+06
   4.40122121E-04    1.24302340E+06
   4.51218006E-04    1.21472230E+06
   4.62593628E-04    1.18742144E+06
   4.74256039E-04    1.16108631E+06
   4.86212471E-04    1.13567434E+06
   4.98470336E-04    1.11113725E+06
   5.11037233E-04    1.08744453E+06
   5.23920952E-04    1.06457243E+06
   5.37129482E-04    1.04249088E+06
   5.50671012E-04    1.02116267E+06
   5.64553935E-04    1.00054946E+06
   5.78786861E-04    9.80630757E+05
   5.93378611E-04    9.61386592E+05
   6.08338233E-04    9.42791391E+05
   6.23675000E-04    9.24813433E+05
   6.39398422E-04    9.07422724E+05
   6.55518245E-04    8.90604190E+05
   6.72044464E-04    8.74341349E+05
   6.88987325E-04    8.58612899E+05
   7.06357330E-04    8.43392273E+05
   7.24165250E-04    8.28655656E+05
   7.42422123E-04    8.14391475E+05
   7.61139269E-04    8.00586375E+05
   7.80328292E-04    7.87222877E+05
   8.00001087E-04    7.74278989E+05
   8.20169852E-04    7.61734999E+05
   8.40847090E-04    7.49581797E+05
   8.62045620E-04    7.37808825E+05
   8.83778585E-04    7.26402023E+05
   9.06059458E-04    7.15343464E+05
   9.28902052E-04    7.04616065E+05
   9.52320529E-04    6.94212358E+05
   9.76329407E-04    6.84124240E+05
   1.00094357E-03    6.74340665E+05
   1.02617828E-03    6.64847319E+05
   1.05204918E-03    6.55628957E+05
   1.07857231E-03    6.46678804E+05
   1.10576411E-03    6.37990925E+05
   1.13364145E-03    6.29556945E+05
   1.16222159E-03    6.21365767E+05
   1.19152227E-03    6.13404037E+05
   1.22156164E-03    6.05664216E+05
   1.25235834E-03    5.98142234E+05
   1.28393145E-03    5.90832122E+05
   1.31630054E-03    5.83725688E+05
   1.34948569E-03    5.76812293E+05
   1.38350747E-03    5.70082696E+05
   1.41838697E-03    5.63533509E+05
   1.45414581E-03    5.57160611E+05
   1.49080617E-03    5.50958076E+05
   1.52839077E-03    5.44917951E+05
   1.56692291E-03    5.39031153E+05
   1.60642648E-03    5.33293643E+05
   1.64692597E-03    5.27702719E+05
   1.68844649E-03    5.22254223E+05
   1.73101378E-03    5.16942356E+05
   1.77465424E-03    5.11759537E+05
   1.81939491E-03    5.06699734E+05
   1.86526353E-03    5.01760916E+05
   1.91228854E-03    4.96940340E+05
   1.96049910E-03    4.92233950E+05
   2.00992509E-03    4.87636212E+05
   2.06059715E-03    4.83140647E+05
   2.11254670E-03    4.78744356E+05
   2.16580595E-03    4.74445648E+05
   2.22040792E-03    4.70241796E+05
   2.27638645E-03    4.66128888E+05
   2.33377625E-03    4.62101698E+05
   2.39261290E-03    4.58155481E+05
   2.45293288E-03    4.54288744E+05
   2.51477357E-03    4.50499743E+05
   2.57817333E-03    4.46785795E+05
   2.64317146E-03    4.43143159E+05
   2.70980825E-03    4.39567140E+05
   2.77812501E-03    4.36055084E+05
   2.84816411E-03    4.32605916E+05
   2.91996895E-03    4.29217872E+05
   2.99358406E-03    4.25888348E+05
   3.06905507E-03    4.22613797E+05
   3.14642878E-03    4.19390278E+05
   3.22575315E-03    4.16216294E+05
   3.30707736E-03    4.13090791E+05
   3.39045183E-03    4.10012061E+05
   3.47592824E-03    4.06977655E+05
   3.56355960E-03    4.03984305E+05
   3.65340022E-03    4.01029143E+05
   3.74550581E-03    3.98111249E+05
   3.83993346E-03    3.95229491E+05
   3.93674172E-03    3.92382149E+05
   4.03599061E-03    3.89566842E+05
   4.13774165E-03    3.86780589E+05
   4.24205793E-03    3.84021664E+05
   4.34900412E-03    3.81289328E+05
   4.45864653E-03    3.78582417E+05
   4.57105312E-03    3.75899247E+05
   4.68629358E-03    3.73237547E+05
   4.80443936E-03    3.70594740E+05
   4.92556370E-03    3.67969730E+05
   5.04974170E-03    3.65361783E+05
   5.17705035E-03    3.62769764E+05
   5.30756856E-03    3.60192085E+05
   5.44137725E-03    3.57626645E+05
   5.57855939E-03    3.55071402E+05
   5.71920001E-03    3.52525602E+05
   5.86338632E-03    3.49988469E+05
   6.01120769E-03    3.47458869E+05
   6.16275578E-03    3.44935267E+05
   6.31812453E-03    3.42415719E+05
   6.47741028E-03    3.39898846E+05
   6.64071176E-03    3.37384061E+05
   6.80813022E-03    3.34870548E+05
   6.97976946E-03    3.32357177E+05
   7.15573588E-03    3.29842465E+05
   7.33613858E-03    3.27324697E+05
   7.52108940E-03    3.24803018E+05
   7.71070299E-03    3.22276878E+05
   7.90509692E-03    3.19745486E+05
   8.10439170E-03    3.17207778E+05
   8.30871089E-03    3.14662383E+05
   8.51818115E-03    3.12107910E+05
   8.73293235E-03    3.09543784E+05
   8.95309762E-03    3.06969469E+05
   9.17881346E-03    3.04384218E+05
   9.41021981E-03    3.01787050E+05
   9.64746013E-03    2.99176737E+05
   9.89068149E-03    2.96552366E+05
   1.01400347E-02    2.93913551E+05
   1.03956743E-02    2.91259791E+05
   1.06577588E-02    2.88590401E+05
   1.09264508E-02    2.85904494E+05
   1.12019167E-02    2.83201048E+05
   1.14843273E-02    2.80479574E+05
   1.17738578E-02    2.77739812E+05
   1.20706876E-02    2.74981377E+05
   1.23750007E-02    2.72203735E+05
   1.26869859E-02    2.69406184E+05
   1.30068365E-02    2.66587972E+05
   1.33347509E-02    2.63748871E+05
   1.36709322E-02    2.60888764E+05
   1.40155890E-02    2.58007434E+05
   1.43689349E-02    2.55104549E+05
   1.47311890E-02    2.52179645E+05
   1.51025759E-02    2.49232365E+05
   1.54833258E-02    2.46262764E+05
   1.58736747E-02    2.43270888E+05
   1.62738646E-02    2.40256706E+05
   1.66841438E-02    2.37220094E+05
   1.71047664E-02    2.34160887E+05
   1.75359933E-02    2.31079254E+05
   1.79780919E-02    2.27975487E+05
   1.84313362E-02    2.24849821E+05
   1.88960071E-02    2.21702432E+05
   1.93723929E-02    2.18533471E+05
   1.98607888E-02    2.15343360E+05
   2.03614976E-02    2.12132614E+05
   2.08748297E-02    2.08901714E+05
   2.14011034E-02    2.05651097E+05
   2.19406449E-02    2.02381325E+05
   2.24937888E-02    1.99093152E+05
   2.30608780E-02    1.95787334E+05
   2.36422640E-02    1.92464597E+05
   2.42383072E-02    1.89125703E+05
   2.48493773E-02    1.85771630E+05
   2.54758530E-02    1.82403395E+05
   2.61181227E-02    1.79022004E+05
   2.67765847E-02    1.75628509E+05
   2.74516471E-02    1.72224129E+05
   2.81437284E-02    1.68810113E+05
   2.88532577E-02    1.65387719E+05
   2.95806749E-02    1.61958318E+05
   3.03264310E-02    1.58523346E+05
   3.10909883E-02    1.55084271E+05
   3.18748208E-02    1.51642661E+05
   3.26784144E-02    1.48200113E+05
   3.35022673E-02    1.44758290E+05
   3.43468904E-02    1.41318922E+05
   3.52128071E-02    1.37883774E+05
   3.61005545E-02    1.34454683E+05
   3.70106827E-02    1.31033514E+05
   3.79437561E-02    1.27622203E+05
   3.89003532E-02    1.24222709E+05
   3.98810670E-02    1.20837037E+05
   4.08865054E-02    1.17467231E+05
   4.19172919E-02    1.14115360E+05
   4.29740655E-02    1.10783535E+05
   4.40574813E-02    1.07473871E+05
   4.51682110E-02    1.04188513E+05
   4.63069432E-02    1.00929610E+05
   4.74743840E-02    9.76993462E+04
   4.86712569E-02    9.44998887E+04
   4.98983042E-02    9.13333810E+04
   5.11562864E-02    8.82019872E+04
   5.24459836E-02    8.51078509E+04
   5.37681951E-02    8.20530856E+04
   5.51237409E-02    7.90397887E+04
   5.65134612E-02    7.60700106E+04
   5.79382177E-02    7.31457694E+04
   5.93988935E-02    7.02690293E+04
   6.08963944E-02    6.74417071E+04
   6.24316486E-02    6.46656511E+04
   6.40056080E-02    6.19426455E+04
   6.56192484E-02    5.92743997E+04
   6.72735702E-02    5.66625411E+04
   6.89695989E-02    5.41086108E+04
   7.07083860E-02    5.16140553E+04
   7.24910096E-02    4.91802222E+04
   7.43185748E-02    4.68083571E+04
   7.61922146E-02    4.44995878E+04
   7.81130905E-02    4.22549364E+04
   8.00823935E-02    4.00752970E+04
   8.21013445E-02    3.79614446E+04
   8.41711951E-02    3.59140281E+04
   8.62932285E-02    3.39335618E+04
   8.84687603E-02    3.20204291E+04
   9.06991393E-02    3.01748791E+04
   9.29857482E-02    2.83970233E+04
   9.53300046E-02    2.66868375E+04
   9.77333619E-02    2.50441612E+04
   1.00197310E-01    2.34686948E+04
   1.02723377E-01    2.19600052E+04
   1.05313128E-01    2.05175261E+04
   1.07968169E-01    1.91405602E+04
   1.10690146E-01    1.78282829E+04
   1.13480746E-01    1.65797452E+04
   1.16341700E-01    1.53938808E+04
   1.19274782E-01    1.42695078E+04
   1.22281809E-01    1.32053348E+04
   1.25364646E-01    1.21999777E+04
   1.28525205E-01    1.12519439E+04
   1.31765443E-01    1.03596624E+04
   1.35087372E-01    9.52147915E+03
   1.38493049E-01    8.73566677E+03
   1.41984586E-01    8.00044069E+03
   1.45564149E-01    7.31395290E+03
   1.49233955E-01    6.67431249E+03
   1.52996281E-01    6.07960030E+03
   1.56853458E-01    5.52785205E+03
   1.60807878E-01    5.01709785E+03
   1.64861993E-01    4.54535652E+03
   1.69018316E-01    4.11063949E+03
   1.73279423E-01    3.71096888E+03
   1.77647957E-01    3.34438602E+03
   1.82126626E-01    3.00894946E+03
   1.86718206E-01    2.70275399E+03
   1.91425544E-01    2.42393076E+03
   1.96251559E-01    2.17065615E+03
   2.01199241E-01    1.94115923E+03
   2.06271660E-01    1.73372311E+03
   2.11471958E-01    1.54669078E+03
   2.16803361E-01    1.37847953E+03
   2.22269174E-01    1.22756307E+03
   2.27872785E-01    1.09249606E+03
   2.33617667E-01    9.71904167E+02
   2.39507384E-01    8.64486915E+02
   2.45545586E-01    7.69023790E+02
   2.51736017E-01    6.84366575E+02
   2.58082514E-01    6.09446631E+02
   2.64589012E-01    5.43267432E+02
   2.71259545E-01    4.84909088E+02
   2.78098248E-01    4.33523872E+02
   2.85109361E-01    3.88329741E+02
   2.92297231E-01    3.48615549E+02
   2.99666313E-01    3.13733671E+02
   3.07221177E-01    2.83097348E+02
   3.14966506E-01    2.56177741E+02
   3.22907102E-01    2.32500500E+02
   3.31047888E-01    2.11642378E+02
   3.39393910E-01    1.93227521E+02
   3.47950344E-01    1.76923666E+02
   3.56722493E-01    1.62439244E+02
   3.65715795E-01    1.49519006E+02
   3.74935828E-01    1.37941502E+02
   3.84388306E-01    1.27515413E+02
   3.94079089E-01    1.18076428E+02
   4.04014186E-01    1.09484426E+02
   4.14199756E-01    1.01620707E+02
   4.24642114E-01    9.43852705E+01
   4.35347733E-01    8.76945565E+01
   4.46323251E-01    8.14791790E+01
   4.57575471E-01    7.56819595E+01
   4.69111370E-01    7.02560455E+01
   4.80938100E-01    6.51633313E+01
   4.93062993E-01    6.03729873E+01
   5.05493566E-01    5.58601729E+01
   5.18237525E-01    5.16049202E+01
   5.31302770E-01    4.75911392E+01
   5.44697403E-01    4.38058089E+01
   5.58429726E-01    4.02382491E+01
   5.72508255E-01    3.68795295E+01
   5.86941715E-01    3.37219805E+01
   6.01739057E-01    3.07587903E+01
   6.16909453E-01    2.79836836E+01
   6.32462309E-01    2.53906752E+01
   6.48407267E-01    2.29738826E+01
   6.64754212E-01    2.07273938E+01
   6.81513278E-01    1.86451479E+01
   6.98694856E-01    1.67209342E+01
   7.16309598E-01    1.49483088E+01
   7.34368423E-01    1.33206253E+01
   7.52882528E-01    1.18310366E+01
   7.71863390E-01    1.04725296E+01
   7.91322778E-01    9.23796238E+00
   8.11272754E-01    8.12011053E+00
   8.31725688E-01    7.11171514E+00
   8.52694259E-01    6.20553470E+00
   8.74191468E-01    5.39439445E+00
   8.96230640E-01    4.67123498E+00
   9.18825441E-01    4.02915757E+00
   9.41989877E-01    3.46146394E+00
   9.65738310E-01    2.96169406E+00
   9.90085463E-01    2.52365684E+00
   1.01504643E+00    2.14145660E+00
   1.04063669E+00    1.80951405E+00
   1.06687210E+00    1.52258214E+00
   1.09376893E+00    1.27575691E+00
   1.12134385E+00    1.06448353E+00
   1.14961396E+00    8.84557808E-01
   1.17859679E+00    7.32123601E-01
   1.20831030E+00    6.03666343E-01
   1.23877292E+00    4.96003242E-01
   1.27000352E+00    4.06270355E-01
   1.30202148E+00    3.31907331E-01
   1.33484664E+00    2.70639997E-01
   1.36849936E+00    2.20461460E-01
   1.40300049E+00    1.79612216E-01
   1.43837142E+00    1.46559780E-01
   1.47463409E+00    1.19978160E-01
   1.51181098E+00    9.87277532E-02
   1.54992513E+00    8.18358190E-02
   1.58900017E+00    6.84779793E-02
   1.62906033E+00    5.79606534E-02
   1.67013044E+00    4.97048550E-02
   1.71223597E+00    4.32312359E-02
   1.75540301E+00    3.81464213E-02
   1.79965834E+00    3.41307165E-02
   1.84502939E+00    3.09270255E-02
   1.89154428E+00    2.83310620E-02
   1.93923185E+00    2.61826465E-02
   1.98812168E+00    2.43581328E-02
   2.03824406E+00    2.27638098E-02
   2.08963007E+00    2.13302126E-02
   2.14231157E+00    2.00072613E-02
   2.19632122E+00    1.87601543E-02
   2.25169250E+00    1.75659088E-02
   2.30845974E+00    1.64105023E-02
   2.36665814E+00    1.52865156E-02
   2.42632377E+00    1.41912363E-02
   2.48749363E+00    1.31251371E-02
   2.55020564E+00    1.20906890E-02
   2.61449867E+00    1.10914478E-02
   2.68041260E+00    1.01313735E-02
   2.74798827E+00    9.21433928E-03
   2.81726759E+00    8.34379484E-03
   2.88829350E+00    7.52255232E-03
   2.96111004E+00    6.75266972E-03
   3.03576235E+00    6.03540603E-03
   3.11229672E+00    5.37123189E-03
   3.19076059E+00    4.75987840E-03
   3.27120260E+00    4.20041152E-03
   3.35367264E+00    3.69132211E-03
   3.43822182E+00    3.23062297E-03
   3.52490256E+00    2.81594752E-03
   3.61376860E+00    2.44464486E-03
   3.70487504E+00    2.11386830E-03
   3.79827835E+00    1.82065581E-03
   3.89403645E+00    1.56200010E-03
   3.99220870E+00    1.33490872E-03
   4.09285596E+00    1.13645392E-03
   4.19604063E+00    9.63812520E-04
   4.30182668E+00    8.14296686E-04
   4.41027970E+00    6.85376282E-04
   4.52146691E+00    5.74693979E-04
   4.63545726E+00    4.80073782E-04
   4.75232141E+00    3.99524435E-04
   4.87213182E+00    3.31238211E-04
   4.99496275E+00    2.73586263E-04
   5.12089037E+00    2.25111178E-04
   5.24999273E+00    1.84517676E-04
   5.38234989E+00    1.50661773E-04
   5.51804389E+00    1.22539228E-04
   5.65715886E+00    9.92735546E-05
   5.79978105E+00    8.01040249E-05
   5.94599888E+00    6.43739005E-05
   6.09590299E+00    5.15191759E-05
   6.24958632E+00    4.10579080E-05
   6.40714416E+00    3.25803180E-05
   6.56867416E+00    2.57396588E-05
   6.73427650E+00    2.02438954E-05
   6.90405381E+00    1.58482378E-05
   7.07811137E+00    1.23484382E-05
   7.25655709E+00    9.57487520E-06
   7.43950158E+00    7.38732527E-06
   7.62705827E+00    5.67041705E-06
   7.81934344E+00    4.32966952E-06
   8.01647630E+00    3.28808354E-06
   8.21857905E+00    2.48321148E-06
   8.42577700E+00    1.86466253E-06
   8.63819861E+00    1.39198300E-06
   8.85597556E+00    1.03286827E-06
   9.07924287E+00    7.61662113E-07
   9.30813895E+00    5.58102857E-07
   9.54280571E+00    4.06282331E-07
   9.78338864E+00    2.93784950E-07
   1.00300369E+01    2.10981799E-07
   1.02829034E+01    1.50452358E-07
   1.05421448E+01    1.06516180E-07
   1.08079220E+01    7.48544693E-08
   1.10803997E+01    5.22069534E-08
   1.13597468E+01    3.61300155E-08
   1.16461365E+01    2.48060495E-08
   1.19397463E+01    1.68933447E-08
   1.22407583E+01    1.14093251E-08
   1.25493591E+01    7.64023454E-09
   1.28657400E+01    5.07189993E-09
   1.31900972E+01    3.33705714E-09
   1.35226317E+01    2.17569049E-09
   1.38635497E+01    1.40533337E-09
   1.42130626E+01    8.99117579E-10
   1.45713870E+01    5.69655786E-10
   1.49387451E+01    3.57328614E-10
   1.53153646E+01    2.21861072E-10
   1.57014791E+01    1.36316236E-10
   1.60973278E+01    8.28627128E-11
   1.65031563E+01    4.98202079E-11
   1.69192161E+01    2.96190738E-11
   1.73457651E+01    1.74076252E-11
   1.77830678E+01    1.01108683E-11
   1.82313954E+01    5.80221004E-12
   1.86910257E+01    3.28871567E-12
   1.91622436E+01    1.84058277E-12
   1.96453415E+01    1.01682798E-12
   2.01406186E+01    5.54320511E-13
   2.06483822E+01    2.98113400E-13
   2.11689469E+01    1.58063513E-13
   2.17026356E+01    8.25923745E-14
   2.22497791E+01    4.25306535E-14
   2.28107165E+01    2.15737188E-14
   2.33857957E+01    1.07757443E-14
   2.39753732E+01    5.29775115E-15
   2.45798144E+01    2.56262042E-15
   2.51994942E+01    1.21910331E-15
   2.58347967E+01    5.70129142E-16
   2.64861157E+01    2.61994526E-16
   2.71538551E+01    1.18249783E-16
   2.78384288E+01    5.23959307E-17
   2.85402613E+01    2.27812029E-17
   2.92597876E+01    9.71472204E-18
   2.99974538E+01    4.06105184E-18
   3.07537172E+01    1.66334115E-18
   3.15290468E+01    6.67162043E-19
   3.23239231E+01    2.61912910E-19
   3.31388390E+01    1.00581513E-19
   3.39742997E+01    3.77631786E-20
   3.48308231E+01    1.38536880E-20
   3.57089403E+01    4.96301799E-21
   3.66091956E+01    1.73519157E-21
   3.75321471E+01    5.91696421E-22
   3.84783671E+01    1.96666200E-22
   3.94484422E+01    6.36722810E-23
   4.04429738E+01    2.00667624E-23
   4.14625785E+01    6.15185546E-24
   4.25078883E+01    1.83328335E-24
   4.35795513E+01    5.30700648E-25
   4.46782320E+01    1.49118657E-25
   4.58046114E+01    4.06396800E-26
   4.69593879E+01    1.07344644E-26
   4.81432773E+01    2.74552217E-27
   4.93570137E+01    6.79538909E-28
   5.06013496E+01    1.62607416E-28
   5.18770562E+01    3.75858695E-29
   5.31849246E+01    1.80471606E-32
   5.45257656E+01    0.00000000E+00
   5.59004104E+01    0.00000000E+00
   5.73097113E+01    0.00000000E+00
   5.87545419E+01    0.00000000E+00
   6.02357981E+01    0.00000000E+00
   6.17543981E+01    0.00000000E+00
   6.33112834E+01    0.00000000E+00
   6.49074192E+01    0.00000000E+00
   6.65437950E+01    0.00000000E+00
   6.82214255E+01    0.00000000E+00
   6.99413505E+01    0.00000000E+00
   7.17046364E+01    0.00000000E+00
   7.35123764E+01    0.00000000E+00
   7.53656911E+01    0.00000000E+00
   7.72657297E+01    0.00000000E+00
   7.92136699E+01    0.00000000E+00
   8.12107196E+01    0.00000000E+00
   8.32581167E+01    0.00000000E+00
   8.53571305E+01    0.00000000E+00
   8.75090625E+01    0.00000000E+00
   8.97152466E+01    0.00000000E+00
   9.19770507E+01    0.00000000E+00
   9.42958769E+01    0.00000000E+00
   9.66731629E+01    0.00000000E+00
   9.91103824E+01    0.00000000E+00
   1.01609046E+02    0.00000000E+00
   1.04170704E+02    0.00000000E+00
   1.06796944E+02    0.00000000E+00
   1.09489393E+02    0.00000000E+00
   1.12249722E+02    0.00000000E+00
